data/gfw/fishing_hours_2019_20.asc
NCOLS	140
NROWS	60
XLLCORNER	3
YLLCORNER	53
CELLSIZE	0.05
NODATA_VALUE	-9999.0
32	26	29	19	40	48	40	31	29	14	58	24	31	47	13	26	24	20	23	62	67	35	30	110	89	9	21	18	28	9	119	1000	1252	1858	259	0	238	1885	410	216	428	811	1398	912	396	12	1	5	0	0	0	0	0	0	0	3	0	0	0	0	0	0	0	0	0	0	0	0	0	0	0	0	0	0	0	0	0	0	0	0	0	0	0	0	0	0	0	0	0	0	0	0	0	0	0	0	0	0	0	0	0	0	0	0	0	0	0	0	0	0	0	0	0	0	0	0	0	0	0	0	0	0	0	0	0	0	0	0	0	0	0	0	0	0	0	0	0	0	0	0
36	44	15	26	51	46	50	38	48	47	29	56	31	20	43	15	36	37	33	60	39	33	77	52	20	3	22	15	13	17	92	580	700	1681	1143	0	0	75	577	627	366	80	78	167	450	544	480	101	2	0	0	0	0	0	0	0	0	0	0	0	0	0	0	0	0	0	0	0	0	0	0	0	0	0	0	0	0	0	0	0	0	0	0	0	0	0	0	0	0	0	0	0	0	0	0	0	0	0	0	0	0	0	0	0	0	0	0	0	0	0	0	0	0	0	0	0	0	0	0	0	0	0	0	0	0	0	0	0	0	0	0	0	0	0	0	0	0	0	0	0
41	48	64	76	33	46	88	37	26	37	61	36	29	46	46	16	36	57	39	65	10	32	32	94	70	3	0	4	12	3	12	215	719	519	1212	883	2	0	3	3	1	0	7	35	2	260	210	285	0	0	0	0	0	0	0	0	0	0	0	0	0	0	0	0	0	0	0	0	0	0	0	0	0	0	0	0	0	0	0	0	0	0	0	0	0	0	0	0	0	0	0	0	0	0	0	0	0	0	0	0	0	0	0	0	0	0	0	0	0	0	0	0	0	0	0	0	0	0	0	0	0	0	0	0	0	0	0	0	0	0	0	0	0	0	0	0	0	0	0	0
83	39	20	19	33	50	67	37	32	42	29	41	24	35	18	32	30	64	21	9	37	8	71	45	57	3	1	0	0	0	1	9	120	258	303	2238	457	32	57	36	8	0	29	140	16	35	350	373	868	0	0	0	0	0	0	3	0	0	0	0	0	0	0	0	0	0	0	0	0	0	0	0	0	0	0	0	0	0	0	0	0	0	0	0	0	0	0	0	0	0	0	0	0	0	0	0	0	0	0	0	0	0	0	0	0	0	0	0	0	0	0	0	0	0	0	0	0	0	0	0	0	0	0	0	0	0	0	0	0	0	0	0	0	0	0	0	0	0	0	0
84	12	12	35	2	25	29	1	1	17	32	16	65	11	13	37	70	20	54	29	12	1	20	29	2	1	2	1	3	1	0	0	9	116	267	795	1077	605	20	18	0	0	621	1908	844	683	385	214	401	258	0	0	0	0	0	1	1	0	0	0	0	0	0	0	0	0	0	0	0	0	1	1	0	0	0	0	0	0	0	0	0	0	0	0	0	0	0	0	0	0	0	0	0	0	0	0	0	0	0	0	0	0	0	0	0	0	0	0	0	0	0	0	0	0	0	0	0	0	0	0	0	0	0	0	0	0	0	0	0	0	0	0	0	0	0	0	0	0	0	0
51	5	65	50	4	14	9	2	1	22	24	15	17	11	43	20	68	28	37	35	8	4	1	11	13	2	12	0	2	0	0	0	0	21	233	549	564	743	2028	967	32	114	24	3978	1621	656	101	71	127	356	37	0	0	0	0	0	1	1	0	0	0	0	0	0	0	0	0	0	0	0	1	0	0	0	0	0	0	0	0	0	0	0	0	0	0	0	0	0	0	0	0	0	0	0	0	0	0	0	0	0	0	0	0	0	0	0	0	0	0	0	0	0	0	0	0	0	0	0	0	0	0	0	0	0	0	0	0	0	0	0	0	0	0	0	0	0	0	0	0	0
21	7	67	48	35	3	22	15	2	15	46	19	64	3	4	17	20	33	60	21	16	3	6	38	11	5	28	17	1	0	0	0	1	1	2	34	298	1113	1935	838	46	120	522	947	456	1950	1266	1102	869	364	247	91	77	0	0	0	0	0	1	2	2	1	1	0	2	1	0	0	0	1	0	0	0	0	0	0	0	0	104	37	7	8	0	1	0	0	0	0	0	0	0	0	0	0	0	0	0	0	0	0	0	0	0	0	0	0	0	0	0	0	0	0	0	0	0	0	0	0	0	0	0	0	0	0	0	0	0	0	0	0	0	0	0	0	0	0	0	0	0	0
25	25	49	24	22	23	32	18	28	8	14	17	20	11	26	15	25	40	17	21	19	19	5	4	6	1	0	0	0	3	0	0	0	0	1	1	127	413	892	1986	2279	1709	1346	477	620	39	39	21	11	9	73	248	533	1145	662	595	174	27	0	0	0	0	0	1	1	0	0	0	0	0	0	0	0	0	0	0	0	80	90	122	0	0	0	1	3	0	0	0	0	0	0	0	0	0	0	0	0	0	0	0	0	0	0	0	0	0	0	0	0	0	0	0	0	0	0	0	0	0	0	0	0	0	0	0	0	0	0	0	0	0	0	0	0	0	0	0	0	0	0	0
52	56	34	10	10	17	21	33	11	11	25	27	4	33	36	21	35	54	45	35	20	34	8	7	23	1	1	1	1	0	0	0	0	0	0	0	14	81	206	123	304	747	1191	2014	1887	1474	992	761	484	208	114	191	1041	909	1253	637	451	127	374	428	285	1265	1072	758	383	549	260	59	57	6	207	0	0	0	0	0	30	79	152	35	0	0	0	0	0	0	0	0	0	0	0	0	0	0	0	0	0	0	0	0	0	0	0	0	0	0	0	0	0	8	0	0	0	0	0	0	0	0	0	0	0	0	0	0	0	0	0	0	0	0	0	0	0	0	0	0	0	0	0	0
67	40	28	44	22	30	43	26	15	51	29	22	18	25	33	9	14	20	14	36	38	30	18	9	1	0	1	0	0	2	0	0	1	0	0	0	0	1	0	0	13	28	24	53	160	222	742	1360	1887	2266	1871	777	876	904	1504	1678	1379	1205	1176	992	854	2658	1301	260	363	142	184	210	972	915	226	154	40	49	318	1007	466	195	113	20	0	0	0	0	0	0	0	0	0	0	0	0	0	0	0	0	0	0	0	0	0	0	0	0	1	0	0	0	0	2	0	0	0	0	0	0	0	0	0	0	0	0	0	0	0	0	0	0	0	0	0	0	0	0	0	0	0	0	0	0
5	39	34	26	37	91	45	13	14	16	12	18	5	8	10	11	5	4	11	18	15	20	51	41	24	10	5	1	2	10	10	36	12	14	6	2	0	2	3	5	1	1	0	0	2	19	45	88	70	226	642	931	791	607	443	446	577	634	786	1426	1274	1283	1389	1554	1574	1274	1194	726	574	412	8	45	116	646	1509	738	80	111	7	11	51	0	0	0	0	0	0	0	0	0	0	0	0	0	0	0	0	0	0	0	0	0	13	1	0	0	0	0	0	0	0	19	0	0	0	0	0	0	0	0	0	0	0	0	0	0	0	0	0	0	0	0	0	0	0	0	546	0	0	0
40	32	27	28	27	7	6	6	8	21	4	0	4	2	6	2	37	5	2	2	7	5	10	4	8	5	12	15	9	27	14	12	13	62	35	4	3	14	3	4	1	2	0	0	0	0	1	58	121	27	7	18	6	31	59	40	40	60	84	115	232	218	189	258	543	951	1266	997	683	799	815	857	1085	665	323	43	34	21	94	54	19	0	0	0	0	0	0	0	0	0	0	0	0	0	0	0	0	0	0	0	0	0	0	4	0	0	0	8	0	16	22	0	0	0	0	0	0	0	0	0	0	0	0	0	0	0	0	0	0	0	0	0	0	0	50	33	75	0	0	0
37	6	2	5	8	3	9	9	11	4	3	3	0	4	5	26	55	14	8	30	17	13	12	7	37	6	0	0	1	6	8	16	24	34	67	24	14	14	18	14	5	6	2	0	0	0	0	0	0	0	0	0	0	0	0	0	2	23	132	142	67	25	22	14	51	237	706	1099	1709	1628	783	919	73	31	19	20	63	81	154	4	0	0	9	57	0	0	0	0	0	0	0	0	0	0	0	0	0	0	0	0	0	0	20	0	0	0	10	41	1	99	0	0	0	0	0	0	0	0	0	0	0	0	0	0	0	0	0	0	0	0	0	0	0	0	0	0	0	0	0	0
21	27	5	3	6	13	7	5	2	3	6	4	10	6	25	31	26	13	27	9	15	4	5	10	27	10	42	21	5	2	10	1	0	0	0	11	8	13	28	23	11	2	2	2	1	0	0	6	0	0	0	0	0	0	0	0	1	0	7	134	86	11	35	13	22	57	69	111	354	716	1256	1163	634	392	309	525	449	403	367	451	329	36	41	107	122	143	16	4	0	115	12	2	0	0	5	0	0	0	0	0	0	1	0	0	0	0	35	29	22	2	0	0	0	0	0	0	0	0	0	0	0	0	0	0	0	0	0	0	0	0	0	0	0	0	0	0	0	0	0	0
43	24	3	7	3	4	6	4	26	3	6	3	2	14	20	18	7	18	5	18	9	9	5	9	11	10	53	56	44	29	42	18	5	12	1	3	2	0	2	2	2	2	1	0	0	1	2	1	0	20	0	0	0	0	0	0	0	1	7	6	5	2	0	0	0	44	88	187	46	24	75	122	237	192	252	315	342	302	680	763	937	997	496	337	409	649	594	269	259	405	362	61	40	302	179	40	1	0	0	0	1	0	0	41	124	232	240	123	21	44	147	0	0	0	0	0	0	0	0	0	0	0	0	0	0	0	0	0	0	9	0	0	0	0	0	0	0	0	0	0
29	45	20	5	15	13	15	11	0	8	6	1	1	5	10	10	6	15	13	3	12	16	22	6	36	49	13	51	41	42	60	34	77	19	28	36	25	6	0	2	1	0	1	0	0	1	1	0	2	1	0	0	0	6	0	0	0	0	0	0	0	0	0	0	0	0	0	96	23	13	125	54	12	12	41	32	81	37	96	261	101	105	197	300	461	542	838	1038	971	789	842	874	551	118	55	19	1	0	0	0	0	0	80	231	202	240	42	132	192	146	6	0	0	0	0	0	0	0	0	0	0	0	0	0	0	0	0	0	0	0	0	0	0	0	0	0	0	0	0	0
12	43	56	35	76	6	1	1	5	10	21	11	7	5	0	2	14	1	14	3	2	0	7	23	7	21	11	15	35	14	8	55	41	35	52	26	32	7	9	4	0	0	3	1	1	1	9	1	0	1	1	1	1	0	1	0	0	0	0	0	0	0	0	0	0	0	0	0	0	0	0	2	13	9	9	2	12	6	3	5	10	20	11	14	33	85	136	170	220	141	155	268	675	398	261	135	22	8	3	1	0	49	491	131	289	561	466	292	28	38	16	0	0	0	0	20	38	33	2	0	0	0	0	0	0	0	0	3	0	0	0	0	0	0	0	0	0	0	0	0
21	74	85	70	14	7	6	8	1	16	25	20	27	2	25	5	4	31	1	0	0	0	1	5	2	1	17	14	9	16	27	55	49	38	33	67	33	18	30	26	35	13	18	3	14	29	1	17	0	15	11	10	0	0	0	2	1	0	0	0	0	0	0	0	0	0	0	0	0	0	1	0	0	0	0	0	0	3	0	6	1	0	1	8	7	5	8	11	22	33	36	48	61	79	79	69	37	40	42	30	29	170	177	169	130	128	225	48	63	0	1	0	0	2	98	47	15	32	6	1	0	0	0	3	1	0	0	0	0	0	0	0	0	0	0	0	0	0	0	0
125	26	8	10	10	2	2	0	3	4	9	6	4	3	5	0	0	1	2	1	2	2	0	1	1	2	29	2	14	15	11	14	27	37	47	82	55	29	21	55	58	39	30	15	15	23	17	26	3	12	24	7	4	9	0	0	0	0	0	0	0	0	1	1	0	0	0	1	2	0	0	0	0	0	0	0	0	0	0	1	0	0	1	5	7	1	4	3	2	3	2	3	0	0	2	30	65	67	112	181	159	126	92	110	279	389	35	4	0	0	0	70	46	372	54	23	44	0	0	0	0	0	0	0	0	0	0	0	0	0	0	0	0	0	0	0	0	0	0	0
13	1	1	1	0	23	6	1	0	1	5	5	2	10	0	7	2	15	9	0	0	0	0	1	2	1	19	13	9	9	5	31	32	16	130	28	84	34	44	27	29	23	50	60	14	22	25	25	20	25	37	39	32	4	0	0	0	0	0	0	0	0	0	1	0	0	0	6	0	0	0	0	0	0	0	1	0	0	0	3	0	0	0	0	0	1	0	0	1	0	5	3	5	13	17	25	18	8	4	8	2	10	84	84	259	82	159	698	751	1171	1522	1455	1319	341	41	0	0	0	0	0	0	0	0	0	0	0	0	0	0	0	0	0	0	0	0	0	0	0	0	0
1	1	1	0	0	0	2	1	11	0	6	0	20	5	21	3	11	3	11	1	5	13	2	1	1	2	7	1	14	3	7	11	41	37	26	35	33	31	31	27	38	35	38	52	49	29	38	10	18	20	39	48	33	50	10	5	0	0	0	0	0	2	16	10	8	10	24	19	0	0	0	0	0	7	42	21	0	9	2	0	0	2	16	0	4	1	7	11	13	17	16	21	27	91	77	67	41	26	16	18	6	6	4	49	512	1450	1146	547	445	428	672	789	464	201	49	5	0	0	0	0	0	0	0	0	0	0	0	0	0	0	0	0	0	0	0	0	0	0	0	0
0	0	0	0	0	0	0	0	0	0	2	7	0	1	18	1	4	2	0	1	3	2	4	13	2	5	0	3	2	9	9	6	0	13	14	13	21	27	15	28	32	19	87	33	41	14	49	9	26	34	32	55	107	39	19	5	2	1	1	0	1	14	24	25	8	27	25	3	0	1	0	1	3	8	26	24	4	3	5	0	0	17	4	10	0	0	6	1	3	12	29	105	82	128	70	37	23	20	15	25	11	8	4	7	46	179	437	377	339	551	535	456	334	120	10	3	5	232	42	0	0	0	0	0	0	0	0	0	0	0	0	0	0	0	0	0	0	0	0	0
0	0	0	0	0	0	0	0	0	0	0	0	2	0	3	9	14	24	20	20	4	14	1	1	5	9	12	16	11	6	4	9	9	6	38	8	22	23	37	45	37	15	39	44	27	25	65	33	72	68	85	131	88	53	20	12	20	4	1	6	1	3	3	7	6	1	1	2	1	1	1	3	0	0	0	0	0	1	10	9	19	2	1	0	3	1	19	2	7	21	50	86	96	127	48	20	21	8	17	29	12	2	2	1	1	6	99	248	181	177	157	154	259	881	484	392	226	217	8	0	0	0	0	0	0	0	0	0	0	0	0	0	0	0	0	0	0	0	0	0
0	1	0	0	0	0	0	0	0	0	0	0	0	0	3	35	22	10	17	10	16	2	1	3	2	6	4	32	53	50	39	43	23	30	25	42	44	29	59	32	22	24	21	26	2	31	50	69	170	205	184	108	104	55	56	33	33	29	37	27	16	29	38	32	18	8	8	9	4	2	1	4	3	0	2	0	0	0	0	0	0	0	3	1	0	0	6	13	7	15	32	56	67	138	47	10	0	2	28	2	8	5	0	1	4	7	17	11	125	280	535	384	175	31	11	0	0	0	0	0	0	0	0	0	0	0	0	0	0	0	0	0	0	0	0	0	0	0	0	0
0	0	0	0	0	0	0	0	0	0	0	0	0	0	0	18	30	29	22	20	11	0	3	12	1	10	6	8	25	28	14	20	12	40	21	23	39	14	34	24	39	10	21	14	11	43	56	127	222	303	263	233	224	138	95	119	115	116	127	139	150	206	173	144	101	71	40	44	33	31	14	5	1	1	10	9	1	7	0	1	1	1	2	3	2	2	25	12	14	13	31	53	30	36	29	53	6	5	14	1	1	4	37	43	60	37	29	41	141	159	320	131	68	2	4	0	0	0	0	0	0	0	0	0	0	0	0	0	0	0	0	0	0	0	0	0	0	0	0	0
0	1	0	0	0	0	0	2	0	1	0	0	0	0	0	2	20	13	17	5	26	13	10	1	7	3	9	28	13	7	23	17	29	19	29	37	19	33	50	31	28	26	12	67	26	66	83	124	202	181	254	252	263	210	158	76	43	54	100	135	156	218	176	161	128	100	62	71	52	40	25	15	7	6	14	1	3	2	14	16	14	3	5	4	4	15	2	11	4	11	6	12	13	9	43	40	30	27	19	54	48	60	74	62	47	94	81	90	184	126	139	21	0	0	0	0	0	0	0	0	0	0	0	0	0	0	0	0	0	0	0	0	0	0	0	0	0	0	0	0
0	7	0	0	0	0	0	0	2	0	0	0	0	0	0	4	1	2	3	5	2	7	4	0	1	3	7	33	2	11	4	7	4	27	4	4	44	16	21	16	41	70	64	58	149	143	159	123	174	201	180	289	277	248	152	46	12	24	8	0	43	123	145	130	111	101	73	94	102	51	26	18	43	8	23	4	5	22	5	8	5	2	5	6	12	10	9	18	1	0	0	6	1	6	5	30	54	9	2	17	58	24	43	73	142	97	81	70	41	112	222	134	0	0	0	0	0	0	0	0	0	0	0	0	0	0	0	0	0	0	0	0	0	0	0	0	0	0	0	0
0	1	0	2	0	0	0	0	0	2	0	1	0	1	0	0	4	1	2	0	26	4	2	3	0	3	3	20	9	4	0	20	4	10	2	29	30	12	21	27	79	42	67	46	90	105	88	82	119	140	171	175	194	174	163	160	146	125	61	1	59	133	121	111	103	95	91	29	109	120	32	23	17	3	1	1	0	1	0	0	4	10	2	3	3	6	0	0	0	0	0	0	0	0	4	27	123	110	85	33	49	69	60	101	58	101	31	55	32	2	98	118	19	0	0	0	0	0	0	0	0	0	0	0	0	0	0	0	0	0	0	0	0	0	0	0	0	0	0	0
4	2	3	0	1	2	0	1	1	1	1	1	2	0	0	0	0	0	0	2	10	27	14	17	0	1	5	4	19	3	9	10	16	4	16	4	21	24	32	43	36	16	9	13	20	55	101	81	98	130	103	130	133	118	153	123	126	152	166	168	164	191	172	149	110	72	5	7	136	152	44	14	8	1	6	2	0	9	4	2	1	0	0	1	1	0	0	1	0	0	0	1	0	9	2	14	42	112	50	28	41	53	59	37	87	100	41	30	18	12	5	10	33	19	35	9	3	8	0	0	0	0	0	0	0	0	0	0	0	0	0	0	0	0	0	0	0	0	0	0
1	2	2	0	1	2	0	0	0	0	1	0	0	0	11	0	3	2	8	25	0	15	2	8	5	6	4	7	9	8	13	7	3	5	2	4	17	31	28	29	55	23	8	14	7	14	53	83	54	63	120	95	117	118	111	96	132	110	131	182	210	226	196	137	22	0	1	1	116	169	52	12	6	8	13	13	4	1	1	0	1	0	1	0	0	0	0	0	0	0	0	0	4	9	16	33	47	40	47	35	33	48	15	33	143	13	7	39	7	0	0	3	9	17	1	0	0	0	3	4	1	0	0	0	0	0	0	0	0	0	0	0	0	0	0	0	0	0	1	0
1	0	0	3	0	0	0	0	0	0	0	1	0	6	0	0	9	0	8	18	8	12	38	6	6	1	12	4	7	15	18	30	1	5	3	3	2	4	14	32	49	23	12	19	27	43	85	79	32	28	52	55	117	112	114	108	45	95	136	167	200	174	129	176	126	83	43	16	99	101	42	6	16	9	5	10	4	1	0	2	0	1	0	0	1	3	8	13	51	31	27	10	2	5	9	10	32	60	69	84	69	52	20	76	64	15	29	122	17	0	0	0	0	3	2	0	0	0	0	0	0	0	0	0	0	0	0	0	0	0	0	0	0	0	0	0	0	0	0	1
0	0	3	2	0	1	0	0	1	0	1	2	4	0	3	0	3	0	5	0	1	16	12	6	12	3	10	4	9	4	13	10	14	3	2	13	8	14	15	19	15	4	9	7	3	2	22	20	18	17	58	94	128	99	123	52	37	72	46	118	151	188	88	55	112	141	142	163	150	127	36	15	20	4	2	5	9	4	7	5	1	8	21	20	8	17	7	24	20	41	13	5	18	15	5	46	137	64	126	33	40	47	23	128	43	16	26	45	39	14	0	2	21	0	1	0	0	0	0	0	0	0	0	0	0	0	0	0	0	0	0	0	0	0	0	0	0	0	0	0
1	4	1	2	1	1	0	0	0	0	0	13	2	4	27	18	4	14	2	0	9	12	9	6	14	15	11	9	2	4	6	5	9	2	3	11	13	1	10	22	3	21	19	10	5	14	9	27	33	31	62	83	91	79	67	62	59	82	118	113	123	181	39	29	20	58	22	47	32	61	7	7	8	4	12	3	9	4	0	3	0	0	0	0	8	47	25	25	19	10	1	1	0	13	10	33	60	48	116	95	34	39	61	175	4	1	1	2	17	4	0	0	0	0	0	0	0	0	0	0	0	0	0	0	0	0	0	0	0	0	0	0	0	0	0	0	0	0	0	0
16	2	1	1	1	1	2	0	0	0	0	15	1	4	15	4	1	0	3	20	20	7	9	5	3	3	5	6	11	14	3	0	14	7	2	2	5	0	5	15	10	11	25	15	4	21	6	7	10	28	20	37	57	15	16	41	48	67	46	63	102	128	73	40	25	12	83	79	32	22	16	7	4	21	17	5	1	2	0	0	0	0	0	0	1	19	14	30	9	4	0	0	1	37	92	36	18	16	146	84	86	51	142	81	1	0	0	0	0	2	2	4	0	0	5	3	0	0	0	0	0	0	0	0	0	0	0	0	0	0	0	0	0	0	0	0	0	0	2	12
2	5	1	3	2	0	4	1	0	2	4	1	4	4	3	7	11	6	34	14	3	5	11	18	8	4	9	9	0	4	1	7	1	18	16	2	2	2	6	9	54	10	30	5	13	3	28	9	8	3	29	11	4	15	20	16	22	25	82	55	84	70	41	21	14	13	11	14	3	16	8	7	6	2	6	2	4	0	0	0	0	0	0	11	24	28	3	13	5	0	0	0	4	28	70	112	32	25	59	50	25	72	92	102	4	0	0	0	0	0	0	0	0	0	0	0	0	0	0	0	0	0	0	0	0	0	0	0	0	0	0	0	0	0	0	0	0	0	0	1
11	3	2	0	1	16	2	3	2	1	10	2	14	9	6	11	5	3	8	38	7	16	24	33	23	26	21	9	2	12	7	14	6	9	1	4	8	5	5	7	19	9	4	15	9	4	1	14	15	7	8	4	8	8	6	18	11	30	20	51	23	25	50	25	25	12	8	54	26	18	15	5	1	7	6	1	0	0	0	0	0	1	11	2	4	2	1	1	0	0	0	0	1	5	15	41	39	50	119	27	37	86	27	30	31	2	0	0	0	0	0	0	0	0	0	0	0	0	0	0	0	0	0	0	0	0	0	0	1	0	0	0	0	0	0	0	0	0	0	10
19	11	15	0	1	0	1	0	3	2	1	3	2	1	3	20	25	4	12	9	11	16	27	29	31	31	8	41	1	4	2	8	5	7	2	1	7	3	8	8	5	3	14	10	5	7	6	7	2	0	1	3	6	11	18	17	9	5	7	21	26	25	10	9	14	7	40	16	13	31	22	11	9	3	4	0	0	0	2	0	14	9	2	4	1	1	0	0	0	0	0	0	3	0	6	2	23	63	82	45	18	120	46	49	44	19	0	0	0	0	0	0	0	0	0	0	0	0	0	0	0	0	0	0	0	0	0	0	0	2	1	0	0	0	0	2	4	7	15	27
28	18	15	6	2	8	2	0	1	1	1	0	1	2	3	1	12	6	11	2	3	4	5	19	59	23	23	13	9	11	11	0	4	1	0	1	2	6	5	4	6	8	3	9	22	4	3	2	4	2	1	3	5	44	42	11	8	7	11	0	1	4	13	9	25	22	19	22	16	16	10	3	6	2	0	0	0	0	0	0	8	6	3	0	0	0	0	0	0	0	0	0	0	0	0	4	27	31	52	144	129	94	37	28	4	0	0	0	0	0	0	0	0	0	0	0	0	0	0	0	0	0	0	0	0	0	0	0	0	0	2	1	2	0	0	4	3	1	0	0
7	17	11	7	7	3	2	2	4	16	2	2	1	2	3	3	2	5	4	0	0	24	33	25	11	14	8	17	8	24	5	1	1	7	0	9	3	26	4	7	7	3	2	13	4	3	1	5	3	2	3	2	4	4	4	4	12	3	4	0	1	2	16	12	29	15	41	39	36	18	16	13	0	0	0	0	0	0	0	0	3	3	12	4	2	0	0	0	0	0	0	0	0	11	1	39	49	143	63	90	123	27	40	6	1	0	0	0	0	0	0	0	0	0	0	0	0	0	0	0	0	0	0	0	0	0	0	0	0	0	0	0	0	0	0	3	1	0	3	0
0	5	0	6	9	27	3	5	5	21	4	4	6	2	2	2	0	5	2	0	0	0	0	4	20	10	12	14	3	8	23	0	2	1	3	0	8	1	0	25	13	7	7	4	1	2	0	3	1	2	0	3	8	3	2	2	5	1	2	3	2	11	29	16	50	43	30	36	52	48	28	4	0	2	0	0	0	0	0	2	19	2	2	1	0	0	0	0	0	0	0	0	7	0	1	3	35	43	5	17	48	21	9	29	50	8	61	0	0	0	0	0	0	0	0	0	0	0	0	0	0	0	0	0	0	0	0	0	0	0	0	0	0	3	3	3	2	0	0	0
7	4	6	4	11	25	8	7	4	4	5	2	3	3	2	4	3	0	1	2	2	0	1	1	2	9	6	1	5	5	3	6	3	3	2	2	4	13	7	10	3	6	2	3	4	4	3	1	1	3	3	1	4	7	10	12	5	14	3	2	11	33	30	25	33	47	97	72	119	114	26	1	0	0	0	0	2	1	0	0	2	1	0	0	0	0	0	0	0	0	0	0	0	1	2	8	19	24	34	77	56	88	61	16	11	83	85	5	0	0	0	0	0	0	0	0	0	0	0	0	0	0	0	0	0	0	0	0	1	3	2	3	3	3	0	1	0	0	6	9
5	6	3	2	8	6	10	25	42	15	9	8	3	1	12	3	1	0	0	1	0	2	2	4	6	6	2	15	18	8	3	5	2	5	1	3	3	3	6	3	4	2	2	2	1	2	0	1	3	4	6	9	50	12	5	14	2	5	4	17	11	28	34	40	83	146	78	130	104	43	3	2	0	1	2	5	3	29	0	10	53	26	24	1	0	24	0	0	0	0	0	0	0	0	1	5	33	45	87	74	73	105	77	35	60	169	181	63	56	51	7	215	0	0	0	0	0	0	0	0	0	0	0	0	0	0	0	0	0	0	4	7	2	0	0	2	3	11	1	5
8	17	8	2	5	8	6	4	50	16	9	19	23	1	0	2	0	5	4	1	0	2	1	17	2	4	6	7	8	0	24	3	2	0	2	4	5	3	1	0	2	0	0	0	0	1	2	1	18	0	3	3	5	14	2	3	6	2	9	8	29	18	31	40	150	99	122	135	35	2	1	1	0	3	2	7	14	1	0	9	35	46	77	0	0	0	0	0	0	0	0	0	5	0	2	8	54	64	71	37	80	39	63	91	96	65	205	270	272	48	0	0	0	0	0	0	0	0	0	0	0	0	0	0	0	0	0	0	0	0	3	3	0	2	0	0	0	1	1	1
9	17	10	2	3	6	3	10	33	16	5	8	10	8	0	3	7	3	2	2	1	4	4	4	2	0	4	7	2	4	34	8	2	3	9	2	17	5	1	1	0	1	1	2	2	1	1	4	2	0	0	7	0	0	3	32	3	32	9	22	21	22	62	85	86	92	94	125	14	0	0	1	2	7	24	28	1	0	7	25	37	51	76	14	0	0	0	0	0	0	0	1	2	1	2	2	19	54	67	38	100	64	87	31	39	51	119	445	352	20	0	0	0	0	0	0	0	0	0	0	0	0	0	0	0	0	0	0	0	0	0	0	2	7	1	0	0	2	1	0
3	7	10	15	14	6	4	7	1	2	2	6	10	13	6	21	11	4	2	1	5	2	4	1	2	0	2	3	3	4	8	9	2	1	6	10	4	2	5	6	1	2	4	7	10	2	9	3	4	5	5	3	2	12	21	9	8	31	25	24	28	23	54	100	154	142	79	72	0	0	1	0	4	9	32	26	0	0	14	45	78	62	65	3	3	0	0	0	0	0	1	1	3	2	3	5	11	31	46	56	65	11	25	18	31	88	138	202	16	2	0	0	0	0	0	0	0	0	0	0	0	0	0	0	0	0	0	0	0	0	0	0	0	3	23	1	2	0	1	0
2	2	6	13	6	12	9	17	14	8	8	8	8	11	30	49	72	30	6	5	3	7	5	14	16	26	5	11	10	3	8	5	2	4	3	4	4	6	5	4	16	8	5	23	10	4	17	7	37	49	7	7	43	15	15	5	8	19	33	18	23	48	112	94	118	139	171	28	0	0	0	0	6	7	15	23	0	7	15	37	36	51	51	23	5	1	0	0	0	0	0	1	1	1	0	1	3	5	14	14	23	25	31	25	35	22	99	313	143	18	0	0	0	0	0	0	0	0	0	0	0	0	0	0	0	0	0	0	0	0	0	0	0	0	2	0	1	0	0	0
0	1	2	6	5	6	14	5	7	12	13	21	16	4	15	23	23	48	27	27	10	13	8	10	7	11	26	9	8	9	5	9	4	6	6	2	4	16	22	21	13	36	35	21	16	21	12	30	25	14	13	20	23	28	19	32	22	21	47	47	48	95	98	173	116	261	18	5	2	5	0	5	1	7	27	14	11	7	19	20	33	64	26	9	3	0	0	0	0	0	0	0	0	0	0	9	19	15	5	15	10	27	51	25	105	45	111	161	116	46	0	0	0	0	0	0	0	0	0	0	0	0	0	0	0	0	0	0	0	0	0	0	0	1	2	1	1	0	0	0
0	0	25	3	5	9	3	2	3	6	7	18	10	34	12	14	10	18	44	77	62	35	17	12	13	20	16	13	15	28	15	44	10	11	37	40	38	22	31	14	34	11	14	25	16	22	26	33	51	39	43	32	38	48	25	31	50	18	22	46	77	100	206	162	192	63	4	22	11	10	1	26	1	12	9	15	4	4	4	8	25	5	1	2	0	0	0	1	5	0	0	0	0	0	0	0	5	40	36	25	35	8	45	167	156	197	190	134	9	0	0	0	0	0	0	0	0	0	0	0	0	0	0	0	0	0	0	0	0	0	0	0	0	0	2	1	0	0	0	0
1	0	8	5	3	3	1	3	4	13	10	61	31	19	37	5	4	5	11	10	30	94	103	119	76	50	59	52	61	66	42	34	45	12	22	18	55	42	42	34	37	11	15	19	13	18	16	34	49	74	72	43	34	72	60	25	88	33	68	122	126	183	143	199	48	6	20	46	33	34	19	3	3	9	11	27	27	4	3	10	20	2	0	0	0	0	0	1	1	1	0	0	0	0	3	9	48	67	46	93	48	144	466	296	706	643	268	52	0	0	0	0	0	0	0	0	0	0	0	0	0	0	0	0	0	0	0	0	0	0	0	0	0	0	3	0	0	0	0	0
1	6	2	1	11	2	1	3	3	14	6	6	6	10	17	11	6	8	3	2	7	22	41	53	44	72	95	72	77	45	63	62	33	44	53	16	13	42	27	69	29	20	5	14	13	19	15	23	38	57	43	38	65	38	98	36	107	57	88	206	182	212	180	11	18	21	47	14	7	30	45	5	2	34	9	12	14	12	44	16	6	18	15	17	6	5	3	0	0	0	0	0	1	10	11	28	0	0	3	30	112	364	394	949	901	379	19	3	14	0	0	0	0	0	0	0	0	0	0	0	0	0	0	0	0	0	0	0	0	0	0	1	0	3	5	0	0	0	0	0
2	3	7	16	5	3	6	1	0	1	6	7	4	15	7	14	3	2	6	2	6	10	11	45	28	48	49	77	115	151	65	47	73	65	62	51	43	39	45	56	10	17	9	11	19	19	22	78	42	41	91	112	61	58	74	62	105	153	181	163	209	207	32	5	15	10	4	23	45	17	47	15	15	1	9	6	24	44	18	18	14	10	9	16	1	0	0	0	0	8	42	47	50	30	12	4	13	40	46	66	305	233	325	131	28	0	0	0	0	0	0	0	0	0	0	0	0	0	0	0	0	0	0	0	0	0	0	0	0	0	0	0	1	2	2	0	0	0	0	0
3	4	2	6	2	3	5	2	4	5	10	6	1	13	3	6	7	6	10	3	1	3	23	9	8	19	25	32	87	47	53	44	79	61	45	19	39	53	62	38	19	15	26	25	44	28	19	39	52	68	70	100	100	102	124	110	143	86	119	153	162	53	54	32	63	30	8	37	59	2	5	7	4	1	17	17	20	48	20	14	17	14	8	20	8	5	0	1	10	50	1	2	1	7	8	83	12	15	32	13	559	704	0	0	0	0	0	0	0	0	0	0	0	0	0	0	0	0	0	0	0	0	0	0	0	0	0	0	0	0	0	0	0	0	0	0	0	0	2	1
25	9	3	5	8	2	19	15	11	7	7	1	2	18	0	2	3	2	2	2	2	0	17	12	13	12	19	29	32	29	60	52	62	55	28	33	73	66	43	35	40	27	32	32	55	37	27	34	121	61	74	180	216	238	215	175	126	169	140	100	88	17	76	91	65	19	13	27	6	4	2	6	6	6	15	7	24	43	32	24	27	12	15	29	22	6	0	8	33	3	14	0	1	1	6	31	9	16	81	168	263	663	105	0	0	0	0	0	0	0	0	0	0	0	0	0	0	0	0	0	0	0	0	0	0	0	0	0	0	0	0	0	0	0	0	0	0	0	0	0
19	13	5	4	3	0	1	26	5	2	1	0	12	10	3	0	1	2	1	0	0	0	3	4	3	17	17	14	28	56	65	62	58	68	55	57	90	65	49	73	45	30	33	39	55	41	61	33	90	74	217	206	279	242	207	223	201	131	92	121	41	69	48	47	72	70	89	37	12	5	20	10	3	2	0	0	1	3	25	13	7	16	50	61	11	8	2	6	3	1	0	1	0	0	0	4	7	1	3	39	116	313	366	0	0	0	0	0	0	0	0	0	0	0	0	0	0	0	0	0	0	0	0	0	0	0	0	0	0	0	0	0	0	0	0	0	0	0	0	0
12	48	54	14	4	1	0	0	0	0	0	0	0	0	3	5	6	0	0	2	0	0	8	0	2	7	7	26	9	35	25	52	55	66	72	87	101	108	112	89	79	32	31	49	40	65	76	27	65	92	80	217	320	291	355	191	104	78	87	68	63	21	34	44	34	42	14	9	28	6	3	17	1	0	2	0	0	1	8	9	16	20	17	13	3	2	3	1	0	12	12	14	2	0	29	9	12	39	112	146	98	104	380	57	0	0	0	0	0	0	0	0	0	0	0	0	0	0	0	0	0	0	0	0	0	0	0	0	0	0	0	0	0	0	0	0	0	0	0	0
0	1	24	15	8	8	1	0	0	2	0	0	0	6	8	5	3	10	11	0	6	1	2	24	5	3	5	4	27	34	35	47	55	64	98	200	105	122	119	93	109	90	24	34	23	95	112	29	64	92	100	152	277	210	231	102	64	35	70	32	22	32	25	61	11	18	126	24	30	44	6	9	4	8	6	3	13	9	31	24	22	44	20	3	6	1	5	0	6	5	84	49	9	6	45	46	73	88	103	97	121	93	300	129	0	0	0	0	0	0	0	0	0	0	0	0	0	0	0	0	0	0	0	0	0	0	0	0	0	0	0	0	0	0	0	0	0	0	0	0
1	0	0	2	1	1	1	0	0	0	0	0	1	0	0	7	4	6	1	3	0	4	2	3	1	0	1	12	27	41	59	26	36	94	241	142	137	136	67	59	70	100	87	55	29	98	81	26	23	145	85	254	181	142	191	200	169	59	45	36	35	52	23	7	27	23	47	7	20	12	11	32	10	16	24	15	16	22	13	8	7	19	64	22	39	5	7	3	9	1	71	31	7	2	58	82	95	56	11	50	134	238	263	82	0	0	0	0	0	0	0	0	0	0	0	0	0	0	0	0	0	0	0	0	0	0	0	0	0	0	0	0	0	0	0	0	0	0	0	0
0	0	1	0	1	3	9	1	1	4	1	2	0	0	0	0	0	3	1	0	0	0	0	2	0	2	2	21	6	41	34	34	44	134	192	75	141	66	57	62	92	86	113	71	44	50	39	37	39	49	154	177	211	182	90	115	94	95	122	45	39	55	16	41	22	16	50	20	32	24	9	12	14	13	36	21	11	5	5	8	19	17	33	83	33	8	4	2	8	4	75	31	6	13	30	54	70	55	23	30	104	149	242	7	0	0	0	0	0	0	0	0	0	0	0	0	0	0	0	0	0	0	0	0	0	0	0	0	0	0	0	0	0	0	0	0	0	0	0	0
0	0	0	0	0	3	6	2	2	1	1	1	2	2	3	17	2	6	0	0	0	0	2	1	1	8	1	7	15	8	6	18	52	184	62	86	129	109	32	78	152	69	73	52	71	15	43	44	39	44	167	140	141	121	145	144	122	61	52	44	56	13	19	16	27	14	15	24	53	13	12	32	28	25	15	21	1	7	23	13	50	65	54	40	85	7	5	3	2	19	85	31	19	20	94	49	99	88	26	35	56	17	208	0	0	0	0	0	0	0	0	0	0	0	0	0	0	0	0	0	0	0	0	0	0	0	0	0	0	0	0	0	0	0	0	0	0	0	0	0
0	0	5	0	0	0	1	3	6	4	7	3	5	2	1	2	1	4	1	3	5	4	4	3	0	9	4	6	9	31	8	20	67	72	70	117	100	38	26	53	124	83	30	60	41	27	16	26	24	54	159	114	96	209	178	117	110	152	150	87	52	21	65	29	20	30	20	11	56	10	11	64	18	25	16	11	39	36	5	10	27	12	37	85	38	18	6	14	18	83	65	48	62	91	202	153	171	124	72	42	80	149	311	0	0	0	0	0	0	0	0	0	0	0	0	0	0	0	0	0	0	0	0	0	0	0	0	0	0	0	0	0	0	0	0	0	0	0	0	0
