data/thuenen/biomass_kg_km2_crangon.asc
NCOLS 440
NROWS 200
XLLCORNER -1
YLLCORNER 51
CELLSIZE 0.025
NODATA_value -9999
[rows 58 to 86 of 200, columns 268 to 334 of 440]
0,01154715 0,0113867 0,01485588 0,01485588 0,0151177 0,01350926 0,01377108 0,01377108 0,01365194 0,01344645 0,01306443 0,01306443 0,01366064 0,01366064 0,01366064 0,01354167 0,01354167 0,01270592 0,01346831 0,01335377 0,01390103 0,01474605 0,01539616 0,01664113 0,01640152 0,01667615 0,01660625 0,01808075 0,01835618 0,01904718 0,02000907 0,01909968 0,02077469 0,0206804 0,02057557 0,02057557 0,02057557 0,02217254 0,02259454 0,02287976 0,02252892 0,02301275 0,02316423 0,02316423 0,02335963 0,02268903 0,02220456 0,0264184 0,0264184 0,026344 0,026344 0,02664515 0,02774949 0,02774949 0,02798448 0,02847495 0,02775172 0,02736145 0,0283982 0,0283982 0,02890225 0,02890225 0,02872102 0,02872102 0,02872102 0,02954927 0,02936499
0,01213547 0,0113867 0,01485588 0,01485588 0,0151177 0,01350926 0,01350926 0,01377108 0,01377108 0,01344645 0,01306443 0,01306443 0,01353726 0,01366064 0,01366064 0,01366064 0,01354167 0,01344801 0,01270592 0,01325317 0,01401556 0,01390103 0,01539616 0,01585408 0,01664113 0,01640152 0,01642552 0,01802109 0,0178347 0,01835618 0,01904718 0,01982381 0,02174342 0,02083403 0,02077469 0,0206804 0,02057557 0,02135561 0,02217254 0,02259454 0,0222699 0,02308157 0,02316423 0,02316423 0,02335963 0,02245526 0,02268903 0,02667743 0,02667743 0,02650339 0,02650339 0,02650339 0,02809465 0,02774949 0,02798448 0,02798448 0,02798701 0,02758219 0,02736145 0,02708346 0,02783814 0,02783814 0,02922229 0,02922229 0,02922229 0,02922229 0,0301612
0,01113913 0,01097868 0,01387335 0,01434605 0,01460787 0,01299943 0,01299943 0,01377108 0,01377108 0,01319581 0,012722 0,01306443 0,01339426 0,01339426 0,01351764 0,01406489 0,01394592 0,01449775 0,01449775 0,01449775 0,01375565 0,01375565 0,01496681 0,01526511 0,01572303 0,01651008 0,01627047 0,01927298 0,01920308 0,01926733 0,01990242 0,02102699 0,02113131 0,02113131 0,02038086 0,02040719 0,02034784 0,02099743 0,02125646 0,02223637 0,02223637 0,02265475 0,02297402 0,02316423 0,02316423 0,02335963 0,02245526 0,02647175 0,02667743 0,02667743 0,02650339 0,02650339 0,030161 0,030161 0,02981585 0,03005083 0,03038192 0,03019055 0,03019055 0,03019055 0,03039768 0,03069714 0,02841205 0,02841205 0,02857143 0,02857143 0,02951034
0,01124375 0,01124375 0,01398959 0,01446229 0,01487294 0,0132645 0,01354668 0,01431834 0,01431834 0,01374306 0,01301862 0,01326925 0,01394151 0,01394151 0,01394151 0,01406489 0,01406489 0,01449775 0,01449775 0,01449775 0,01449775 0,01355369 0,01420442 0,0145022 0,01555884 0,01526511 0,01572303 0,01924234 0,01926633 0,01920308 0,0190167 0,02050118 0,02088527 0,02113131 0,02113131 0,02113131 0,02040719 0,02140189 0,02119655 0,02160814 0,02278901 0,02278901 0,02316441 0,02297402 0,02332468 0,02335963 0,02245526 0,02695623 0,02667743 0,02667743 0,02676242 0,02676242 0,0295147 0,030161 0,030161 0,03039599 0,03005083 0,03034994 0,03034994 0,03034994 0,03034994 0,03113451 0,02857143 0,02857143 0,02857143 0,02857143 0,02951034
0,01084353 0,01084353 0,01273851 0,01406208 0,01406208 0,0143239 0,01286429 0,01877148 0,01903331 0,01891416 0,01845803 0,01773359 0,01831404 0,01831404 0,01865648 0,01865648 0,01865648 0,02040104 0,02040104 0,02040104 0,01907748 0,01907748 0,01534142 0,01534142 0,01535379 0,01535379 0,01691423 0,01948195 0,01926633 0,01919643 0,01901005 0,01929213 0,02067261 0,02088527 0,02088527 0,02113131 0,02113131 0,02212602 0,02140189 0,02166091 0,0227819 0,02278901 0,02329867 0,02329867 0,02297402 0,02297402 0,02335963 0,02695623 0,02647175 0,02667743 0,02667743 0,02676242 0,02977373 0,030161 0,030161 0,03012857 0,03039599 0,03107317 0,03034994 0,03034994 0,03034994 0,03156787 0,02907017 0,02884942 0,02857143 0,02857143 0,02857143
0,01035988 0,01273851 0,01273851 0,01273851 0,01358937 0,01406208 0,0143239 0,02045835 0,01877148 0,01877148 0,01845803 0,01773359 0,01806341 0,01806341 0,01806341 0,01831404 0,01865648 0,02042063 0,02030166 0,02042504 0,02042504 0,02042504 0,0219519 0,0219519 0,01643799 0,01703002 0,01646136 0,0190778 0,01984019 0,01904879 0,01901005 0,01901005 0,02012543 0,02090205 0,02063463 0,02089567 0,02089567 0,02212602 0,02212602 0,02231128 0,0222733 0,0227819 0,02319727 0,02329867 0,02329867 0,02329867 0,02316942 0,02695173 0,02647175 0,02667743 0,02667743 0,02676242 0,02977373 0,03042003 0,03042003 0,030161 0,03039599 0,03141833 0,03034994 0,03034994 0,03034994 0,0310953 0,02907017 0,02907017 0,02884942 0,02857143 0,02857143
0,01035988 0,01225486 0,01273851 0,01273851 0,01273851 0,01358937 0,01406208 0,0200477 0,02045835 0,02037993 0,01819621 0,01747176 0,01806341 0,01806341 0,01806341 0,01806341 0,01806341 0,01993056 0,020273 0,02015403 0,02015403 0,02027741 0,02180427 0,02180427 0,02180427 0,02235755 0,01684364 0,01981551 0,01924685 0,01889142 0,01965381 0,01901005 0,01952667 0,02058432 0,02081376 0,02063463 0,02064504 0,02189037 0,02212602 0,02238672 0,02299743 0,02296091 0,0234969 0,02329156 0,02309244 0,02329867 0,02338762 0,0268569 0,02647194 0,02674625 0,02674625 0,02683124 0,02977373 0,02977373 0,03042003 0,03042003 0,03039599 0,03117848 0,0306951 0,0306951 0,03034994 0,03034994 0,02907017 0,02907017 0,02907017 0,02884942 0,02857143
0,01110086 0,01225486 0,01225486 0,01273851 0,01273851 0,01273851 0,01273851 0,01556856 0,01604127 0,01505909 0,01512334 0,01466721 0,01496377 0,01496377 0,01496377 0,01522559 0,01522559 0,01686393 0,01686393 0,01711456 0,01733803 0,01733803 0,01733803 0,01746141 0,01772883 0,01772883 0,01828211 0,01850302 0,01850302 0,01850302 0,01793436 0,01757893 0,01896341 0,01996058 0,02061016 0,02061016 0,02071551 0,02114597 0,0213966 0,02141769 0,02191236 0,02297798 0,0236228 0,02294611 0,02288677 0,02264648 0,02254166 0,02541793 0,02509511 0,02519018 0,02560966 0,02526677 0,02906195 0,02906195 0,03000748 0,02970806 0,02994305 0,03129347 0,03106072 0,03081008 0,03081008 0,03046493 0,03330103 0,03330103 0,03330103 0,03349142 0,03349142
0,01060342 0,01274456 0,01299584 0,01225486 0,01225486 0,01273851 0,01444024 0,0147177 0,0147177 0,01571739 0,01505909 0,01440539 0,01470195 0,01496377 0,01496377 0,01496377 0,01496377 0,01686393 0,01686393 0,01686393 0,01686393 0,01699559 0,01733803 0,01733803 0,01733803 0,01746141 0,01801469 0,01827371 0,01848836 0,01850302 0,01850302 0,01850302 0,01868517 0,02032598 0,02061016 0,02061016 0,02062057 0,02131844 0,02114597 0,02140667 0,0216573 0,02239139 0,02390985 0,02390985 0,02409512 0,02318572 0,02363844 0,02556859 0,02512849 0,02464402 0,02522356 0,02522356 0,02922959 0,02943581 0,03038135 0,03027232 0,03023989 0,03195507 0,03195761 0,03162498 0,03162498 0,03137434 0,03386529 0,03386529 0,03362567 0,03362567 0,03362567
0,01249839 0,01249839 0,01249839 0,01274456 0,01299584 0,01225486 0,01225486 0,01423404 0,0147177 0,0147177 0,01373553 0,01308182 0,01656213 0,01470195 0,01470195 0,01496377 0,01496377 0,0166021 0,0166021 0,01686393 0,01686393 0,01686393 0,01674496 0,01699559 0,01733803 0,01733803 0,01789131 0,01827371 0,01848836 0,01848836 0,0182356 0,0182356 0,01896875 0,01932026 0,02025192 0,02101431 0,02062057 0,02105102 0,02131173 0,02140667 0,02140667 0,02226801 0,02367421 0,02390985 0,02390985 0,02386241 0,02384378 0,02642576 0,02556866 0,02464402 0,02511712 0,02511712 0,02923798 0,02965746 0,0301986 0,03019838 0,03016594 0,03188113 0,03188366 0,03164837 0,03155103 0,03155103 0,0341365 0,0341365 0,03379134 0,03379134 0,03379134
0,01061376 0,01117986 0,01249839 0,01249839 0,01249839 0,01249839 0,01274456 0,01497503 0,01423404 0,01423404 0,01486653 0,01353795 0,01571127 0,01571127 0,01422924 0,01470195 0,01470195 0,0166021 0,0166021 0,0166021 0,0166021 0,01686393 0,01686393 0,01686393 0,01674496 0,01699559 0,01759706 0,01815034 0,01836499 0,01848836 0,01848836 0,01848836 0,01922151 0,0198566 0,02091425 0,0205927 0,02024767 0,02105102 0,02131173 0,02157915 0,02157915 0,02228479 0,02369099 0,02367421 0,02367421 0,02390985 0,02456791 0,02660477 0,0258334 0,02537735 0,02511712 0,02511712 0,02913153 0,02923798 0,03020699 0,03008957 0,03016594 0,03188113 0,0323716 0,03164837 0,03164837 0,03155103 0,03501092 0,0341365 0,0341365 0,03379134 0,03379134
0,009964922 0,01053102 0,01053102 0,01053102 0,01184956 0,01184956 0,01184956 0,01382875 0,01407491 0,01432619 0,01447502 0,01334402 0,01625955 0,01571127 0,01337838 0,01337838 0,01422924 0,01634028 0,01634028 0,0166021 0,0166021 0,0166021 0,0166021 0,01686393 0,01686393 0,01674496 0,01725462 0,0178079 0,01836499 0,01836499 0,01836499 0,01848836 0,01922151 0,0198566 0,02091425 0,02114369 0,02114369 0,0264674 0,0274972 0,02709305 0,02709305 0,02770376 0,02911661 0,0292049 0,02945554 0,02945554 0,03034923 0,03286913 0,0322567 0,03109661 0,03136436 0,03120013 0,03464544 0,03464544 0,0357209 0,03561187 0,03557105 0,03728623 0,03788551 0,03716228 0,03716228 0,03716228 0,04078386 0,03501092 0,0341365 0,0341365 0,03379134
0,009712965 0,009712965 0,01275916 0,01275916 0,01275916 0,01275916 0,01275916 0,01645819 0,01645819 0,01645819 0,01685319 0,01597347 0,01741423 0,01686595 0,01715921 0,01482632 0,01482632 0,01482632 0,01567719 0,01614989 0,01614989 0,0166021 0,01686113 0,01686113 0,01712295 0,01712295 0,01726301 0,01755727 0,01802255 0,01836499 0,01836499 0,01836499 0,01848836 0,01912346 0,0201811 0,02067125 0,02067125 0,01955634 0,01898767 0,01889966 0,0191216 0,01977106 0,02250876 0,02236113 0,02241732 0,02241732 0,02332601 0,03090002 0,02996077 0,02971007 0,02945904 0,02939969 0,03378044 0,03310651 0,03407552 0,03396649 0,03404051 0,03626633 0,03632894 0,03571451 0,03571451 0,03571451 0,03855754 0,03855754 0,0384602 0,03821429 0,03796366
0,009712965 0,009712965 0,01275916 0,01275916 0,01275916 0,01275916 0,01275916 0,01513966 0,01513966 0,01638937 0,0165382 0,0154072 0,01654585 0,01679713 0,01446424 0,01446424 0,0147575 0,0147575 0,0147575 0,0147575 0,01608107 0,01608107 0,0163401 0,01660192 0,01655177 0,01655177 0,01707262 0,01755727 0,01777192 0,01777192 0,01802255 0,01836499 0,01862569 0,01926078 0,02044181 0,02067125 0,02067125 0,01955634 0,01955634 0,01955634 0,01889966 0,02027276 0,02232238 0,02232238 0,02232238 0,02241732 0,02307538 0,03000632 0,02906707 0,02909076 0,02956386 0,02877466 0,03450123 0,03410726 0,03434294 0,03423391 0,03420148 0,03697001 0,03787997 0,03672887 0,03704589 0,03704589 0,03989463 0,03970501 0,03970501 0,03960767 0,03960767
0,009712965 0,009712965 0,01275916 0,01275916 0,01283565 0,01275916 0,01275916 0,01513966 0,01513966 0,01513966 0,01528848 0,0154072 0,01629969 0,01629969 0,01421296 0,01446424 0,01446424 0,01446424 0,0147575 0,0147575 0,0147575 0,01586907 0,01675696 0,016638 0,01689982 0,01689982 0,01715885 0,01736576 0,01784223 0,01803262 0,01803262 0,01828325 0,01828325 0,01926078 0,02031843 0,02067125 0,02067125 0,01955634 0,01955634 0,01955634 0,01955634 0,01959838 0,02286283 0,02232238 0,02232238 0,02232238 0,02251541 0,02994207 0,02922514 0,02907266 0,02983283 0,0297814 0,03500886 0,03409946 0,03486313 0,03458987 0,03464639 0,03723858 0,0378355 0,03753174 0,03710387 0,03721268 0,04021373 0,04014992 0,04014992 0,04014992 0,03998268
0,008722997 0,01061797 0,01366417 0,01366417 0,01366417 0,01366417 0,01366417 0,01604466 0,01604466 0,01604466 0,01619349 0,01494335 0,01595498 0,01513251 0,01513251 0,01513251 0,01537867 0,01562995 0,01562995 0,01562995 0,01592322 0,01592322 0,01609329 0,01682519 0,016638 0,016638 0,01715885 0,01729694 0,01751159 0,01777341 0,01784223 0,01758947 0,01777986 0,01887181 0,02006567 0,02029511 0,02029511 0,01955634 0,01955634 0,01955634 0,01955634 0,02016704 0,02218845 0,02210044 0,02232238 0,02236113 0,02250876 0,02992368 0,02902595 0,02296991 0,02273227 0,02426111 0,02911861 0,02897176 0,0347398 0,0342577 0,03433818 0,03708921 0,03709175 0,03696291 0,03696291 0,03695451 0,04006437 0,04006437 0,03961863 0,0397376 0,04004963
0,01551357 0,02303084 0,0281901 0,0281901 0,0281901 0,0281901 0,0281901 0,03057059 0,0308313 0,0308313 0,03180865 0,02265131 0,02352533 0,01557015 0,01557015 0,01681987 0,01681987 0,01681987 0,01706604 0,01731732 0,01731732 0,01731732 0,01539015 0,01553355 0,01621944 0,017543 0,01755692 0,01729694 0,01751159 0,01725883 0,01725883 0,01752065 0,01758947 0,01862118 0,01992946 0,02050134 0,02029511 0,0191802 0,01930357 0,01955634 0,01955634 0,02016704 0,02273944 0,02273944 0,02210044 0,02286283 0,02250876 0,02992368 0,02893766 0,02201894 0,02231382 0,02256445 0,02786184 0,02803626 0,02928377 0,03042097 0,03018319 0,03237035 0,03304138 0,03257095 0,03279637 0,03279637 0,03367711 0,0338192 0,0338192 0,03368549 0,03452903
0,008701626 0,01634287 0,02016505 0,02016505 0,02227811 0,02253882 0,02253882 0,02445978 0,02445978 0,02445978 0,0282073 0,02258699 0,02179925 0,01384407 0,01384407 0,01384407 0,01509379 0,01640853 0,01640853 0,01640853 0,01706536 0,01694639 0,01694639 0,01723965 0,0152412 0,0141581 0,01541139 0,01742914 0,01648602 0,01674784 0,01674784 0,01674784 0,01726162 0,01817176 0,0194198 0,01964924 0,01991028 0,02004649 0,02004649 0,02016987 0,02042263 0,02103333 0,02343732 0,02364554 0,02364554 0,02336196 0,02421876 0,02930299 0,02833543 0,02813617 0,0227374 0,02256579 0,02262567 0,02262567 0,02620375 0,02609752 0,0255398 0,02778583 0,02736133 0,0274571 0,0274571 0,02756355 0,02964129 0,03153587 0,03009371 0,03009371 0,03621586
0,008324171 0,01584144 0,01992432 0,02042575 0,02042575 0,02042575 0,02253882 0,02445978 0,02445978 0,02445978 0,0282073 0,02258699 0,01301555 0,01384407 0,01384407 0,01384407 0,01384407 0,01515881 0,01640853 0,01640853 0,01628956 0,01653572 0,016787 0,016787 0,01494793 0,01467629 0,01493531 0,01391166 0,01648602 0,01648602 0,01674784 0,01674784 0,0169998 0,01784112 0,01922941 0,01964924 0,01965965 0,01991028 0,02004649 0,02004649 0,02004649 0,02124155 0,02364554 0,02364554 0,02415849 0,02364554 0,02402001 0,02941643 0,0284993 0,02808473 0,02860926 0,02788437 0,02326278 0,02262567 0,02522608 0,02632272 0,02632495 0,02740638 0,02734704 0,02757338 0,02772592 0,02772592 0,02980164 0,02980164 0,0299849 0,03072016 0,03687601
0,009461699 0,009461699 0,02123906 0,02123906 0,02123906 0,02174049 0,02174049 0,02366145 0,02577452 0,02577452 0,02867117 0,02390173 0,01433029 0,01433029 0,01433029 0,01515881 0,01515881 0,01647355 0,01515881 0,01515881 0,01628956 0,01628956 0,01628956 0,016787 0,01478854 0,01422364 0,01361741 0,01391166 0,01391166 0,01476253 0,01648602 0,01648602 0,01676019 0,01784112 0,01912821 0,01945885 0,01965965 0,01965965 0,01991028 0,0202547 0,0202547 0,02086541 0,02364554 0,02364554 0,02364554 0,02364554 0,02430359 0,02998007 0,02861273 0,02801482 0,02855783 0,02860926 0,02350092 0,02259563 0,02522608 0,02625676 0,02604428 0,02806761 0,02754041 0,02756674 0,02710295 0,02717867 0,02980366 0,02980164 0,03042249 0,03733056 0,03863446
0,01139046 0,01195656 0,02078988 0,02078988 0,02078988 0,02078988 0,02078988 0,02321228 0,02321228 0,02321228 0,028222 0,02337413 0,01277616 0,01277616 0,01277616 0,01277616 0,01277616 0,01515881 0,01636627 0,01503984 0,01503984 0,01628956 0,01628956 0,01628956 0,01495571 0,01422364 0,01316475 0,01345901 0,01391166 0,01391166 0,01391166 0,01624641 0,01649836 0,01760151 0,01912821 0,01912821 0,01946926 0,01986786 0,01986786 0,01986786 0,01991227 0,02086541 0,02352216 0,02364554 0,02364554 0,02364554 0,02430359 0,02971265 0,02894261 0,02812826 0,02848792 0,02855783 0,0290116 0,0228514 0,02523742 0,02538643 0,02586986 0,02820627 0,02806761 0,02754041 0,02805722 0,02710295 0,03094646 0,030838 0,02995757 0,04180528 0,04215596
0,01165788 0,01195656 0,02078988 0,02078988 0,02078988 0,02078988 0,02078988 0,02271084 0,0230883 0,02321228 0,02133949 0,02126106 0,01277616 0,01277616 0,01277616 0,01277616 0,01277616 0,01967687 0,02050539 0,01503984 0,01503984 0,01503984 0,01828334 0,01628956 0,01372619 0,01282673 0,01345901 0,01345901 0,01345901 0,01391166 0,01367205 0,01367205 0,01602566 0,01733969 0,0188886 0,01933642 0,01933642 0,01941565 0,02038081 0,01986786 0,01986786 0,01991227 0,02293159 0,02352216 0,02364554 0,02364554 0,02364554 0,02971265 0,02971265 0,02894261 0,02877309 0,02876725 0,02938794 0,02917196 0,0228514 0,02523742 0,02538643 0,02803185 0,02849821 0,02835955 0,02870954 0,02943399 0,03159519 0,03482213 0,03337263 0,03973493 0,0425454
0,01133209 0,01133209 0,01604378 0,01604378 0,01604378 0,01604378 0,01604378 0,01627322 0,01627322 0,01627322 0,0158637 0,007854914 0,01092006 0,01303313 0,01303313 0,01303313 0,01303313 0,01515824 0,01503928 0,01503928 0,0158678 0,0158678 0,0158678 0,0158678 0,01190089 0,01190089 0,01290903 0,01397569 0,01422697 0,01398735 0,01444001 0,01444001 0,01466435 0,01695529 0,01832454 0,01832454 0,01882598 0,01961865 0,01968747 0,02013968 0,02013968 0,02013968 0,02127713 0,02258627 0,02258627 0,02283442 0,02283442 0,02339464 0,02421306 0,02444949 0,02452474 0,02206731 0,02332005 0,02361188 0,0233959 0,02226913 0,02512507 0,02625883 0,02728951 0,0283148 0,02838576 0,02723701 0,02884806 0,02841555 0,02605649 0,02830574 0,02901255
0,01178536 0,01178536 0,01649705 0,01649705 0,01649705 0,01649705 0,01649705 0,01672649 0,01672649 0,02047401 0,01587145 0,007781922 0,01140129 0,01140129 0,01154564 0,0136587 0,0136587 0,01561151 0,01563094 0,01568375 0,01503928 0,0158678 0,0158678 0,01255143 0,01255143 0,01130213 0,01290903 0,01372952 0,01373608 0,01398735 0,01398735 0,01414674 0,01466435 0,01631264 0,01785184 0,01832454 0,01832454 0,01981404 0,01961865 0,01968747 0,02013968 0,02013968 0,02062202 0,02165466 0,02271104 0,02271104 0,0228714 0,023555 0,023555 0,02444949 0,02456846 0,0246437 0,02262198 0,02332005 0,02361188 0,0233959 0,02201633 0,02696068 0,02783414 0,02875636 0,02968201 0,02957578 0,0289074 0,02893343 0,02761467 0,02895754 0,02890611
0,01530702 0,01530702 0,02001871 0,02001871 0,02001871 0,02041867 0,02041867 0,02064812 0,02064812 0,02439564 0,01971464 0,01169027 0,01358083 0,01409613 0,01424493 0,01438928 0,01650235 0,01837065 0,015527 0,01563094 0,01549254 0,01503928 0,01503928 0,01255143 0,01352423 0,01255143 0,01231027 0,01348991 0,01390835 0,01348991 0,01398735 0,01398735 0,0145793 0,015148 0,01682559 0,01700098 0,01832454 0,01930221 0,01981404 0,01961865 0,01968747 0,02013968 0,02081742 0,02119495 0,02201042 0,0230668 0,0228714 0,02343162 0,023555 0,02379143 0,0241058 0,02476385 0,02562754 0,02281738 0,02351544 0,02380728 0,02444216 0,0246581 0,02821632 0,02848447 0,02971533 0,02995091 0,03036935 0,02908969 0,02831567 0,02892147 0,02850199
0,01530702 0,01437398 0,01437398 0,01908566 0,01908566 0,02041867 0,02041867 0,02064812 0,02064812 0,0243864 0,01964545 0,01169027 0,01356755 0,01356755 0,01358083 0,01424493 0,01410709 0,01625758 0,015527 0,015527 0,01549254 0,01549254 0,01255143 0,01255143 0,01255143 0,01255143 0,01231182 0,01224019 0,01348991 0,01411657 0,01369813 0,01419557 0,0145793 0,01509225 0,01487257 0,01571389 0,01631264 0,01930221 0,01954182 0,01980364 0,01981404 0,01988286 0,02081742 0,02135531 0,02135531 0,02165874 0,02247623 0,02362702 0,02386345 0,0241058 0,0241058 0,0241058 0,02568002 0,02562754 0,02281738 0,02370109 0,02538259 0,02629605 0,02630455 0,02604786 0,02867831 0,03015921 0,03072562 0,0309536 0,02769332 0,02913894 0,04125329
0,01437398 0,01437398 0,01437398 0,01908566 0,01908566 0,02041867 0,02041867 0,02064812 0,02063888 0,02346634 0,01964545 0,01169027 0,01356755 0,01356755 0,01356755 0,01358083 0,01395829 0,01611323 0,01341394 0,015527 0,015527 0,0156654 0,0130047 0,01255143 0,01255143 0,01255143 0,01252003 0,01252003 0,01244841 0,01369813 0,01369813 0,01369813 0,01432802 0,0145793 0,0145793 0,01487257 0,015148 0,01669155 0,01907276 0,01954182 0,01980364 0,0199744 0,02052556 0,02135531 0,02135531 0,02135531 0,02139971 0,02291308 0,02386345 0,02398242 0,0241058 0,0241058 0,02502197 0,02568002 0,02562754 0,02439269 0,0250755 0,02682501 0,02660903 0,02678838 0,02893674 0,02923699 0,03122579 0,03410793 0,0458023 0,04600669 0,04864193
0,02013367 0,02013367 0,02013367 0,02484535 0,02484535 0,02658513 0,02658513 0,02665606 0,02658687 0,02948795 0,02566706 0,02089337 0,01152974 0,01152974 0,01152974 0,01152974 0,01141077 0,0113667 0,007971328 0,008115676 0,008115676 0,008143192 0,008425651 0,008470683 0,008017418 0,007777806 0,007777806 0,007572455 0,007572455 0,007608936 0,009126338 0,009126338 0,009819175 0,01004125 0,01029253 0,01029253 0,01058579 0,01407049 0,01434592 0,01730243 0,01846347 0,01872529 0,06090758 0,06424623 0,06443661 0,06443661 0,0644024 0,07375804 0,07409669 0,07600548 0,0772852 0,08797632 0,1257427 0,1270189 0,1365298 0,1133976 0,1081159 0,08131807 0,08518226 0,08735011 0,07241967 0,07711148 0,08969927 0,07904671 0,09136951 0,09649888 0,1083339
0,02013367 0,02072199 0,02013367 0,02484535 0,02525211 0,02658513 0,02658513 0,02665606 0,02658687 0,02948795 0,01771188 0,02089337 0,01152974 0,01152974 0,01152974 0,01152974 0,01141077 0,01135341 0,0113667 0,01186813 0,01189296 0,01220266 0,008425651 0,008564045 0,008231072 0,007777806 0,007777806 0,007572455 0,008085406 0,007572455 0,00751944 0,008527582 0,01023762 0,009795082 0,01004125 0,01029253 0,01029253 0,01407049 0,01407049 0,01434592 0,01693438 0,01846347 0,06081502 0,05964116 0,06211666 0,06313046 0,06314473 0,07186703 0,07379948 0,07470875 0,07643434 0,07721741 0,1254679 0,1285896 0,1331642 0,1398771 0,1177426 0,08079597 0,08789769 0,08997467 0,08234677 0,07612485 0,05791456 0,07687902 0,1225901 0,1290451 0,1189226
