data/thuenen/biomass_kg_km2_crangon.asc
NCOLS 440
NROWS 200
XLLCORNER -1
YLLCORNER 51
CELLSIZE 0.025
NODATA_value -9999
[rows 58 to 86 of 200, columns 201 to 267 of 440]
0,004534352 0,004534352 0,004385523 0,004385523 0,006894146 0,006894146 0,006894146 0,006894146 0,006894146 0,007714024 0,007714024 0,00776221 0,006944154 0,006944154 0,006944154 0,006944154 0,007196111 0,007196111 0,007196111 0,007196111 0,007196111 0,007196111 0,007196111 0,007196111 0,006550255 0,006550255 0,006550255 0,006550255 0,006550255 0,006550255 0,007235323 0,007235323 0,007235323 0,007235323 0,007235323 0,007235323 0,007235323 0,009568213 0,0131295 0,01308837 0,0132372 0,0132372 0,0132372 0,0132372 0,01229993 0,01229993 0,01040495 0,01040495 0,01040495 0,00942864 0,009552018 0,009904624 0,009904624 0,009904624 0,009904624 0,009773724 0,01135902 0,01136686 0,01135902 0,0110292 0,0110292 0,01157033 0,01137177 0,0115206 0,01176741 0,01102643 0,01151008
0,004534352 0,004534352 0,004385523 0,004385523 0,006894146 0,006894146 0,006894146 0,006894146 0,006894146 0,007714024 0,007714024 0,007714024 0,00776221 0,00776221 0,007196111 0,007196111 0,007196111 0,007196111 0,007196111 0,007196111 0,007196111 0,007196111 0,007196111 0,007196111 0,006550255 0,006550255 0,006550255 0,006550255 0,007116355 0,007116355 0,007116355 0,007235323 0,007235323 0,007235323 0,007235323 0,007235323 0,007235323 0,007235323 0,009568213 0,01296923 0,0132372 0,0132372 0,0132372 0,0132372 0,01229993 0,01229993 0,01229993 0,01025612 0,01025612 0,009279811 0,009279811 0,009904624 0,009904624 0,009904624 0,009904624 0,009904624 0,01010318 0,01135902 0,01135902 0,0110292 0,0110292 0,009574801 0,01137177 0,01137177 0,01161858 0,0108776 0,01075422
0,00639712 0,00639712 0,006248291 0,006248291 0,007714024 0,007714024 0,007714024 0,007714024 0,007714024 0,007714024 0,007714024 0,007714024 0,00776221 0,00776221 0,007116355 0,007116355 0,007116355 0,007116355 0,006550255 0,006550255 0,006550255 0,006550255 0,006550255 0,006550255 0,007116355 0,007116355 0,007116355 0,007116355 0,007116355 0,006944175 0,006944175 0,006944175 0,006944175 0,007063144 0,00641724 0,00641724 0,00641724 0,00641724 0,00641724 0,008626752 0,01087465 0,01099379 0,01099379 0,01099379 0,01084496 0,01084496 0,01084496 0,01084496 0,008949988 0,008699354 0,008699354 0,009324167 0,009324167 0,009324167 0,009064971 0,009064971 0,009064971 0,00926353 0,01051937 0,01051937 0,00926353 0,009064971 0,01086194 0,01086194 0,01110811 0,01111967 0,01049502
0,00639712 0,00639712 0,00639712 0,00639712 0,007862853 0,007714024 0,007714024 0,007714024 0,007714024 0,007714024 0,007714024 0,007714024 0,007714024 0,00776221 0,007116355 0,007116355 0,007116355 0,007116355 0,007116355 0,007116355 0,007116355 0,007116355 0,007116355 0,007116355 0,007116355 0,007116355 0,007116355 0,007116355 0,007116355 0,006944175 0,006944175 0,006944175 0,006944175 0,006944175 0,00641724 0,00641724 0,00641724 0,006566069 0,006566069 0,006442691 0,008775581 0,01087465 0,01084496 0,01084496 0,01084496 0,01084496 0,01084496 0,01084496 0,01084496 0,008699354 0,008699354 0,01034214 0,01058949 0,01058949 0,0103303 0,0103303 0,0103303 0,0103303 0,01364466 0,01364466 0,0103303 0,0103303 0,01212727 0,01212727 0,01137318 0,01162446 0,01076009
0,006248291 0,006248291 0,006248291 0,006248291 0,007714024 0,007714024 0,007714024 0,007714024 0,007714024 0,007714024 0,007714024 0,007714024 0,007714024 0,00776221 0,007116355 0,007116355 0,007116355 0,007116355 0,007116355 0,007116355 0,007116355 0,007116355 0,007116355 0,007116355 0,007116355 0,007116355 0,007116355 0,007116355 0,007116355 0,006944175 0,006944175 0,006944175 0,006944175 0,006944175 0,006298271 0,00641724 0,00641724 0,00641724 0,00641724 0,006293862 0,006293862 0,009346252 0,01072582 0,01084496 0,01084496 0,01084496 0,01084496 0,01111003 0,01111003 0,01185966 0,009964681 0,009964681 0,01046612 0,01109076 0,0103303 0,0103303 0,0103303 0,009809759 0,01057134 0,01138545 0,01040852 0,01040852 0,01172705 0,01172705 0,0107268 0,01110086 0,01052033
0,006248291 0,006248291 0,006248291 0,006248291 0,007714024 0,007714024 0,007714024 0,007714024 0,007714024 0,007714024 0,007714024 0,007714024 0,007714024 0,00776221 0,007116355 0,007116355 0,007116355 0,007116355 0,007116355 0,007116355 0,007116355 0,007116355 0,007116355 0,007116355 0,007116355 0,007116355 0,007116355 0,007116355 0,007116355 0,006944175 0,006944175 0,006944175 0,006944175 0,006944175 0,006298271 0,006298271 0,00641724 0,00641724 0,00641724 0,006293862 0,006293862 0,007013362 0,009346252 0,01099089 0,01111003 0,01111003 0,01111003 0,01111003 0,01111003 0,01185966 0,01193787 0,0100429 0,01070478 0,01054433 0,009842416 0,009842416 0,009842416 0,009842416 0,009842416 0,009842416 0,01040852 0,01040852 0,01172705 0,01172705 0,0107268 0,01084958 0,01110865
0,005932719 0,005932719 0,005932719 0,005932719 0,007398452 0,007714024 0,007714024 0,007714024 0,007714024 0,007714024 0,007714024 0,007714024 0,007714024 0,007714024 0,007116355 0,007116355 0,007116355 0,007116355 0,007116355 0,007116355 0,007116355 0,007116355 0,007116355 0,007116355 0,007116355 0,007116355 0,007116355 0,007116355 0,007116355 0,006944175 0,006944175 0,006944175 0,006944175 0,006944175 0,006298271 0,006298271 0,006298271 0,00641724 0,00641724 0,006558932 0,006558932 0,007278432 0,007278432 0,009611322 0,01099089 0,01111003 0,01666405 0,01836577 0,01666405 0,01193787 0,01137178 0,01137178 0,009978234 0,01013868 0,009719038 0,009842416 0,009842416 0,009842416 0,009842416 0,009842416 0,009842416 0,009842416 0,009842416 0,01116095 0,0107268 0,01084958 0,01110086
0,006085681 0,006085681 0,006085681 0,005932719 0,006752597 0,006752597 0,006752597 0,006752597 0,007068169 0,007068169 0,007068169 0,007068169 0,007068169 0,007068169 0,007075229 0,007075229 0,007075229 0,007075229 0,007075229 0,008200531 0,008200531 0,008200531 0,008200531 0,0084656 0,006439963 0,006439963 0,006439963 0,006439963 0,006439963 0,005930134 0,005930134 0,005930134 0,005930134 0,005930134 0,005930134 0,005930134 0,005930134 0,005930134 0,006049102 0,006320114 0,006320114 0,007039614 0,007039614 0,008973643 0,00917971 0,01055928 0,01067842 0,01067842 0,01011232 0,01011232 0,01011232 0,01011232 0,008718781 0,008718781 0,008718781 0,008718781 0,008718781 0,008718781 0,008718781 0,008718781 0,008718781 0,008718781 0,008718781 0,01003732 0,01003732 0,01019777 0,01084958
0,006085681 0,006085681 0,006085681 0,006085681 0,006905559 0,006905559 0,006752597 0,006752597 0,006752597 0,006752597 0,006752597 0,007068169 0,007068169 0,007216998 0,007224058 0,007224058 0,007224058 0,007224058 0,007224058 0,00861443 0,00861443 0,00861443 0,00861443 0,00861443 0,006588793 0,006588793 0,006588793 0,006588793 0,006588793 0,006045949 0,006045949 0,006644706 0,006644706 0,006644706 0,006727851 0,006727851 0,006727851 0,006727851 0,006727851 0,008973643 0,008973643 0,008973643 0,008973643 0,008973643 0,00684682 0,00917971 0,01067842 0,01011232 0,01011232 0,01011232 0,01011232 0,01011232 0,01061376 0,008718781 0,008879232 0,008718781 0,008718781 0,008718781 0,008718781 0,008718781 0,008718781 0,008718781 0,008718781 0,008718781 0,01003732 0,01019777 0,01003732
0,006085681 0,006085681 0,006085681 0,006085681 0,006905559 0,006905559 0,006905559 0,006905559 0,006905559 0,006752597 0,006752597 0,006752597 0,006752597 0,007068169 0,007075229 0,008340556 0,008489385 0,008489385 0,008489385 0,008430985 0,008430985 0,008536 0,008811113 0,008889543 0,007303365 0,007303365 0,007154536 0,007154536 0,007154536 0,006644706 0,006644706 0,006644706 0,006644706 0,006644706 0,006644706 0,006727851 0,006727851 0,006727851 0,006727851 0,008854675 0,008973643 0,008973643 0,008259909 0,008259909 0,006280721 0,006280721 0,008613611 0,01011232 0,01011232 0,01011232 0,01011232 0,01011232 0,01048978 0,01061376 0,008772043 0,008932493 0,008772043 0,008772043 0,008772043 0,008772043 0,008718781 0,008718781 0,008718781 0,008718781 0,008879232 0,008718781 0,01003732
0,005519581 0,005519581 0,005519581 0,005519581 0,006905559 0,006905559 0,006905559 0,006905559 0,006905559 0,006905559 0,006905559 0,006752597 0,008017924 0,008017924 0,008024984 0,008340556 0,008489385 0,008489385 0,007685811 0,008811113 0,008811113 0,008811113 0,008811113 0,008811113 0,007303365 0,007303365 0,007154536 0,007154536 0,007154536 0,006644706 0,006644706 0,006644706 0,006644706 0,006644706 0,006644706 0,006644706 0,006727851 0,006727851 0,006161752 0,008140941 0,008140941 0,008259909 0,008259909 0,008259909 0,006280721 0,006280721 0,006280721 0,008613611 0,01011232 0,01011232 0,01011232 0,01011232 0,01048978 0,01061376 0,008772043 0,008772043 0,008772043 0,008772043 0,008772043 0,008772043 0,008772043 0,008772043 0,008718781 0,008718781 0,008879232 0,008718781 0,008718781
0,005519581 0,005519581 0,005519581 0,005519581 0,00633946 0,00633946 0,006905559 0,006905559 0,006905559 0,006905559 0,008170887 0,008170887 0,008170887 0,008017924 0,008024984 0,008417803 0,008566632 0,008764499 0,007685811 0,008811113 0,008811113 0,008811113 0,008811113 0,008811113 0,007303365 0,007303365 0,007154536 0,007154536 0,007154536 0,006644706 0,006644706 0,006644706 0,006644706 0,006644706 0,006644706 0,006644706 0,006078606 0,006161752 0,006161752 0,008140941 0,008140941 0,008140941 0,008259909 0,008259909 0,006280721 0,006280721 0,006280721 0,006280721 0,008613611 0,01011232 0,01011232 0,01011232 0,01011232 0,01061376 0,01061376 0,008772043 0,008283657 0,008123206 0,008123206 0,008123206 0,008624475 0,008123206 0,008123206 0,008230396 0,008069945 0,008069945 0,008069945
0,001736366 0,001736366 0,001736366 0,001736366 0,005397998 0,005397998 0,005397998 0,005964098 0,007229425 0,006719596 0,006719596 0,006719596 0,006719596 0,007398911 0,007447097 0,007447097 0,007595926 0,007911498 0,006715105 0,006715105 0,006715105 0,006715105 0,006715105 0,006715105 0,006793535 0,006793535 0,006644706 0,006644706 0,006644706 0,009124806 0,009124806 0,009124806 0,009124806 0,009124806 0,009124806 0,008558707 0,008558707 0,008641853 0,008641853 0,010611 0,010611 0,010611 0,01072997 0,01072997 0,01072997 0,01072997 0,01072997 0,01072997 0,01306286 0,01285984 0,01285984 0,01391273 0,01221101 0,01221101 0,01206909 0,01035135 0,0105118 0,01035135 0,01035135 0,00985044 0,00985044 0,00985044 0,00985044 0,009957629 0,007817989 0,007817989 0,007817989
0,001736366 0,001736366 0,001736366 0,001736366 0,005397998 0,005397998 0,006663326 0,007229425 0,007229425 0,006719596 0,006719596 0,007551873 0,007398911 0,007398911 0,007447097 0,007447097 0,007762669 0,007793793 0,006715105 0,006715105 0,006715105 0,006715105 0,006715105 0,006715105 0,006793535 0,006644706 0,006644706 0,006644706 0,006644706 0,009124806 0,009124806 0,009124806 0,009124806 0,009124806 0,009124806 0,008558707 0,008558707 0,008641853 0,008641853 0,010611 0,010611 0,010611 0,01072997 0,01072997 0,01072997 0,01072997 0,01072997 0,01306286 0,01391273 0,01221101 0,01221101 0,01221101 0,01221101 0,01221101 0,01169163 0,009849916 0,009849916 0,01022737 0,01035135 0,00985044 0,00985044 0,00985044 0,00985044 0,009797178 0,00797844 0,007817989 0,007817989
0,001736366 0,001736366 0,001736366 0,001736366 0,006663326 0,006663326 0,006663326 0,006663326 0,007229425 0,007551873 0,007551873 0,007398911 0,007398911 0,007398911 0,007447097 0,007762669 0,007644963 0,007793793 0,006715105 0,006715105 0,006715105 0,006715105 0,006715105 0,006715105 0,006793535 0,006644706 0,006644706 0,006644706 0,006644706 0,009124806 0,009124806 0,009124806 0,009124806 0,009124806 0,008558707 0,008558707 0,008641853 0,008641853 0,008641853 0,010611 0,010611 0,01072997 0,01072997 0,01072997 0,01072997 0,01072997 0,01072997 0,01379359 0,01391273 0,01221101 0,01221101 0,01221101 0,01221101 0,01221101 0,009849916 0,009849916 0,009849916 0,009849916 0,009849916 0,009349004 0,00985044 0,00985044 0,00985044 0,009797178 0,00797844 0,007817989 0,007817989
0,001736366 0,001736366 0,003001693 0,003001693 0,006663326 0,006663326 0,006663326 0,007495603 0,008061702 0,007551873 0,007398911 0,007398911 0,007398911 0,007398911 0,007762669 0,007644963 0,007644963 0,007793793 0,007793793 0,006715105 0,006715105 0,006715105 0,006715105 0,006793535 0,006793535 0,006644706 0,006644706 0,006644706 0,006644706 0,009124806 0,009124806 0,009124806 0,009124806 0,009124806 0,008558707 0,008641853 0,008641853 0,008641853 0,008641853 0,010611 0,01072997 0,01072997 0,01072997 0,01072997 0,01072997 0,01072997 0,01306286 0,01391273 0,01391273 0,01221101 0,01221101 0,01221101 0,01221101 0,01221101 0,009849916 0,01050981 0,01050981 0,01075492 0,01075492 0,01025401 0,01025401 0,01025401 0,01025401 0,01070219 0,008722997 0,008722997 0,008722997
0,003001693 0,003001693 0,003001693 0,003001693 0,006663326 0,007495603 0,007495603 0,007495603 0,007495603 0,007398911 0,007398911 0,007398911 0,007398911 0,007714483 0,007644963 0,007644963 0,007644963 0,007793793 0,007793793 0,006715105 0,006715105 0,006715105 0,006715105 0,006793535 0,006793535 0,006644706 0,006644706 0,006644706 0,006644706 0,009124806 0,009124806 0,009124806 0,009124806 0,009124806 0,008641853 0,008641853 0,008641853 0,008641853 0,008641853 0,01072997 0,01072997 0,01072997 0,01072997 0,01072997 0,01072997 0,01306286 0,01391273 0,01391273 0,01391273 0,01221101 0,01221101 0,01221101 0,0128709 0,01164486 0,01112549 0,011831 0,0116876 0,01018658 0,01018658 0,009685671 0,01704459 0,01704459 0,01704459 0,01699133 0,01501214 0,01555004 0,01551357
0,001470626 0,001470626 0,001470626 0,002302903 0,006733818 0,006733818 0,006733818 0,006733818 0,006580855 0,00774354 0,00774354 0,00774354 0,008059112 0,007941407 0,007393008 0,007393008 0,007393008 0,007393008 0,007541837 0,006463149 0,006463149 0,006463149 0,006463149 0,006541579 0,00902168 0,008872851 0,008872851 0,008872851 0,008872851 0,01024032 0,01024032 0,01024032 0,01024032 0,01024032 0,009872091 0,009872091 0,009872091 0,009872091 0,009872091 0,01702899 0,01702899 0,01702899 0,01702899 0,01702899 0,009876338 0,01220923 0,0130591 0,0130591 0,0130591 0,0130591 0,013719 0,01396411 0,01396411 0,01112813 0,01115952 0,01851843 0,01851843 0,01781292 0,009796645 0,01163351 0,01163351 0,01163351 0,01163351 0,01208152 0,008324171 0,008591589 0,008324171
0,001470626 0,002302903 0,002302903 0,002302903 0,006733818 0,006733818 0,006733818 0,006580855 0,006580855 0,00774354 0,00774354 0,008059112 0,007941407 0,007989593 0,007393008 0,007393008 0,007393008 0,007393008 0,007541837 0,006541579 0,006541579 0,006541579 0,006541579 0,006541579 0,00902168 0,008872851 0,008872851 0,008872851 0,008872851 0,01024032 0,01024032 0,01024032 0,01024032 0,01032347 0,01043819 0,009872091 0,009872091 0,009872091 0,00999106 0,01702899 0,01702899 0,01702899 0,01702899 0,01702899 0,01220923 0,0130591 0,013719 0,013719 0,013719 0,01396411 0,01396411 0,01382071 0,01891297 0,01831274 0,01851843 0,01050216 0,01050216 0,009796645 0,009796645 0,01163351 0,01163351 0,01163351 0,01163351 0,01184766 0,008591589 0,008591589 0,008591589
0,002302903 0,002302903 0,002302903 0,002302903 0,006733818 0,006733818 0,006580855 0,006580855 0,006580855 0,00774354 0,008059112 0,007941407 0,007941407 0,007989593 0,007393008 0,007393008 0,007393008 0,007393008 0,007393008 0,006541579 0,006541579 0,006541579 0,006541579 0,006541579 0,00902168 0,008872851 0,008872851 0,008872851 0,008872851 0,01024032 0,01024032 0,01024032 0,01122848 0,01122848 0,0113432 0,0107771 0,0107771 0,01089607 0,01089607 0,017934 0,017934 0,017934 0,017934 0,02026689 0,01396411 0,01396411 0,01396411 0,01396411 0,01396411 0,01382071 0,01901806 0,01891297 0,01004584 0,01100199 0,01050216 0,01050216 0,01050216 0,009796645 0,009796645 0,01163351 0,01163351 0,01294825 0,01321566 0,0131624 0,009906327 0,009906327 0,009906327
0,002302903 0,002302903 0,002302903 0,002302903 0,006733818 0,006580855 0,006580855 0,006580855 0,007146955 0,008059112 0,007941407 0,007941407 0,007941407 0,007989593 0,007393008 0,007393008 0,007393008 0,007393008 0,007393008 0,00639275 0,00639275 0,00639275 0,00639275 0,00639275 0,008872851 0,008872851 0,008872851 0,008872851 0,008872851 0,01024032 0,01024032 0,01066014 0,01066014 0,01066014 0,01077486 0,01077486 0,01032773 0,01032773 0,01032773 0,01736566 0,01736566 0,01736566 0,02532084 0,03341049 0,02637698 0,02637698 0,02637698 0,02637698 0,02637698 0,02637698 0,02637698 0,0108967 0,01029647 0,01029647 0,009796645 0,009796645 0,009796645 0,009796645 0,009796645 0,01249907 0,01370654 0,01276649 0,01276649 0,01271323 0,008591589 0,008414379 0,008414379
0,002302903 0,002302903 0,002302903 0,002302903 0,006580855 0,006580855 0,006580855 0,006580855 0,007344821 0,007941407 0,007941407 0,007941407 0,007941407 0,007989593 0,007393008 0,007393008 0,007393008 0,007393008 0,007393008 0,00639275 0,00639275 0,00639275 0,00639275 0,00639275 0,008872851 0,008872851 0,008872851 0,008872851 0,008872851 0,01024032 0,01066014 0,01066014 0,01066014 0,01066014 0,01077486 0,01089383 0,01089383 0,01089383 0,01032773 0,01736566 0,01736566 0,01736566 0,02532084 0,02551336 0,01836071 0,01836071 0,01836071 0,01836071 0,01836071 0,01836071 0,0108967 0,01029647 0,01029647 0,01029647 0,009796645 0,009796645 0,009796645 0,009796645 0,009665745 0,01249907 0,01276649 0,01276649 0,01271323 0,01271323 0,008414379 0,01165788 0,01165788
0,002302903 0,002302903 0,002302903 0,00214994 0,00214994 0,00214994 0,00214994 0,002913907 0,002913907 0,007941407 0,007941407 0,007941407 0,007941407 0,007989593 0,006989336 0,006989336 0,006989336 0,006989336 0,006989336 0,006989336 0,006989336 0,006989336 0,006989336 0,006989336 0,01024032 0,01024032 0,01024032 0,01024032 0,01024032 0,01734703 0,01734703 0,01734703 0,01734703 0,01734703 0,01779726 0,01791622 0,01791622 0,01791622 0,01791622 0,01791622 0,01791622 0,02530531 0,02924534 0,02549783 0,02549783 0,02549783 0,02549783 0,02549783 0,02549783 0,02734308 0,01902821 0,01929563 0,01929563 0,01902821 0,01965439 0,01965439 0,01965439 0,01965439 0,02059788 0,01638336 0,01266504 0,01266504 0,01266504 0,01222713 0,01076599 0,01076599 0,01076599
0,002302903 0,002302903 0,00214994 0,00214994 0,00214994 0,002465512 0,002347807 0,002913907 0,002913907 0,007941407 0,007941407 0,007941407 0,007941407 0,007989593 0,006989336 0,006989336 0,006989336 0,006989336 0,006989336 0,006989336 0,006989336 0,006989336 0,006989336 0,006989336 0,01024032 0,01024032 0,01024032 0,01024032 0,01066014 0,01734703 0,01734703 0,01734703 0,01734703 0,01866177 0,01923096 0,01923096 0,01923096 0,01923096 0,01923096 0,01923096 0,02718614 0,03100704 0,02737866 0,02681256 0,02681256 0,02681256 0,02681256 0,02681256 0,02681256 0,01982581 0,01924237 0,01924237 0,0206092 0,01965439 0,01965439 0,01965439 0,01965439 0,01986941 0,0202584 0,0159526 0,01414918 0,01311831 0,0126804 0,01592389 0,01121926 0,01121926 0,01121926
0,002302903 0,00214994 0,00214994 0,00214994 0,002465512 0,002347807 0,002347807 0,002913907 0,002913907 0,007941407 0,007941407 0,007941407 0,007941407 0,007941407 0,006989336 0,006989336 0,006989336 0,006989336 0,006989336 0,006989336 0,006989336 0,006989336 0,006989336 0,006989336 0,01024032 0,01024032 0,01024032 0,01066014 0,01066014 0,01734703 0,01734703 0,01734703 0,01855449 0,0184388 0,01864964 0,01864964 0,01864964 0,01864964 0,01864964 0,02660482 0,03042572 0,02679734 0,02679734 0,02679734 0,02623124 0,02623124 0,02623124 0,02623124 0,01871398 0,02057393 0,02084135 0,02084135 0,02057393 0,01960113 0,02111073 0,01986855 0,01986855 0,02081204 0,02112172 0,01650105 0,01651669 0,01538789 0,01857289 0,01857289 0,01474092 0,01474092 0,01530702
0,00214994 0,00214994 0,00214994 0,00214994 0,002347807 0,002347807 0,002347807 0,002347807 0,002913907 0,007941407 0,007941407 0,007941407 0,007941407 0,007941407 0,006941149 0,006941149 0,006989336 0,006989336 0,006423236 0,006423236 0,006423236 0,006423236 0,006423236 0,006423236 0,009674223 0,009674223 0,01009404 0,01009404 0,01066014 0,01734703 0,01734703 0,01734703 0,017466 0,017466 0,01767684 0,01767684 0,01767684 0,01767684 0,01767684 0,02563202 0,02582454 0,02582454 0,02582454 0,02582454 0,02582454 0,02582454 0,02582454 0,02525844 0,01689031 0,01986855 0,01986855 0,01986855 0,01986855 0,01986855 0,01986855 0,01986855 0,02085386 0,02112172 0,02112172 0,01636266 0,01551469 0,01857289 0,01857289 0,01913899 0,01530702 0,01530702 0,01530702
0,00214994 0,00214994 0,00214994 0,002032235 0,002347807 0,002347807 0,002347807 0,002347807 0,002347807 0,007941407 0,007941407 0,007941407 0,007941407 0,007941407 0,006941149 0,00637505 0,00637505 0,00637505 0,00637505 0,006423236 0,006423236 0,006423236 0,006423236 0,006423236 0,009674223 0,01009404 0,01009404 0,01009404 0,01009404 0,01678093 0,01678093 0,017466 0,017466 0,017466 0,01767684 0,01767684 0,01767684 0,01767684 0,02563202 0,02582454 0,02582454 0,02582454 0,02582454 0,02582454 0,02582454 0,02582454 0,02582454 0,01830727 0,01772382 0,02070206 0,02013596 0,01986855 0,01986855 0,01986855 0,02032181 0,02032181 0,0212653 0,02112172 0,02112172 0,01636266 0,01659655 0,02252692 0,01913899 0,01913899 0,01530702 0,01530702 0,01437398
0,0009640496 0,0009640496 0,0008463443 0,0008463443 0,006262746 0,006262746 0,006262746 0,006262746 0,006262746 0,006059478 0,006059478 0,006059478 0,006059478 0,006059478 0,009247394 0,009247394 0,009247394 0,009247394 0,009247394 0,01160027 0,01160027 0,01160027 0,01160027 0,01160027 0,01834469 0,01897087 0,01961028 0,01961028 0,01961028 0,01183349 0,01195245 0,01259692 0,01301321 0,01301321 0,0171534 0,0171534 0,0171534 0,02510858 0,02978034 0,02585375 0,02585375 0,02755548 0,02585375 0,02585375 0,02438558 0,02438558 0,01686831 0,0162504 0,0162504 0,02321865 0,02321865 0,02321865 0,02321865 0,02321865 0,02726866 0,02755146 0,02796936 0,02797196 0,02943488 0,01456822 0,01635664 0,02083001 0,01840628 0,01843037 0,02044773 0,02013367 0,02013367
0,0008463443 0,0008463443 0,0008463443 0,0008463443 0,006262746 0,006262746 0,006262746 0,006262746 0,006262746 0,006059478 0,006059478 0,006059478 0,006059478 0,006059478 0,009247394 0,009247394 0,009247394 0,009247394 0,009665837 0,01160027 0,01160027 0,01246584 0,01246584 0,01352506 0,02081774 0,01961028 0,01961028 0,01961028 0,019439 0,01195245 0,01240572 0,01301321 0,01301321 0,01376714 0,01734123 0,01763318 0,02558836 0,03026012 0,0265126 0,02806799 0,02806799 0,02806799 0,02829743 0,02829743 0,02790724 0,02038997 0,01950465 0,01977206 0,01977206 0,02674031 0,02674031 0,02674031 0,02674031 0,02580727 0,02985813 0,03015837 0,03058935 0,03163362 0,03292044 0,0178167 0,01893741 0,01894526 0,01893973 0,01840628 0,02013367 0,02013367 0,02013367
