data/thuenen/biomass_kg_km2_crangon.asc
NCOLS 440
NROWS 200
XLLCORNER -1
YLLCORNER 51
CELLSIZE 0.025
NODATA_value -9999
[rows 29 to 57 of 200, columns 201 to 267 of 440]
0,003657059 0,003657059 0,003657059 0,002957831 0,003419945 0,003419945 0,003419945 0,003419945 0,003419945 0,004862117 0,004862117 0,004862117 0,004862117 0,004862117 0,004573697 0,004573697 0,004573697 0,004573697 0,004321741 0,004338525 0,004290339 0,004290339 0,004290339 0,004290339 0,004303623 0,004565446 0,004590269 0,004734618 0,004734618 0,004734618 0,004734618 0,004734618 0,004734618 0,004734618 0,004734618 0,004734618 0,004734618 0,004734618 0,004734618 0,005314527 0,005314527 0,005314527 0,005560694 0,005811972 0,005811972 0,006295626 0,006295626 0,006295626 0,007146489 0,007619193 0,007619193 0,007881016 0,007881016 0,007881016 0,008793801 0,008721118 0,008721118 0,008971752 0,009314188 0,009863503 0,009863503 0,009986881 0,009986881 0,009986881 0,009986881 0,009986881 0,009986881
0,003913234 0,004119174 0,004685273 0,004685273 0,004433853 0,004433853 0,004433853 0,004433853 0,004433853 0,004433853 0,004433853 0,004433853 0,004433853 0,004433853 0,004065801 0,004065801 0,004065801 0,004065801 0,003813845 0,003813845 0,003765659 0,003765659 0,003765659 0,003765659 0,003765659 0,003765659 0,003778943 0,004065589 0,004209938 0,004209938 0,004209938 0,004209938 0,004209938 0,004209938 0,004209938 0,004209938 0,004209938 0,004209938 0,004209938 0,004209938 0,003643838 0,005440808 0,005440808 0,005440808 0,005500613 0,005500613 0,005500613 0,005984266 0,005984266 0,005776051 0,007099619 0,007099619 0,007361442 0,007361442 0,007361442 0,007623265 0,007550583 0,007550583 0,008367316 0,008709752 0,008709752 0,008709752 0,00883313 0,00883313 0,00883313 0,00883313 0,00883313
0,004479334 0,004685273 0,004685273 0,004685273 0,004433853 0,004433853 0,004433853 0,004433853 0,004433853 0,004433853 0,004433853 0,004433853 0,004433853 0,004433853 0,004065801 0,004065801 0,004065801 0,004065801 0,004065801 0,003813845 0,003813845 0,003765659 0,003765659 0,003765659 0,003765659 0,003765659 0,003765659 0,003778943 0,004040766 0,004065589 0,004209938 0,004209938 0,004209938 0,004209938 0,004209938 0,004209938 0,004209938 0,004209938 0,004209938 0,004209938 0,004209938 0,004209938 0,005440808 0,005440808 0,005003168 0,005500613 0,005500613 0,005500613 0,005984266 0,005776051 0,005776051 0,007099619 0,007099619 0,007361442 0,007361442 0,007361442 0,008189365 0,008116682 0,008116682 0,008367316 0,008367316 0,008709752 0,008709752 0,00883313 0,00883313 0,00883313 0,00883313
0,004479334 0,004479334 0,004685273 0,004685273 0,00569918 0,004433853 0,004433853 0,004433853 0,004433853 0,004433853 0,004433853 0,004433853 0,004433853 0,004433853 0,004065801 0,004065801 0,004065801 0,004065801 0,004065801 0,003813845 0,003813845 0,003765659 0,003765659 0,003765659 0,003765659 0,003765659 0,003765659 0,003765659 0,003765659 0,003778943 0,004065589 0,004209938 0,004209938 0,004209938 0,004209938 0,004209938 0,004209938 0,004209938 0,004209938 0,004209938 0,004209938 0,004209938 0,004209938 0,006006908 0,005569268 0,005569268 0,005500613 0,005500613 0,005500613 0,005776051 0,005776051 0,005776051 0,007193014 0,007665718 0,007927542 0,007927542 0,007927542 0,008189365 0,008116682 0,008116682 0,008367316 0,008367316 0,008709752 0,008709752 0,00883313 0,00883313 0,008981959
0,004479334 0,004479334 0,004685273 0,004685273 0,00569918 0,004433853 0,004433853 0,004433853 0,004433853 0,004433853 0,004582682 0,004582682 0,004582682 0,004582682 0,00421463 0,004065801 0,004065801 0,004065801 0,004065801 0,003813845 0,003813845 0,003765659 0,003765659 0,003765659 0,003765659 0,003765659 0,003765659 0,003765659 0,003765659 0,003765659 0,003778943 0,004040766 0,004065589 0,004209938 0,004209938 0,004209938 0,004209938 0,004209938 0,004209938 0,004209938 0,004209938 0,004209938 0,004209938 0,004209938 0,005569268 0,005569268 0,005569268 0,005815434 0,006066712 0,005858497 0,00634215 0,00634215 0,00634215 0,007193014 0,007665718 0,007927542 0,007927542 0,007927542 0,008189365 0,008116682 0,008116682 0,008367316 0,008367316 0,008709752 0,008709752 0,008981959 0,008981959
0,004479334 0,004479334 0,004479334 0,004685273 0,00569918 0,00569918 0,004433853 0,004433853 0,004582682 0,004582682 0,004582682 0,004582682 0,004582682 0,004582682 0,00421463 0,00421463 0,00421463 0,004065801 0,004065801 0,004065801 0,003813845 0,003813845 0,003765659 0,003765659 0,003765659 0,003765659 0,003765659 0,003765659 0,003765659 0,003765659 0,003765659 0,003765659 0,003916787 0,004065589 0,004209938 0,004209938 0,004209938 0,004209938 0,004209938 0,004209938 0,004209938 0,004209938 0,004209938 0,004209938 0,003772297 0,005569268 0,005569268 0,005569268 0,005815434 0,005858497 0,005858497 0,00634215 0,00634215 0,00634215 0,007193014 0,007665718 0,007927542 0,007927542 0,007927542 0,008189365 0,008116682 0,008116682 0,008367316 0,008709752 0,008858581 0,008858581 0,008981959
0,00512519 0,00512519 0,00512519 0,005331128 0,005331128 0,005331128 0,00421463 0,00421463 0,00421463 0,004419928 0,004419928 0,004419928 0,004419928 0,004419928 0,004419928 0,004271099 0,004271099 0,004271099 0,004271099 0,004271099 0,004019143 0,004019143 0,003970957 0,003970957 0,003970957 0,003970957 0,003970957 0,003970957 0,003970957 0,003765659 0,003199559 0,003199559 0,003199559 0,003212843 0,003499489 0,003643838 0,004209938 0,004209938 0,004209938 0,003564082 0,003564082 0,003564082 0,003564082 0,003564082 0,003564082 0,003564082 0,005361052 0,005361052 0,005361052 0,005607218 0,005858497 0,005858497 0,00634215 0,00634215 0,00634215 0,007193014 0,007665718 0,007927542 0,007927542 0,007927542 0,008189365 0,008116682 0,008265511 0,008516145 0,008858581 0,008858581 0,008858581
0,00512519 0,00512519 0,00512519 0,005479957 0,005479957 0,005479957 0,00421463 0,00421463 0,00421463 0,004419928 0,004419928 0,004419928 0,004419928 0,004419928 0,004271099 0,004271099 0,004271099 0,004271099 0,004271099 0,004271099 0,004019143 0,004019143 0,003970957 0,003970957 0,003970957 0,003970957 0,003404857 0,003404857 0,003404857 0,003199559 0,003199559 0,003199559 0,003199559 0,003199559 0,003212843 0,003499489 0,003643838 0,003643838 0,003643838 0,002997983 0,003564082 0,003564082 0,003564082 0,003564082 0,003564082 0,003564082 0,003564082 0,005361052 0,005361052 0,005361052 0,005607218 0,005858497 0,005858497 0,00634215 0,00634215 0,00634215 0,007193014 0,007665718 0,007927542 0,008076371 0,008076371 0,008338194 0,008265511 0,008265511 0,008516145 0,008858581 0,008858581
0,005274019 0,005274019 0,004195331 0,004296255 0,004761882 0,004761882 0,00421463 0,00421463 0,00421463 0,004419928 0,004419928 0,004419928 0,004419928 0,004419928 0,004271099 0,004271099 0,004271099 0,004271099 0,004271099 0,004271099 0,004019143 0,004019143 0,003970957 0,003970957 0,003404857 0,003404857 0,003404857 0,003404857 0,003404857 0,003199559 0,003199559 0,003199559 0,003199559 0,003199559 0,003199559 0,003212843 0,003474667 0,003499489 0,003643838 0,002997983 0,002997983 0,002997983 0,003564082 0,003564082 0,003564082 0,003564082 0,003564082 0,003564082 0,003564082 0,005361052 0,005361052 0,005607218 0,005858497 0,005858497 0,00634215 0,006490979 0,006490979 0,007814548 0,007814548 0,008076371 0,008076371 0,008076371 0,008338194 0,008265511 0,008265511 0,008516145 0,008858581
0,004195331 0,004195331 0,004195331 0,00440127 0,004761882 0,004761882 0,00421463 0,00421463 0,00421463 0,004419928 0,004419928 0,004419928 0,004419928 0,004271099 0,004271099 0,004271099 0,004271099 0,004271099 0,004271099 0,004271099 0,004019143 0,004019143 0,003970957 0,003404857 0,003404857 0,003404857 0,003404857 0,003404857 0,003404857 0,003199559 0,003199559 0,003199559 0,003199559 0,003199559 0,003199559 0,003199559 0,003212843 0,003474667 0,003499489 0,002997983 0,002997983 0,002997983 0,002997983 0,003564082 0,003564082 0,003564082 0,003564082 0,003564082 0,003564082 0,005361052 0,005361052 0,005361052 0,005607218 0,006007326 0,006007326 0,006490979 0,006490979 0,006490979 0,007814548 0,007814548 0,008076371 0,008076371 0,008076371 0,008338194 0,008265511 0,008265511 0,008516145
0,004195331 0,004195331 0,004195331 0,004582682 0,004761882 0,004761882 0,00421463 0,00421463 0,00421463 0,004419928 0,004419928 0,004419928 0,004419928 0,004271099 0,004271099 0,004271099 0,004271099 0,004271099 0,004271099 0,004271099 0,004019143 0,004019143 0,003404857 0,003404857 0,003404857 0,003404857 0,003404857 0,003404857 0,003404857 0,003199559 0,003199559 0,003199559 0,003199559 0,003199559 0,003199559 0,003199559 0,003199559 0,003212843 0,003474667 0,002853634 0,002997983 0,002997983 0,002997983 0,002997983 0,003564082 0,003564082 0,003564082 0,003564082 0,003564082 0,003564082 0,005361052 0,005361052 0,005361052 0,005756048 0,006007326 0,006007326 0,006490979 0,006490979 0,006490979 0,007814548 0,007814548 0,008076371 0,008076371 0,008076371 0,008265511 0,008265511 0,008265511
0,004195331 0,004195331 0,004195331 0,004582682 0,00496718 0,00496718 0,004419928 0,004419928 0,004419928 0,004419928 0,004419928 0,004419928 0,004419928 0,004271099 0,004271099 0,004271099 0,004271099 0,004271099 0,004271099 0,004271099 0,004019143 0,004019143 0,003404857 0,003404857 0,003404857 0,003404857 0,003404857 0,003404857 0,003404857 0,003404857 0,003404857 0,003404857 0,003404857 0,003404857 0,003199559 0,003199559 0,003199559 0,003199559 0,003212843 0,002828811 0,002853634 0,002997983 0,002997983 0,002997983 0,003564082 0,003564082 0,003564082 0,003564082 0,003564082 0,003564082 0,003564082 0,005361052 0,005361052 0,005361052 0,006007326 0,006007326 0,006007326 0,006490979 0,006490979 0,007341844 0,007814548 0,007814548 0,008076371 0,008076371 0,008297068 0,008224386 0,008224386
0,004195331 0,004195331 0,004195331 0,004296255 0,00496718 0,00496718 0,004419928 0,004419928 0,004419928 0,004419928 0,004419928 0,004419928 0,004271099 0,004271099 0,004271099 0,004271099 0,004271099 0,004271099 0,004271099 0,004271099 0,004019143 0,003453043 0,003404857 0,003404857 0,003404857 0,003404857 0,003404857 0,003404857 0,003404857 0,003404857 0,003404857 0,003404857 0,003404857 0,003404857 0,003199559 0,003199559 0,003199559 0,003199559 0,003199559 0,002566988 0,002828811 0,002853634 0,002997983 0,002997983 0,002997983 0,003564082 0,003564082 0,003564082 0,003564082 0,003564082 0,003564082 0,003564082 0,005361052 0,005361052 0,005509881 0,006007326 0,006007326 0,006007326 0,006490979 0,006490979 0,007341844 0,007814548 0,008076371 0,008076371 0,008035244 0,008297068 0,008224386
0,004195331 0,004195331 0,004195331 0,004296255 0,00496718 0,00496718 0,004419928 0,004419928 0,004419928 0,004419928 0,004419928 0,004419928 0,004271099 0,004271099 0,004271099 0,004271099 0,004271099 0,004271099 0,004271099 0,004271099 0,004019143 0,003453043 0,003404857 0,003404857 0,003404857 0,003404857 0,003404857 0,003404857 0,003404857 0,003404857 0,003404857 0,003404857 0,003404857 0,003404857 0,003199559 0,003199559 0,003199559 0,003199559 0,003199559 0,002553704 0,002566988 0,002828811 0,002853634 0,002997983 0,002997983 0,003564082 0,003564082 0,003564082 0,003564082 0,003564082 0,003564082 0,003564082 0,003564082 0,005361052 0,005509881 0,005509881 0,006007326 0,006007326 0,006490979 0,006490979 0,006490979 0,007341844 0,007814548 0,008076371 0,008035244 0,008035244 0,008297068
0,004195331 0,004195331 0,004195331 0,004296255 0,00496718 0,00496718 0,004419928 0,004419928 0,004419928 0,004419928 0,004271099 0,004271099 0,004271099 0,004271099 0,004271099 0,004271099 0,004271099 0,004271099 0,004271099 0,004271099 0,004019143 0,004019143 0,003404857 0,003404857 0,003404857 0,003404857 0,003404857 0,003404857 0,003404857 0,003404857 0,003404857 0,003404857 0,003404857 0,003404857 0,003199559 0,003199559 0,003199559 0,003199559 0,003199559 0,002553704 0,002553704 0,002566988 0,002828811 0,002997983 0,003564082 0,003564082 0,003564082 0,003564082 0,003564082 0,003564082 0,003564082 0,003564082 0,003564082 0,003712911 0,005509881 0,005509881 0,005756048 0,006007326 0,006007326 0,006490979 0,006490979 0,006490979 0,007814548 0,007814548 0,008035244 0,008035244 0,008035244
0,004393198 0,004393198 0,004393198 0,004611827 0,005129789 0,005129789 0,004266966 0,004266966 0,004118137 0,004118137 0,004118137 0,004118137 0,004271099 0,004271099 0,004271099 0,004271099 0,004271099 0,004271099 0,004271099 0,004019143 0,004019143 0,003970957 0,003404857 0,003404857 0,003404857 0,003404857 0,003404857 0,003404857 0,003404857 0,003404857 0,003404857 0,003404857 0,003404857 0,003404857 0,003199559 0,003199559 0,003199559 0,003199559 0,003199559 0,002553704 0,002553704 0,002553704 0,002566988 0,002853634 0,003564082 0,003564082 0,003564082 0,003564082 0,003564082 0,003564082 0,003564082 0,003564082 0,003564082 0,003712911 0,005509881 0,005509881 0,005509881 0,006007326 0,006007326 0,006007326 0,006490979 0,006490979 0,007341844 0,007814548 0,008035244 0,008035244 0,008035244
0,004445533 0,004445533 0,004769178 0,005129789 0,005129789 0,004582538 0,004433708 0,004433708 0,004433708 0,006942332 0,006942332 0,006942332 0,006942332 0,006942332 0,006942332 0,006942332 0,006942332 0,00662676 0,00662676 0,007194682 0,007194682 0,007146496 0,007146496 0,006580397 0,006580397 0,006580397 0,006580397 0,006580397 0,006580397 0,006580397 0,006580397 0,006580397 0,006580397 0,006580397 0,00260604 0,00260604 0,00260604 0,00260604 0,00260604 0,00260604 0,00260604 0,00260604 0,00260604 0,003185423 0,003472069 0,003616418 0,003616418 0,003616418 0,003616418 0,003616418 0,003616418 0,003616418 0,003616418 0,003765247 0,003671785 0,005468755 0,005468755 0,005468755 0,0059662 0,0059662 0,006449854 0,006449854 0,006449854 0,007300718 0,006539955 0,006801778 0,006801778
0,004445533 0,004445533 0,004664163 0,005847865 0,005847865 0,004433708 0,004433708 0,004433708 0,004433708 0,006942332 0,006942332 0,006942332 0,006942332 0,006942332 0,006942332 0,006942332 0,006942332 0,006942332 0,006942332 0,007510254 0,007510254 0,007462068 0,007462068 0,006895968 0,006895968 0,006895968 0,006895968 0,006895968 0,006895968 0,006895968 0,006895968 0,006895968 0,006895968 0,006895968 0,002921612 0,002921612 0,002921612 0,002921612 0,002921612 0,002921612 0,002921612 0,002921612 0,003487711 0,003487711 0,003638839 0,003787641 0,00393199 0,00393199 0,00393199 0,00393199 0,00393199 0,00393199 0,004080819 0,004080819 0,003987357 0,003987357 0,005784327 0,005784327 0,006030494 0,006281772 0,006281772 0,006765426 0,006765426 0,006765426 0,006855527 0,006855527 0,007117351
0,004397348 0,004445533 0,005847865 0,005847865 0,005699036 0,004433708 0,004433708 0,004433708 0,004433708 0,006942332 0,006942332 0,006942332 0,006942332 0,006942332 0,006942332 0,006942332 0,006942332 0,006942332 0,006376232 0,006944154 0,006944154 0,006895968 0,006895968 0,006895968 0,006895968 0,006895968 0,006895968 0,006895968 0,006895968 0,006895968 0,006895968 0,006895968 0,006895968 0,006895968 0,002921612 0,002921612 0,002921612 0,002921612 0,002921612 0,002921612 0,003487711 0,003487711 0,003487711 0,003487711 0,003500995 0,00400243 0,004171601 0,004171601 0,004171601 0,004171601 0,004171601 0,004320431 0,004320431 0,004320431 0,004226969 0,004226969 0,006023939 0,006023939 0,006023939 0,006521384 0,006521384 0,006521384 0,007005037 0,007005037 0,006622435 0,007095139 0,007117351
0,01007526 0,005918648 0,005799679 0,005699036 0,004433708 0,004433708 0,004433708 0,004433708 0,004433708 0,006942332 0,006942332 0,006942332 0,006942332 0,006942332 0,006376232 0,006376232 0,006376232 0,006376232 0,006124276 0,006944154 0,006895968 0,006895968 0,006895968 0,006895968 0,006895968 0,006895968 0,006895968 0,006895968 0,006895968 0,006895968 0,006895968 0,006895968 0,006895968 0,006895968 0,002921612 0,002921612 0,003606679 0,003606679 0,003606679 0,003606679 0,003606679 0,003606679 0,003606679 0,003606679 0,003606679 0,003619964 0,004146221 0,00429057 0,00429057 0,00662346 0,006772289 0,01003197 0,01015112 0,01015112 0,009938688 0,009938688 0,009938688 0,01343739 0,01173566 0,01173566 0,0122331 0,0122331 0,009337927 0,007005037 0,005771571 0,007095139 0,007095139
0,01073413 0,008251538 0,008102708 0,004504491 0,004552677 0,004552677 0,004552677 0,004552677 0,004552677 0,0070613 0,0070613 0,0070613 0,006495201 0,006495201 0,006495201 0,006495201 0,006376232 0,006376232 0,006124276 0,006944154 0,006895968 0,007014937 0,007014937 0,007014937 0,007014937 0,007014937 0,007014937 0,007014937 0,007014937 0,007014937 0,009347827 0,009913926 0,01347521 0,01347521 0,009500854 0,009500854 0,009500854 0,009500854 0,009500854 0,009500854 0,009500854 0,009500854 0,009500854 0,007605878 0,007605878 0,007605878 0,007983333 0,008107313 0,008230691 0,00837952 0,00837952 0,00837952 0,00837952 0,00837952 0,00816709 0,00816709 0,008740991 0,008740991 0,01053796 0,01053796 0,01016798 0,01041926 0,0104615 0,01094516 0,006784757 0,007635621 0,0100033
0,01181282 0,01166399 0,01166399 0,01039867 0,01039867 0,01032771 0,006885567 0,006885567 0,004552677 0,007881179 0,007881179 0,007315079 0,007315079 0,007315079 0,007315079 0,007315079 0,007315079 0,007063123 0,007063123 0,007063123 0,007014937 0,007014937 0,007014937 0,007014937 0,007014937 0,009347827 0,009347827 0,01290911 0,01290911 0,01290911 0,01290911 0,01347521 0,01347521 0,01347521 0,01282936 0,01282936 0,01282936 0,01093438 0,01093438 0,01093438 0,01093438 0,01105776 0,01105776 0,01105776 0,01023788 0,01023788 0,01023788 0,01073931 0,01133114 0,01129002 0,01129002 0,01129002 0,01178353 0,01144714 0,009241681 0,009128921 0,009583913 0,04061193 0,05969561 0,05892444 0,007665451 0,007904021 0,007163037 0,007646691 0,007110785 0,007110785 0,008476603
0,008251538 0,005769818 0,004504491 0,004504491 0,004504491 0,004504491 0,004552677 0,004552677 0,004552677 0,007881179 0,007881179 0,007315079 0,007315079 0,007315079 0,007315079 0,007315079 0,007315079 0,007063123 0,007063123 0,007014937 0,007014937 0,007014937 0,007014937 0,007014937 0,007014937 0,007014937 0,007014937 0,009347827 0,01278997 0,01290911 0,01290911 0,01290911 0,01517694 0,01347521 0,01290584 0,01282936 0,01282936 0,01282936 0,01093438 0,01093438 0,01093438 0,01093438 0,01105776 0,01105776 0,01023788 0,01023788 0,01038671 0,01038671 0,01088814 0,01129002 0,01129002 0,01129002 0,01129002 0,01178353 0,009069416 0,009241681 0,009128921 0,009583913 0,04068184 0,01815237 0,007790609 0,007652743 0,007163037 0,007163037 0,007110785 0,007158971 0,008052086
0,005918648 0,004504491 0,004504491 0,004504491 0,004504491 0,004504491 0,004504491 0,004552677 0,004552677 0,007881179 0,007315079 0,007315079 0,007315079 0,007315079 0,007196111 0,007196111 0,006944154 0,006944154 0,006895968 0,006895968 0,006895968 0,007014937 0,007014937 0,007014937 0,007014937 0,007014937 0,007014937 0,007014937 0,007014937 0,009347827 0,01290911 0,01290911 0,01347521 0,01347521 0,01282936 0,01282936 0,01282936 0,01282936 0,01282936 0,01093438 0,01093438 0,0115227 0,01093438 0,01105776 0,01038671 0,01038671 0,01038671 0,01038671 0,01088814 0,0108952 0,01133821 0,01133821 0,01133821 0,01133821 0,009453993 0,008960482 0,009177106 0,009177106 0,01394127 0,007713637 0,007713637 0,007990524 0,007952207 0,007211223 0,007158971 0,007158971 0,007453177
0,004504491 0,004504491 0,004504491 0,004504491 0,004385523 0,004385523 0,004385523 0,004385523 0,004433708 0,007196111 0,007196111 0,007196111 0,007196111 0,007196111 0,007196111 0,006944154 0,006944154 0,006944154 0,006895968 0,006895968 0,006895968 0,006895968 0,007014937 0,007014937 0,007014937 0,007014937 0,007014937 0,007014937 0,007014937 0,007014937 0,009347827 0,01278997 0,01290911 0,01347521 0,01282936 0,01282936 0,01282936 0,01282936 0,01282936 0,01282936 0,01282936 0,01093438 0,01108321 0,01113139 0,01043489 0,01043489 0,01043489 0,01043489 0,01043489 0,0108952 0,01114716 0,01159016 0,01159016 0,01159016 0,009212438 0,01037371 0,009212438 0,009429063 0,009429063 0,006168623 0,007748968 0,007748968 0,008204163 0,007463179 0,006927274 0,007453177 0,007453177
0,004385523 0,004385523 0,004385523 0,004385523 0,004385523 0,004385523 0,004385523 0,004385523 0,004385523 0,007196111 0,007196111 0,007196111 0,007196111 0,007196111 0,007196111 0,006944154 0,006944154 0,006944154 0,006895968 0,006895968 0,006895968 0,006895968 0,006895968 0,006895968 0,007014937 0,007014937 0,007014937 0,007014937 0,007014937 0,007014937 0,007014937 0,007014937 0,009347827 0,01347521 0,01282936 0,01282936 0,01282936 0,01282936 0,01282936 0,01287754 0,01287754 0,01287754 0,01113139 0,01113139 0,01056347 0,01056347 0,01068685 0,01068685 0,01068685 0,01114716 0,01114716 0,01114716 0,01159016 0,01159016 0,009212438 0,009212438 0,01037371 0,009212438 0,009429063 0,006168623 0,008786866 0,007748968 0,007952885 0,007874703 0,006927274 0,007453177 0,007453177
0,004534352 0,004385523 0,004385523 0,004385523 0,006894146 0,006894146 0,006894146 0,006894146 0,006894146 0,00776221 0,007196111 0,007196111 0,007196111 0,007196111 0,006944154 0,006944154 0,006944154 0,006944154 0,006944154 0,006895968 0,006895968 0,006895968 0,006895968 0,006895968 0,006250113 0,006250113 0,006369081 0,006369081 0,006369081 0,006369081 0,006369081 0,006369081 0,006935181 0,009268071 0,0127584 0,01287754 0,01287754 0,01287754 0,01287754 0,01283642 0,01308837 0,0132372 0,0132372 0,01134222 0,01040495 0,01040495 0,01040495 0,01052833 0,01052833 0,009929474 0,01005345 0,01005345 0,01005345 0,01025201 0,01150785 0,01150785 0,01150785 0,01254575 0,01150785 0,01117803 0,012975 0,012975 0,01171916 0,0119758 0,01098418 0,01151008 0,01151008
0,004534352 0,004385523 0,004385523 0,004385523 0,006894146 0,006894146 0,006894146 0,006894146 0,006894146 0,007714024 0,00776221 0,007196111 0,007196111 0,006944154 0,006944154 0,006944154 0,006944154 0,006944154 0,006944154 0,006944154 0,006944154 0,006944154 0,006944154 0,006944154 0,006298299 0,006298299 0,006298299 0,006417267 0,006417267 0,006417267 0,006417267 0,006983367 0,006983367 0,006983367 0,009316257 0,009316257 0,0131295 0,0131295 0,0131295 0,01308837 0,01308837 0,0132372 0,0132372 0,0132372 0,01040495 0,01040495 0,01040495 0,01040495 0,01052833 0,009552018 0,01005345 0,01005345 0,01005345 0,01005345 0,01025201 0,01150785 0,01150785 0,01150785 0,01150785 0,01221592 0,01117803 0,012975 0,01171916 0,0119758 0,01098418 0,01102643 0,01151008
0,004534352 0,004385523 0,004385523 0,004385523 0,006894146 0,006894146 0,006894146 0,006894146 0,006894146 0,007714024 0,007714024 0,007196111 0,006944154 0,006944154 0,006944154 0,006944154 0,006944154 0,006944154 0,006944154 0,006944154 0,006944154 0,006944154 0,007196111 0,007196111 0,006550255 0,006550255 0,006550255 0,006550255 0,006550255 0,006669223 0,006669223 0,007235323 0,007235323 0,007235323 0,007235323 0,007235323 0,009568213 0,0131295 0,0131295 0,01308837 0,0147901 0,0132372 0,0132372 0,0132372 0,01229993 0,01040495 0,01040495 0,01040495 0,01040495 0,009552018 0,01005345 0,01005345 0,01005345 0,01005345 0,01005345 0,01258944 0,01150785 0,01150785 0,0117546 0,01117803 0,01117803 0,012975 0,0115206 0,01172452 0,01176741 0,01102643 0,01151008
