data/thuenen/biomass_kg_km2_crangon.asc
NCOLS 440
NROWS 200
XLLCORNER -1
YLLCORNER 51
CELLSIZE 0.025
NODATA_value -9999
[rows 29 to 57 of 200, columns 268 to 334 of 440]
0,009986881 0,01074927 0,0108981 0,0108981 0,0108981 0,0108981 0,01114873 0,01116552 0,01141156 0,01141156 0,01073487 0,01073487 0,01008902 0,01008902 0,01008902 0,01013721 0,01029766 0,01060153 0,01085349 0,01169851 0,01169851 0,01169851 0,01314742 0,0128884 0,0128884 0,01297054 0,01364509 0,01599034 0,01599034 0,01599034 0,01599034 0,01599034 0,01594921 0,01594921 0,01630089 0,01630626 0,01685352 0,01703115 0,01480454 0,01487138 0,0148825 0,01436563 0,0140708 0,014703 0,014703 0,01510789 0,01514922 0,01502247 0,01581836 0,01591335 0,01614834 0,01614834 0,01861682 0,01869077 0,01869077 0,01855651 0,01937144 0,02100322 0,02095168 0,02095168 0,02094562 0,0220079 0,02153578 0,02153578 0,02153578 0,02140828 0,02206927
0,00883313 0,008981959 0,01037422 0,01037422 0,01037422 0,01037422 0,01037422 0,0107647 0,0107647 0,01101075 0,01101075 0,01033406 0,01033406 0,01038225 0,01038225 0,01038225 0,0106342 0,0113649 0,01141308 0,01196033 0,01196033 0,01196033 0,01443221 0,01443221 0,01425533 0,01453076 0,01589058 0,01645525 0,01645525 0,01645525 0,01645525 0,01645525 0,01645525 0,01645525 0,01680693 0,01735955 0,01740079 0,01555241 0,01590314 0,01579248 0,01506905 0,01462208 0,01549175 0,01592045 0,0158452 0,01597151 0,01597151 0,01824235 0,01823437 0,01819016 0,01856435 0,01905483 0,0200787 0,0200787 0,01975405 0,01975405 0,02050034 0,0210024 0,0210024 0,0210024 0,0210024 0,02194131 0,02193376 0,02193376 0,02180626 0,02246726 0,02246726
0,008981959 0,008981959 0,01037422 0,01037422 0,01037422 0,01037422 0,01037422 0,01051407 0,0107647 0,01101075 0,01101075 0,01101075 0,01038225 0,01038225 0,01038225 0,0106342 0,0106342 0,01085628 0,01220992 0,01196033 0,01196033 0,01196033 0,01443221 0,01443221 0,01425533 0,01529182 0,01626994 0,01681719 0,01645525 0,01645525 0,01645525 0,01645525 0,01645525 0,01680693 0,01735955 0,01740079 0,01536698 0,01594672 0,01590314 0,01590314 0,01573369 0,0148171 0,01549175 0,0158452 0,0158452 0,01597151 0,01597151 0,01824235 0,01813333 0,01815772 0,01856435 0,01912877 0,0200787 0,01975405 0,01975405 0,02071295 0,02050034 0,0210024 0,0210024 0,0210024 0,0210024 0,02194131 0,02193376 0,02193376 0,02180626 0,02246726 0,02246726
0,008981959 0,008981959 0,009611835 0,01037422 0,01037422 0,01037422 0,01037422 0,01051407 0,01051407 0,0107647 0,01101075 0,01105893 0,01129164 0,0106342 0,0106342 0,0106342 0,0106342 0,01115406 0,01170131 0,01196033 0,01196033 0,01196033 0,01443221 0,01451435 0,01451435 0,01589058 0,01681719 0,01681719 0,01645525 0,01645525 0,01645525 0,01645525 0,0170025 0,01727204 0,01740079 0,01536698 0,01548661 0,01590314 0,01590314 0,01602863 0,01524797 0,0148171 0,0158452 0,0158452 0,01593019 0,01597151 0,01597151 0,01824235 0,01819814 0,01843313 0,01849909 0,01843684 0,01975405 0,01949503 0,01949503 0,02050034 0,02050034 0,02085519 0,0210024 0,0210024 0,0210024 0,02194131 0,02193376 0,02193376 0,02164688 0,02230787 0,02230787
0,008981959 0,008981959 0,009611835 0,009611835 0,01037422 0,01037422 0,01037422 0,01051407 0,01051407 0,01051407 0,01081289 0,01105893 0,01131089 0,01154359 0,0106342 0,0106342 0,0106342 0,01170131 0,01170131 0,01170131 0,01196033 0,01196033 0,01443221 0,01451435 0,01555085 0,01652897 0,01681719 0,01681719 0,01681719 0,01645525 0,01645525 0,01692036 0,01692036 0,01765444 0,01571895 0,01579984 0,01579984 0,01590314 0,01583323 0,01598989 0,01554292 0,01499727 0,0158452 0,0158452 0,01593019 0,01597151 0,01690766 0,01824235 0,01819814 0,01850707 0,01849909 0,01775041 0,01949503 0,01949503 0,01949503 0,02050034 0,02050034 0,02050663 0,02085519 0,0210024 0,02194131 0,02178192 0,02177438 0,02177438 0,02164688 0,0218066 0,0218066
0,008981959 0,008981959 0,009611835 0,009611835 0,009611835 0,01037422 0,01037422 0,01051407 0,01051407 0,01056225 0,01056225 0,01106484 0,01131089 0,01131089 0,01060788 0,0106342 0,01093197 0,01170131 0,01170131 0,01170131 0,01170131 0,01196033 0,01451435 0,01478978 0,0161496 0,01707622 0,01707622 0,01681719 0,01681719 0,01736444 0,01692036 0,01692036 0,01540604 0,01579984 0,01579984 0,01579984 0,01572994 0,01583323 0,01579449 0,01598989 0,01610257 0,01561211 0,01650984 0,0158452 0,01597151 0,01597151 0,01690766 0,01813333 0,01823965 0,01850707 0,01886329 0,01775041 0,01949503 0,01949503 0,0199229 0,02050034 0,02050034 0,02050663 0,02085519 0,02085519 0,02178192 0,02178192 0,02177438 0,02114561 0,02105789 0,0218066 0,02185196
0,008981959 0,008981959 0,009611835 0,009611835 0,009611835 0,009611835 0,01037422 0,01037422 0,01042241 0,01042241 0,01067437 0,010925 0,01127014 0,01151619 0,01151619 0,01113727 0,01168452 0,01168452 0,01168452 0,01168452 0,01168452 0,01219314 0,01449757 0,01553406 0,01651218 0,01705943 0,01705943 0,01736444 0,0172823 0,0172823 0,01515728 0,01531941 0,01783325 0,01785725 0,01778734 0,01763971 0,01760096 0,01912782 0,01932322 0,01834361 0,01809291 0,0185216 0,02012567 0,01954601 0,01958733 0,01971961 0,02052349 0,02055126 0,02086019 0,02086019 0,0200988 0,01983179 0,01956522 0,01970442 0,02070974 0,02070974 0,02070974 0,02122265 0,02122265 0,02157121 0,02235073 0,02249794 0,02280099 0,02267349 0,02258577 0,02333448 0,02458731
0,008858581 0,008981959 0,009611835 0,009611835 0,009611835 0,009611835 0,009611835 0,01042241 0,01042241 0,01067437 0,01067437 0,01067437 0,01127014 0,01127014 0,01181396 0,01236121 0,01168452 0,01168452 0,01168452 0,01168452 0,01168452 0,01176667 0,01553406 0,01651218 0,01705943 0,01705943 0,01752454 0,01754133 0,01498946 0,0151091 0,01542233 0,01567109 0,01778734 0,01763971 0,01760096 0,01760096 0,01779313 0,01905257 0,01924797 0,01857738 0,0185216 0,0185216 0,02042061 0,02025198 0,01958733 0,02052349 0,02041446 0,02059277 0,02086019 0,02121641 0,0200988 0,01983977 0,01956522 0,02013229 0,02070974 0,02070974 0,02070974 0,02122265 0,02122265 0,02235073 0,02235073 0,0221001 0,02288196 0,02290167 0,02258577 0,02258577 0,02461568
0,008858581 0,008981959 0,009611835 0,009611835 0,009611835 0,009611835 0,00966002 0,00966002 0,01067437 0,01067437 0,01067437 0,01067437 0,01101951 0,01156791 0,01236121 0,01236121 0,01259392 0,01168452 0,01168452 0,01168452 0,01176667 0,0120421 0,01587379 0,01705943 0,01760668 0,01752454 0,01752454 0,0157504 0,01568136 0,01542233 0,01596313 0,01638513 0,01760096 0,01760096 0,01752572 0,01752572 0,01752572 0,01924797 0,01834361 0,01809291 0,0185216 0,0185216 0,02050559 0,02043626 0,01971961 0,02052349 0,02055322 0,02086019 0,02086019 0,02028919 0,0200988 0,01983977 0,0195732 0,02057054 0,02070974 0,02070974 0,02070974 0,02122265 0,02106326 0,02200217 0,02235073 0,02184946 0,0240692 0,02266674 0,02266674 0,02285296 0,02337349
0,008858581 0,008858581 0,009611835 0,009611835 0,009611835 0,00966002 0,00966002 0,009911977 0,01067437 0,01067437 0,01067437 0,01067437 0,01131728 0,01186453 0,01211517 0,01236121 0,01236121 0,01168452 0,01168452 0,01176667 0,0120421 0,01340192 0,01680041 0,01785628 0,01752454 0,0152317 0,01535134 0,01568136 0,01568136 0,01561145 0,01634638 0,01634638 0,01760096 0,01752572 0,01752572 0,01752572 0,01772111 0,01834361 0,01809291 0,0185216 0,0185216 0,01860659 0,02054692 0,02054692 0,02126208 0,02048841 0,02052079 0,02072593 0,02102602 0,0200988 0,01983977 0,01983977 0,02000107 0,02057054 0,02070974 0,02070974 0,02070974 0,02122265 0,02200217 0,02200217 0,02235073 0,02184946 0,0240692 0,02266674 0,02299003 0,02302904 0,02302904
0,008516145 0,008858581 0,009488457 0,009611835 0,009611835 0,00966002 0,00966002 0,009911977 0,009911977 0,01067437 0,01067437 0,01151939 0,01186453 0,01186453 0,01211517 0,01211517 0,01236121 0,01236121 0,01176667 0,0120421 0,01340192 0,01432853 0,01734766 0,01726552 0,0152317 0,01535134 0,01566457 0,01568136 0,01587048 0,01630679 0,01634638 0,01666629 0,01787087 0,01752572 0,01752572 0,01772111 0,01772111 0,01857738 0,0185216 0,0185216 0,0185216 0,01885414 0,02075315 0,02155702 0,02120307 0,02022857 0,02046356 0,02027652 0,01983977 0,01983977 0,01983977 0,01983977 0,02057852 0,02057852 0,02057054 0,02070974 0,02070974 0,02122265 0,02216156 0,02200217 0,02200217 0,02226454 0,02299003 0,02299003 0,0230354 0,02300404 0,02299768
0,00847502 0,008817456 0,008817456 0,008817456 0,008989019 0,008989019 0,009240976 0,009240976 0,009240976 0,009538748 0,01084839 0,01084839 0,01172469 0,01172469 0,01172469 0,01197532 0,01222137 0,01477539 0,01604459 0,01611331 0,01666056 0,01720781 0,01712567 0,01483283 0,01495247 0,01552473 0,01552473 0,01694887 0,0176442 0,01794283 0,0176838 0,0176838 0,01906572 0,01906572 0,01872056 0,01891596 0,01824536 0,02025992 0,02068862 0,02089485 0,02102116 0,0208869 0,02071448 0,02166001 0,0213391 0,02127915 0,0206145 0,02099326 0,02036482 0,02036482 0,02036482 0,02158275 0,02120107 0,02120107 0,02119309 0,02133229 0,02133229 0,02210167 0,02239361 0,02239361 0,02223422 0,02245528 0,02537788 0,02537788 0,02542325 0,02542325 0,02542325
0,008224386 0,00847502 0,008817456 0,008865641 0,008989019 0,008989019 0,009240976 0,009538748 0,010086 0,010086 0,01084839 0,01084839 0,01172469 0,01172469 0,01172469 0,01180683 0,01205746 0,01581188 0,01679 0,01666056 0,01720781 0,01712567 0,01483283 0,01495247 0,0152657 0,01577432 0,01545482 0,0176442 0,01794283 0,01794283 0,01794283 0,0176838 0,01906572 0,01906572 0,01891596 0,01801159 0,01776089 0,02089485 0,02089485 0,02084557 0,02069651 0,02069651 0,02129196 0,02129196 0,02130667 0,02146343 0,02110498 0,02075797 0,02036482 0,02036482 0,02036482 0,02137014 0,02120107 0,02120107 0,02120107 0,02149104 0,02162423 0,02239361 0,02239361 0,02239361 0,02210672 0,022019 0,02587915 0,02542325 0,02542325 0,02542325 0,02542325
0,008224386 0,008224386 0,00847502 0,008865641 0,008865641 0,009240976 0,010086 0,010086 0,010086 0,010086 0,010086 0,01084839 0,01172469 0,01172469 0,01180683 0,01208226 0,01369271 0,01733725 0,01733725 0,01756996 0,01712567 0,01712567 0,01508573 0,0152657 0,0152657 0,0151958 0,01615016 0,01794283 0,01794283 0,01794283 0,01794283 0,0176838 0,01906572 0,01926111 0,01835675 0,01776089 0,0181728 0,02089485 0,02076059 0,02069651 0,02062769 0,02113233 0,02129196 0,0213391 0,02157409 0,02157409 0,02104639 0,02075797 0,02075797 0,02036482 0,02158275 0,02137014 0,02120107 0,02149301 0,02149301 0,02148502 0,02256314 0,02239361 0,02239361 0,02239361 0,02210672 0,022019 0,02587915 0,02542325 0,02542325 0,02673799 0,02542325
0,008224386 0,008224386 0,00847502 0,008865641 0,009163415 0,009962623 0,010086 0,010086 0,010086 0,010086 0,010086 0,010086 0,01180683 0,01180683 0,01284332 0,01382144 0,01436869 0,01709121 0,01733725 0,01788451 0,01712567 0,01483283 0,0152657 0,0152657 0,01545482 0,01589113 0,01669837 0,01794283 0,01794283 0,01794283 0,01794283 0,01794283 0,01926111 0,01926111 0,01859052 0,01796712 0,0181728 0,0205702 0,02065518 0,02062769 0,02062769 0,02113233 0,02129196 0,02130667 0,02157409 0,02157409 0,02123067 0,02075797 0,02075797 0,02036482 0,02158275 0,02192278 0,02133362 0,02133362 0,02133362 0,02132563 0,02227056 0,02223422 0,02223422 0,02223422 0,02210672 0,02176837 0,02522472 0,02557046 0,02557046 0,02534228 0,02534228
0,008297068 0,008224386 0,008272571 0,008820979 0,009962623 0,009962623 0,010086 0,010086 0,010086 0,010086 0,01016814 0,01016814 0,01284332 0,01344208 0,0142804 0,0142804 0,01436869 0,01710161 0,01710161 0,01780236 0,01780236 0,01518001 0,01535999 0,0158764 0,0162285 0,01618976 0,01618976 0,01794283 0,01794283 0,01794283 0,01794283 0,01794283 0,01926111 0,01835675 0,01831228 0,01851795 0,01784815 0,0205702 0,02062769 0,02062769 0,02113233 0,02113233 0,0213391 0,02130667 0,02157409 0,02206457 0,02134134 0,02142261 0,02059858 0,02089052 0,02176339 0,02176339 0,02133362 0,02133362 0,02108298 0,02108298 0,02220931 0,02199159 0,02229861 0,02188016 0,02175266 0,02143676 0,02494836 0,02499372 0,02499372 0,02534228 0,02533592
0,006801778 0,007063602 0,007244403 0,008089428 0,008592018 0,008934454 0,008934454 0,0102913 0,0102913 0,01037344 0,01140993 0,01200869 0,01547455 0,01612241 0,01612241 0,01613281 0,0162211 0,0162211 0,01701899 0,01717249 0,0150949 0,01486872 0,01547942 0,01573724 0,01569849 0,01569849 0,01569849 0,01996492 0,01980447 0,01980447 0,01980447 0,01999987 0,02133551 0,02103201 0,02123769 0,02091304 0,02056788 0,02037629 0,02037629 0,02037629 0,02102259 0,02102259 0,02207236 0,02230735 0,02230735 0,02263844 0,02191521 0,02084352 0,02073152 0,02073152 0,02084242 0,02084242 0,02066282 0,02066282 0,02197756 0,02197756 0,02306368 0,02287447 0,02278549 0,02278549 0,022658 0,02257027 0,02490723 0,02495259 0,02494624 0,02494624 0,0252948
0,007117351 0,007379174 0,007704786 0,008252038 0,008754628 0,009097064 0,008781492 0,01013834 0,01013834 0,01022048 0,01125697 0,01200869 0,01547455 0,01623694 0,01612241 0,01613281 0,01613281 0,0162211 0,01693684 0,01693684 0,01552329 0,01554541 0,01547942 0,01583152 0,01569849 0,01569849 0,01569849 0,01954544 0,01980447 0,01980447 0,01980447 0,01999987 0,02133551 0,02151648 0,02089775 0,02091304 0,02049906 0,02037629 0,02037629 0,02037629 0,02102259 0,02102259 0,02207236 0,02203993 0,02214796 0,02263844 0,02191521 0,0216911 0,02139616 0,02073152 0,02115939 0,02084242 0,02069267 0,02190014 0,02069267 0,02069267 0,02069267 0,02293064 0,02287447 0,02264629 0,02278549 0,022658 0,02490723 0,02490087 0,02494624 0,02494624 0,02494624
0,007117351 0,007117351 0,007777469 0,008252038 0,008503994 0,008754628 0,009097064 0,01033053 0,01045391 0,01045391 0,01053605 0,01081148 0,01494217 0,01479884 0,01628502 0,01628502 0,01628502 0,01606814 0,01653325 0,01678388 0,01527961 0,01559285 0,01479881 0,01476007 0,01527649 0,01569849 0,01569849 0,01954544 0,01980447 0,01980447 0,01980447 0,01980447 0,0222507 0,0224461 0,02114845 0,02070736 0,02084422 0,0202913 0,0202913 0,02037629 0,02037629 0,02037629 0,02202522 0,02202522 0,02188054 0,02214796 0,0227006 0,0216911 0,0216911 0,02142602 0,02196884 0,0212191 0,02071617 0,02071617 0,02071617 0,02071617 0,02071617 0,02178997 0,0228761 0,02264791 0,02263993 0,02265164 0,02498859 0,02490087 0,02490087 0,02494624 0,02494624
0,007356962 0,007356962 0,00801708 0,008491649 0,008743606 0,008994239 0,009336676 0,01057014 0,01069352 0,01045391 0,01045391 0,01045391 0,01390568 0,01343902 0,01496247 0,01573776 0,01628502 0,01683227 0,01683842 0,01485405 0,01568278 0,01568278 0,01579814 0,01492268 0,0146071 0,01451282 0,01512352 0,01954544 0,01970589 0,01980447 0,01980447 0,01980447 0,0222507 0,0222507 0,02186243 0,02088924 0,02112301 0,02008562 0,0202913 0,0202913 0,02037629 0,02037629 0,02137892 0,02186583 0,02186583 0,02246562 0,0227006 0,02192386 0,02172096 0,02175082 0,02145587 0,02078487 0,02103314 0,02071617 0,02071617 0,02071617 0,02071617 0,02178997 0,02198537 0,02264791 0,02264791 0,02263993 0,0248554 0,02490087 0,02490087 0,02490087 0,02494624
0,01026512 0,01031331 0,009173945 0,01023498 0,009587021 0,008862574 0,009113207 0,01068911 0,01068911 0,01069352 0,01069352 0,01069352 0,01406315 0,01406315 0,0134032 0,01432649 0,01484794 0,01628502 0,01683842 0,01459301 0,01543674 0,01568278 0,01561288 0,01485 0,01479066 0,01469638 0,01469638 0,01915403 0,01935008 0,01965151 0,01965151 0,01980447 0,0222507 0,02211645 0,02192606 0,02179361 0,02179361 0,02091525 0,02008562 0,0202913 0,0202913 0,02037629 0,02137892 0,02121953 0,02241847 0,02241847 0,02246562 0,02195371 0,02198357 0,0219861 0,02175082 0,02145587 0,02083519 0,02126306 0,02133924 0,02094609 0,02094609 0,02201989 0,02201989 0,02216711 0,02287783 0,02287783 0,02498487 0,02484939 0,02476167 0,02490087 0,02494624
0,008476603 0,008663234 0,008539856 0,009340169 0,009340169 0,009637943 0,01043583 0,01518628 0,01388656 0,01400994 0,01400994 0,01400994 0,01514732 0,01514732 0,01440523 0,01516762 0,01513523 0,01487374 0,01555266 0,01451351 0,01543674 0,01568278 0,01890389 0,01890277 0,01799338 0,01757234 0,01757234 0,01981234 0,01981234 0,02084252 0,02117675 0,02092052 0,02162676 0,0214925 0,02130211 0,02097426 0,02097426 0,02169471 0,02044519 0,02019448 0,02040016 0,02040016 0,02115484 0,0215481 0,0215481 0,0221944 0,0221944 0,02207543 0,02234027 0,02234027 0,0223428 0,02210751 0,0218177 0,02152276 0,02103346 0,02110964 0,02110964 0,0237278 0,02578447 0,02605189 0,02593169 0,02664241 0,02456119 0,02456119 0,02443369 0,02433798 0,02433798
0,008524789 0,008823685 0,008791813 0,009078345 0,009340169 0,009340169 0,009340169 0,01399882 0,01406375 0,01388656 0,01400994 0,01400994 0,01526629 0,01514732 0,01440523 0,01516762 0,01505309 0,01451617 0,01451617 0,01317573 0,01466011 0,01520729 0,01890389 0,01867007 0,01799338 0,01766662 0,01757234 0,01981234 0,01981234 0,01981234 0,02068207 0,02117675 0,02162676 0,02162676 0,02130211 0,02123329 0,02097426 0,02149931 0,02169471 0,02044519 0,02019448 0,02040016 0,02106986 0,0215481 0,0215481 0,0215481 0,0221944 0,02204557 0,02207543 0,02234027 0,02234027 0,02210751 0,02158778 0,0218177 0,02170704 0,02243657 0,02135581 0,02412095 0,02455601 0,02578447 0,02605189 0,02687059 0,02456119 0,02456119 0,02456119 0,02443369 0,02433798
0,008776745 0,008813818 0,008791813 0,009078345 0,009340169 0,009340169 0,009340169 0,01399882 0,01376598 0,01304153 0,01316491 0,01400994 0,01526629 0,01514732 0,01514732 0,01440523 0,01505309 0,01396891 0,01451617 0,01451617 0,01306833 0,01370169 0,01812727 0,01871751 0,01799338 0,01766662 0,01757234 0,01981234 0,01981234 0,01981234 0,02007137 0,0203304 0,02151169 0,02181031 0,02167605 0,02148567 0,02141684 0,02168287 0,02175554 0,02195094 0,02104657 0,02045071 0,02132609 0,02187873 0,02180433 0,02180433 0,02180433 0,0223018 0,0223018 0,02233166 0,0225965 0,0225965 0,02184401 0,02184401 0,0218177 0,0218177 0,02202681 0,02412095 0,02494915 0,02494915 0,02578447 0,02605189 0,02456119 0,02456119 0,02456119 0,02443369 0,02434597
0,008304041 0,009402137 0,008791813 0,009078345 0,009078345 0,009340169 0,009340169 0,01399882 0,01376598 0,01304153 0,01316491 0,01316491 0,01442127 0,01460007 0,01514732 0,01440523 0,01516762 0,01396891 0,01451617 0,01451617 0,01317874 0,01342626 0,01696332 0,01738088 0,01867333 0,01799338 0,01757234 0,01981234 0,01981234 0,01981234 0,02023182 0,02007137 0,02057138 0,02138831 0,02167605 0,02148567 0,02141684 0,02194189 0,02168287 0,02168287 0,02187826 0,0209739 0,02133967 0,02180606 0,02164667 0,02173165 0,02173165 0,02158282 0,02222913 0,02222913 0,02219669 0,02252382 0,02249457 0,02177134 0,02177134 0,02200126 0,02200126 0,02527045 0,02499756 0,02430451 0,02636118 0,02636118 0,02410669 0,02472263 0,02472263 0,02472263 0,02459513
0,008180663 0,008813818 0,008791813 0,01068679 0,009078345 0,009340169 0,009340169 0,01374818 0,01342354 0,01304153 0,01304153 0,01316491 0,01442127 0,01442127 0,0143023 0,01385798 0,01440523 0,01396891 0,01451617 0,01451617 0,01313991 0,01317563 0,01671728 0,01689342 0,01698247 0,01721676 0,01766662 0,01981234 0,01981234 0,01981234 0,01981234 0,02023182 0,02057138 0,02077761 0,02138831 0,02148567 0,02148567 0,02194189 0,02194189 0,02194189 0,02168287 0,02187826 0,02219624 0,02194553 0,02180606 0,02164667 0,02173165 0,02158282 0,02200127 0,02222913 0,02222913 0,02222655 0,02200409 0,02249457 0,02177134 0,02177134 0,02200126 0,02544043 0,02551661 0,02540595 0,02522167 0,02455067 0,02423177 0,02464995 0,02464995 0,02464995 0,02464995
0,0113867 0,01271027 0,01485588 0,0151177 0,01350926 0,01377108 0,01377108 0,01377108 0,01344645 0,01306443 0,01306443 0,01318781 0,01366064 0,01366064 0,01354167 0,01354167 0,01279958 0,0141988 0,0141988 0,01474605 0,01474605 0,01353782 0,01665215 0,01667615 0,01670466 0,01694134 0,01717563 0,01904033 0,01894605 0,01894605 0,01894605 0,01894605 0,02057557 0,02099505 0,02104083 0,02165153 0,02174889 0,02252892 0,0224601 0,0224601 0,0224601 0,0224601 0,0231006 0,02243001 0,02194553 0,02215121 0,02164667 0,02599885 0,02599885 0,02706359 0,02664515 0,02664515 0,02779359 0,02754546 0,02731271 0,02731271 0,02731271 0,02708346 0,02758751 0,02758751 0,02758751 0,02729257 0,02775508 0,0280225 0,0288412 0,02812508 0,02813144
0,0113867 0,01223757 0,01485588 0,0151177 0,01350926 0,01350926 0,01377108 0,01377108 0,01344645 0,01306443 0,01306443 0,01318781 0,01366064 0,01366064 0,01354167 0,01354167 0,01279958 0,01346831 0,01365155 0,01474605 0,01474605 0,0133698 0,01640152 0,01665215 0,01685229 0,01666591 0,01694134 0,01832306 0,01909968 0,01904033 0,01894605 0,01894605 0,02057557 0,02057557 0,02057557 0,02120128 0,02177491 0,02252892 0,02252892 0,0224601 0,0224601 0,0224601 0,02335963 0,0231006 0,02243001 0,02215121 0,02215121 0,02625902 0,02599885 0,02599885 0,02664515 0,02664515 0,02771706 0,02801433 0,02949153 0,02731271 0,02731271 0,02708346 0,02708346 0,02758751 0,02758751 0,02758751 0,02861036 0,02842608 0,02870035 0,02990781 0,02857462
0,0113867 0,01223757 0,01485588 0,0151177 0,0151177 0,01350926 0,01377108 0,01377108 0,01365194 0,012722 0,01306443 0,01306443 0,01366064 0,01366064 0,01366064 0,01354167 0,01279958 0,01346831 0,01335377 0,01335377 0,01474605 0,01474605 0,0159535 0,01640152 0,01667615 0,01660625 0,01666591 0,01835618 0,01923245 0,01909968 0,01904033 0,01894605 0,02057557 0,02057557 0,02057557 0,02057557 0,02104083 0,02301402 0,02271931 0,02252892 0,0224601 0,02275204 0,02316423 0,02335963 0,02245526 0,02194553 0,02215121 0,0264184 0,026344 0,02599885 0,02599885 0,02664515 0,02774949 0,02798448 0,02798448 0,02776627 0,02728285 0,02829093 0,02708346 0,02799727 0,02758751 0,02758751 0,02992849 0,02872102 0,02842608 0,02870035 0,02870035
