data/thuenen/dis.solea.24.max.asc
NCOLS 320
NROWS 120
XLLCORNER 2
YLLCORNER 53
CELLSIZE 0.025
NODATA_value -9999
[rows 84 to 104 of 120, columns 48 to 95 of 320]
27.245813369751 29.0438480377197 33.7464714050293 37.2756500244142 27.3747539520264 25.780294418335 24.3065280914307 16.9431076049805 17.1952800750733 16.3844890594482 16.0423164367676 17.1074752807617 23.8184852600098 26.2185153961181 28.3737735748291 29.7898597717285 26.1058387756348 17.9985752105713 16.7117404937745 14.2400703430176 14.3400135040283 13.0138206481934 15.1347389221191 15.9978370666504 16.288890838623 16.7256088256836 16.8091068267823 15.6688213348389 16.0679168701172 16.0271377563477 17.1112041473389 17.6898040771484 18.1773853302002 17.4146881103516 14.9654026031494 15.0433139801025 14.1996221542358 13.5414180755615 13.129807472229 12.747688293457 12.4458665847778 11.5680503845215 10.5859823226929 10.4650096893311 10.4898242950439 10.8763761520386 11.5798397064209 13.6461353302002
15.9800977706909 16.2280292510986 18.4594669342041 18.9402503967285 17.5854072570801 17.3436660766602 15.9716215133667 13.7737083435059 14.047043800354 14.6574153900146 13.2569189071655 13.4228563308716 17.0215339660645 16.7444858551025 16.6157531738281 16.0584335327148 14.7035799026489 15.9703254699707 16.0266761779785 15.4432039260864 15.1213245391846 15.7867012023926 17.3317050933838 16.691276550293 16.9766387939453 16.7521858215332 16.9543457031249 20.896146774292 21.2356491088867 22.6463623046875 23.3097915649414 23.9294490814209 24.4061450958252 23.5606365203858 23.3264694213867 20.6601486206055 20.6907596588135 20.0736465454102 18.8902759552002 18.0926895141602 17.6264324188232 17.9118957519531 19.1969108581543 19.3193283081055 19.3625469207764 19.3776874542236 19.8096790313721 20.1356658935547
16.6306438446045 17.3101997375488 18.3854808807373 19.6393222808838 18.0231761932373 17.0088863372803 17.074520111084 12.8931913375854 12.4093217849732 11.942512512207 12.1184902191162 11.6397552490234 15.327808380127 14.6363563537598 14.4425916671753 13.6661806106567 13.3522119522095 14.8465070724487 15.3563070297241 15.1591682434082 15.1460218429565 15.7531900405884 16.9163780212402 17.1920642852783 17.2779178619385 17.8325748443604 17.4171562194823 20.9571514129639 21.8610324859619 23.6739463806152 23.4309844970703 23.748872756958 24.1304264068604 24.0507488250733 23.8463897705078 23.5584812164307 23.8243179321289 19.9372081756592 19.2914695739746 18.5044918060303 18.0874614715576 17.8635559082031 20.1128635406494 20.3027496337891 20.3041839599609 20.4400367736816 19.9895534515381 19.7800235748291
17.3913192749023 18.4881572723389 19.7130928039551 18.8809871673584 16.7434940338135 16.0244579315186 14.9935808181763 11.4749307632446 10.9071817398071 10.5474319458008 10.2012987136841 10.7360239028931 13.6322889328003 13.4495153427124 13.029616355896 12.830114364624 12.4364776611328 14.7125587463379 14.670202255249 15.3790369033813 15.4026937484741 15.9532403945923 17.2511787414551 17.8592834472656 17.8037014007568 17.5217247009277 17.4564075469969 21.7162075042725 21.5509262084961 22.9446506500244 23.1859531402588 22.8826293945312 23.0567073822021 23.215238571167 23.5872058868408 23.2582035064697 23.4129390716553 22.0277938842773 22.5356597900392 19.3970336914062 18.9635848999023 18.8054981231689 20.6539344787598 20.6451053619385 20.7628784179688 20.6021270751953 20.5886611938477 20.8029632568359
17.199670791626 17.9275054931641 18.1539077758789 18.2201747894288 15.5309658050537 14.636266708374 14.0123291015625 10.4368867874146 9.40437507629395 9.44384765625 7.3041672706604 9.61573505401611 12.4727392196655 12.8423051834106 12.7284212112427 12.572998046875 12.0836534500122 13.9158868789673 14.9020109176636 14.6978158950806 15.6001253128052 16.3195209503174 18.0757942199707 18.0791282653809 18.2703971862793 19.2346057891846 17.6835784912108 20.772985458374 20.5598201751709 22.1794204711914 22.4663791656494 22.4308032989502 23.5670738220215 22.7061767578125 22.9660301208496 22.8392143249512 22.9533157348633 21.7568702697754 21.7864780426025 22.0810890197754 19.0959548950195 18.9388389587402 20.6082649230957 20.6401824951172 20.39821434021 20.5299587249756 20.3131694793701 20.1271667480469
17.3733100891113 17.4074020385742 17.4786853790283 17.9790115356446 15.7674608230591 14.6298217773438 14.2315044403076 11.3534917831421 10.7641506195068 10.5071516036987 12.0923089981079 11.3270244598389 13.3307657241821 12.8457727432251 13.2572860717773 13.6276550292969 12.4919052124023 14.3808345794678 15.1944637298584 15.6635236740112 16.3318138122559 16.7840232849121 18.0468215942383 18.4856090545654 18.1440200805664 18.0729789733887 18.0070075988769 20.8330383300781 20.6558094024658 20.9647045135498 20.8993721008301 20.846113204956 22.0540351867676 21.2141361236572 22.3326778411865 22.5775489807129 22.7441692352295 21.974889755249 21.7958164215088 22.0047798156738 22.160457611084 19.3710517883301 20.7378044128418 20.6020355224609 20.544641494751 20.3912315368652 20.5291271209717 23.0874748229981
29.6754455566406 29.51540184021 24.6584758758545 24.7051696777344 24.4877471923828 22.0451278686523 21.3668079376221 20.3117961883545 20.638219833374 21.4633960723877 20.1132297515869 20.5967330932617 23.5059909820557 23.1574859619141 23.1346130371094 23.7455577850342 23.4301891326904 23.6174564361572 23.8299674987793 23.8107261657715 24.150276184082 25.1955146789551 23.7488918304443 23.3219814300537 24.0889091491699 23.4883403778076 22.7003250122069 27.2439632415772 27.3952445983887 28.0054264068604 28.0616130828857 27.6252899169921 31.0509605407715 31.0577354431153 29.6783542633057 30.4055118560791 30.5922451019287 30.8157367706299 30.6085720062256 30.5338630676269 30.7778415679932 31.9915142059326 26.9619865417481 26.9575614929199 26.8118171691895 26.8336486816406 26.8948040008545 31.3420791625977
30.419095993042 30.2766628265381 25.0452785491943 25.4571170806885 24.9809303283691 24.5500869750977 24.4957981109619 21.8272457122803 20.8496990203857 21.2129974365234 21.4907321929932 21.641242980957 24.8041801452637 24.0291366577149 23.6246356964111 24.3055324554443 23.8461399078369 24.2113780975342 24.4860343933105 24.6732940673828 25.1513214111328 26.2861385345459 24.4716815948486 24.7771453857422 24.0029220581055 23.7996826171875 23.4023265838621 28.3539981842041 28.261682510376 28.2967548370361 28.6690845489502 28.5529689788817 32.1862297058105 31.7771091461182 32.0834007263184 32.554386138916 32.9323844909668 33.0434951782227 32.5331039428711 31.8562793731689 32.0704154968262 32.5548210144043 33.930736541748 34.9433174133304 26.3264064788818 26.3165855407715 38.6412811279297 35.0757751464844
31.2639255523682 31.8855285644531 27.0362892150879 26.1592044830322 26.0028324127197 25.8417987823486 26.1372909545898 21.5903434753418 20.8115901947022 20.5224685668945 21.6261215209961 22.1057319641113 25.8728065490723 25.4535007476807 25.3759803771973 25.6362495422363 25.4906387329102 25.1174507141113 24.793701171875 25.3825645446777 25.7891788482666 26.6681785583496 25.4187088012695 25.3736515045166 24.987979888916 24.752893447876 23.7350845336912 28.8494110107422 28.9548873901367 28.285177230835 28.3786430358887 28.7717323303221 33.0706024169922 33.4966430664063 32.0475044250488 32.2243995666504 32.3437232971191 32.8838920593262 32.7660217285155 37.2454490661621 37.1673545837402 37.2748603820801 51.7080841064453 58.2584724426267 64.3494567871094 53.4130020141602 51.2582855224609 34.9596481323242
33.464958190918 34.3006820678711 27.3821296691895 28.1769828796387 27.4565162658691 26.130256652832 24.94065284729 22.3535785675049 22.2612743377686 22.2125282287598 22.8073635101318 23.9348545074463 27.0828227996826 26.4833583831787 25.8816089630127 25.1754379272461 24.8579502105713 24.84787940979 24.5452632904053 24.4034881591797 24.7273731231689 24.9793949127197 24.425931930542 25.440414428711 24.6871204376221 24.680965423584 24.5783805847166 29.6827869415283 30.5262851715088 31.2669010162354 31.2773284912109 31.6627388000486 37.2527198791504 37.5456581115722 38.296573638916 38.2018165588379 36.9076652526856 44.3227233886719 45.5799827575684 44.6313133239746 47.8716316223145 48.9987640380859 54.8700790405273 54.241958618164 55.0441780090332 46.8274154663086 46.3667335510254 35.080867767334
33.6291465759277 38.3935050964355 29.3913879394531 28.5855445861817 27.880765914917 25.4389381408691 25.1503505706787 23.0269660949707 23.1469554901123 22.6238670349121 22.6070709228516 23.2544364929199 27.4083786010742 26.0385875701904 26.0719661712646 24.7783355712891 24.6096458435059 24.629077911377 24.8044090270996 26.4651279449463 26.1108951568604 26.5469799041748 25.593807220459 26.0343971252441 26.5220012664795 26.3121185302734 26.3075160980223 31.7734107971191 32.2337188720703 32.3096160888672 34.090404510498 32.4493446350096 36.8142166137695 37.4005355834961 36.7254791259766 42.677562713623 46.5674171447754 47.2475509643555 46.361701965332 46.1537170410156 44.2804756164551 43.9246673583984 49.367733001709 49.6501770019531 50.4256248474121 51.1297416687012 51.7280654907227 34.1940383911133
33.1737022399902 33.2256927490234 31.5111217498779 31.5964031219482 31.4963417053223 31.3574466705322 31.0077171325684 27.0609378814697 26.5656585693359 26.0963687896729 26.165397644043 28.0884914398193 24.2824420928955 22.1034393310547 22.0762996673584 21.5200424194336 21.3850193023682 17.7889518737793 17.5292720794678 17.5298881530762 18.2637634277344 18.9555263519287 23.4238185882568 24.443717956543 24.8439464569092 25.2821235656738 24.8748798370361 24.955623626709 24.7474575042725 24.7049903869629 25.0069484710693 24.7809543609617 31.1301937103271 31.1833534240722 34.2713470458984 35.0509872436523 33.527286529541 39.10693359375 38.7061614990234 39.0483131408691 37.4482040405273 36.6758918762207 33.1301651000977 32.4118080139161 31.4973602294922 31.3040885925293 31.035436630249 27.2534313201904
32.8697242736816 33.2832679748535 32.2526741027832 32.7170295715332 33.1760749816895 32.7074890136719 30.9684276580811 25.5992412567139 25.5888042449951 24.4910278320312 25.2318592071533 24.3458003997803 22.0716190338135 21.0894546508789 20.5765914916992 20.7178211212158 20.8386116027832 19.3596496582031 19.3881340026855 19.3563919067383 19.2888793945313 19.6849346160889 23.8474788665772 23.7892761230469 24.0575675964356 24.3923950195312 25.9733543395996 26.057258605957 26.5485095977783 27.0256080627441 26.8210506439209 26.7025833129881 30.7601871490479 30.2384853363036 33.2504844665527 32.951488494873 32.7396621704102 38.0351219177246 38.0566101074219 38.4767074584961 38.3112297058105 37.0736656188965 36.0502510070801 33.4300041198731 32.5424194335938 31.3476696014404 31.2683982849121 27.4588871002197
34.4574356079102 34.9710235595703 32.6304664611816 32.2281341552735 31.7906837463379 31.2187538146973 30.8987102508545 24.630054473877 24.0388336181641 24.1189346313477 24.4477024078369 24.9492950439453 22.2363224029541 20.3241596221924 20.4929218292236 21.142520904541 21.9917659759521 19.6172256469727 19.4966793060303 20.2590007781982 20.6869354248047 20.9990577697754 25.0728702545166 25.2181663513184 24.7216300964355 23.793830871582 23.7601909637451 24.5303821563721 24.7791748046875 25.0667095184326 25.0135059356689 24.1303291320799 28.5218238830566 30.6931285858154 30.4017658233643 29.712272644043 29.961555480957 36.1448516845703 36.0150260925293 36.5914840698242 37.4963912963867 39.3888130187988 46.5242652893066 41.1246643066409 34.3093414306641 30.1541404724121 29.6955852508545 23.8091583251953
36.1173706054688 35.0169715881348 31.5579853057861 30.9760398864746 30.6439723968506 30.682991027832 29.9769802093506 24.7458820343018 24.3258037567139 24.2378005981445 24.2481822967529 24.264684677124 23.6038360595703 22.4711227416992 22.2108516693115 23.163444519043 23.3782272338867 20.2429866790771 19.6293277740479 19.3887042999268 19.159086227417 19.071102142334 23.8955993652344 23.9414520263672 23.2698173522949 22.0589904785156 21.7550163269043 22.6282482147217 22.619197845459 22.2689819335938 21.7185363769531 24.4095325469969 28.2389163970947 27.7222938537598 26.9706344604492 26.7188262939453 28.3924770355225 33.4523315429688 33.5563621520997 32.1434326171875 32.2187042236328 31.8391189575195 33.3798789978027 32.0224914550782 30.2579669952393 26.2318096160889 25.8920040130615 21.10205078125
33.4318695068359 33.7765731811523 30.5462703704834 30.0945777893066 30.0919322967529 30.026403427124 29.2897109985352 24.5558986663818 24.0293846130371 25.1649055480957 25.152027130127 25.0446300506592 21.2609462738037 21.2374687194824 21.2886943817139 22.2309551239014 22.1139793395996 19.064245223999 18.1612396240234 17.8631267547607 17.3507518768311 17.6121845245361 21.9580707550049 22.7088165283203 22.6224842071533 22.757438659668 22.5820713043213 21.9740734100342 21.5552635192871 21.0927867889404 22.8343544006348 22.9655437469481 26.5556602478027 24.8063869476318 24.6709098815918 23.140998840332 22.986572265625 28.3475894927979 28.9817924499511 30.0934562683105 29.8761577606201 29.5634460449219 30.5544204711914 29.9609546661378 27.2382068634033 27.695219039917 27.5285205841064 23.220666885376
24.9909286499023 25.0273170471191 23.4074325561523 23.4560546875 23.1376399993896 22.8131217956543 22.4896831512451 20.1722946166992 19.5222988128662 18.5601482391357 17.9551982879639 17.3329200744629 17.3247528076172 17.3828563690186 17.5389194488525 18.5078048706055 18.9255542755127 18.4042453765869 17.2857074737549 17.0997562408447 16.8844394683838 16.436882019043 16.810079574585 17.3917236328125 17.5745964050293 17.3973941802979 15.3227748870849 16.8243045806885 16.2086753845215 15.5558414459229 15.1271152496338 15.0223846435547 14.3323020935059 14.7971096038818 15.6172590255737 15.9055347442627 17.0911636352539 17.3362293243408 17.4712390899659 15.4614868164062 14.3742036819458 14.7073841094971 15.2383899688721 15.4456558227539 15.9506511688232 15.881856918335 16.2635917663574 22.5804500579834
24.8126678466797 24.8276329040527 23.0436115264893 22.7614822387695 22.5076580047607 22.091251373291 21.6612033843994 19.0920257568359 18.2613010406494 17.1005611419678 16.5493583679199 15.4741277694702 16.7680854797363 16.6162776947021 17.3737812042236 18.232479095459 18.3406677246094 16.4445552825928 16.5643367767334 16.0292797088623 16.50998878479 16.5339031219482 16.384635925293 16.6973190307618 13.8574819564819 13.9640808105469 13.1963205337524 14.9393949508667 14.5692729949951 13.9117937088013 14.0110464096069 13.8412818908691 14.9347562789917 15.4796304702759 15.6974601745605 16.1749439239502 16.7555389404297 14.1563673019409 11.8599710464477 12.1354179382324 12.2551097869873 12.1097574234009 12.8795700073242 14.662257194519 15.423134803772 16.0242004394531 18.0293273925781 24.4966468811035
23.9454193115234 23.3103847503662 23.4676094055176 23.3619956970215 22.7554798126221 21.2062931060791 18.9564476013184 15.9306545257568 14.0006074905396 12.6301765441895 11.1326217651367 10.9707536697388 13.4756155014038 15.2157173156738 16.8207950592041 17.3826808929443 17.7065029144287 16.9905872344971 15.8452072143555 15.1821041107178 15.0509223937988 14.9436368942261 14.8386068344116 14.7490739822388 14.794261932373 12.682110786438 10.2433462142943 13.4229097366333 13.3770952224731 13.74045753479 13.670539855957 13.7491798400879 14.3547210693359 15.7267818450928 15.8293266296387 16.8693771362305 18.5682754516602 11.2613964080811 11.773419380188 11.7803926467896 11.8256406784058 12.1203308105469 12.9439182281494 15.1335639953613 15.1208715438843 16.6777114868164 18.0415000915527 24.5489559173584
20.1706867218018 20.3713569641113 19.3880252838135 20.8506546020508 20.0576324462891 17.4512920379639 16.6026992797852 13.4108572006226 11.4867887496948 11.3541717529297 11.5023155212402 11.9801826477051 13.2250642776489 13.1564931869507 13.6559581756592 15.3360776901245 16.7600345611572 16.3424491882324 16.3090934753418 16.3545322418213 16.712007522583 17.3056621551514 17.6859092712402 17.733325958252 16.64182472229 15.427095413208 14.1171607971191 15.3329286575317 14.7258424758911 14.6954832077026 14.1863279342651 15.1534309387207 14.8815689086914 15.1614999771118 15.7579574584961 16.6612815856934 18.1341896057129 10.3153743743897 10.7684879302978 11.002326965332 11.1107797622681 10.9614267349243 13.4193563461304 14.1582899093627 16.1735782623291 16.0625476837158 16.9475364685059 23.988582611084
17.3242645263672 16.7044372558594 16.3779697418213 15.9852991104126 15.8672437667847 15.8871154785156 15.0533905029297 12.1059684753418 11.7508478164673 11.3943824768066 12.4433603286743 12.9872179031372 12.9423732757568 14.3672771453857 14.7007179260254 15.7811737060547 17.045690536499 16.4551563262939 17.6543159484863 18.326358795166 18.545093536377 18.115478515625 18.4304389953613 18.2066879272461 17.4414234161377 16.1752281188965 14.9574041366576 16.9621295928955 16.7482242584229 15.2393188476562 15.1358003616333 15.8355951309204 15.7703237533569 16.0299320220947 16.3018474578857 17.1478805541992 17.6687717437744 8.66077995300293 9.19679450988768 9.55539226531983 9.77579498291016 12.2123165130615 13.595986366272 16.1881675720215 16.5451107025146 16.4679870605469 17.3424243927002 25.2350196838379
