data/thuenen/dis.pleuronectes.platessa.min.26.asc
NCOLS 320
NROWS 120
XLLCORNER 2
YLLCORNER 53
CELLSIZE 0.025
NODATA_value -9999
[rows 63 to 83 of 120, columns 192 to 239 of 320]
487.259521484375 496.88916015625 487.948883056641 360.36083984375 362.231903076172 356.946807861328 361.113739013672 342.207885742188 295.098449707032 285.848846435547 282.202026367188 281.674041748047 284.908752441406 333.409423828125 342.125030517578 345.049713134766 351.205047607422 363.905487060547 518.082336425784 429.685821533201 380.227081298828 370.097595214844 342.215301513672 346.684509277344 342.164245605468 320.915222167969 295.245178222656 257.918609619141 189.266006469727 184.704544067381 142.533004760742 131.491134643555 122.804145812988 136.572814941406 139.941207885742 133.822555541992 151.351852416992 201.070251464844 262.440979003907 253.748992919922 248.128036499023 254.682327270508 243.907760620117 145.026916503906 140.588455200196 146.241134643555 152.040908813477 147.812561035156
507.714416503906 475.775604248047 479.285369873047 357.565979003906 353.032135009766 344.159362792969 343.201354980469 333.924652099609 283.293853759766 277.628540039062 272.932678222656 272.013885498047 268.886047363281 316.080718994141 318.380676269531 324.177307128906 332.414093017578 327.666961669922 481.891845703127 414.397705078123 365.837677001953 328.380157470703 307.197418212891 322.081329345703 321.736389160156 306.466735839844 271.910949707031 267.373260498047 193.098327636719 173.431808471679 163.317016601562 133.677505493164 125.587677001953 137.99462890625 144.629409790039 141.396987915039 163.824340820312 195.889923095703 230.631973266601 240.429580688477 238.245376586914 229.523696899414 245.952743530273 151.237854003906 148.234970092774 151.2763671875 149.245056152344 149.346374511719
426.952392578125 428.820861816406 433.202789306641 320.800811767578 306.635589599609 298.408325195312 302.042053222656 305.365051269531 284.669097900391 276.975006103515 269.978668212891 260.964996337891 254.421157836914 246.324432373047 246.142517089844 247.927734375 253.226409912109 269.977294921875 236.295074462891 229.817932128907 237.842468261719 235.98811340332 227.850204467773 223.112289428711 227.4375 226.83903503418 238.67268371582 223.304122924805 200.44566345215 168.192871093749 147.546951293945 117.023719787598 72.6158676147461 120.365982055664 125.730377197265 121.328842163086 133.270004272461 152.755599975586 197.440231323242 191.072723388672 200.416732788086 202.632888793945 204.661758422852 220.950668334961 205.9697265625 198.424621582031 192.636093139648 191.854431152344
399.997619628906 401.271636962891 383.080535888672 231.629531860352 228.457901000977 235.577590942383 266.107147216797 285.680541992188 290.874389648438 266.783142089844 264.260528564453 252.558151245117 246.373062133789 239.234878540039 238.949401855469 237.269271850586 236.570953369141 240.952285766602 216.339691162109 220.065643310546 208.934783935547 222.134643554687 212.743270874023 218.726715087891 214.462265014648 214.992111206055 202.288711547852 214.307510375977 198.818572998048 164.281311035156 161.113952636719 142.558456420898 135.446273803711 160.934524536134 137.186386108398 127.013824462891 132.031448364258 150.744201660156 186.262008666992 190.109939575195 182.982345581055 193.19123840332 203.642761230469 209.963989257813 208.663726806641 208.682571411133 198.235534667969 195.613265991211
361.530029296875 360.219360351562 360.875183105469 242.251770019531 240.773635864258 214.292938232422 202.013473510742 199.997177124023 239.945861816406 235.578384399414 229.788101196289 219.506240844727 209.033554077148 215.715927124023 213.788696289062 210.563323974609 208.884414672852 207.575164794922 183.335144042969 183.427398681641 180.88020324707 184.012359619141 173.903167724609 160.534912109374 175.202270507813 191.224639892578 187.92692565918 191.073211669922 190.687149047852 175.348724365234 169.840774536133 145.631439208984 143.665435791016 168.750015258789 179.539169311523 157.779815673828 138.445663452148 149.49870300293 185.867416381836 190.412124633789 185.079498291016 181.190338134766 199.157257080078 213.89631652832 215.630722045898 200.987182617188 200.292190551758 193.160568237305
351.844116210938 350.106506347656 350.053131103516 254.732269287109 257.607299804688 256.558715820312 229.947540283203 209.155746459961 247.959167480469 234.856033325195 236.404541015625 221.159484863281 215.467147827148 213.30810546875 209.422088623047 204.917205810547 201.000228881836 198.39680480957 171.651062011719 167.688339233398 155.710083007812 155.913497924805 151.113204956055 123.025184631347 136.495040893555 147.163619995117 144.708114624023 147.293075561523 200.771850585938 178.948364257812 174.185043334961 152.237030029297 151.110458374023 168.221206665039 171.259857177735 181.744659423828 167.131317138672 152.709991455078 184.589248657227 181.179016113281 183.143218994141 180.901992797852 191.1337890625 203.290512084961 207.981063842773 196.829971313477 205.13037109375 192.972290039062
357.494598388672 339.332397460938 327.367279052734 234.152862548828 238.528411865234 240.346664428711 243.788696289062 245.770263671875 261.377410888673 238.282653808594 234.014343261719 216.351821899414 219.398178100586 217.403137207031 215.827972412109 206.702133178711 199.986755371094 198.154083251953 159.397979736328 153.726028442382 140.417098999023 132.498886108398 129.134658813477 132.731964111328 136.646560668945 135.138961791992 145.884735107422 146.193572998047 190.652236938477 175.475341796875 170.561264038086 149.533416748047 145.18879699707 174.297454833984 172.416427612305 175.463027954102 192.279220581055 191.261962890625 208.890441894532 182.731796264648 172.428070068359 176.99153137207 171.967132568359 171.338836669922 178.666976928711 185.608612060547 179.217071533203 188.453369140625
467.408020019531 461.726104736328 458.452392578125 209.329772949219 208.354507446289 200.56672668457 202.716079711914 207.222244262695 253.175079345704 233.26480102539 227.708221435547 226.229248046875 222.695755004883 214.22673034668 199.490005493163 175.204971313477 148.829833984375 150.520645141602 142.034759521484 139.411041259765 131.125 125.217109680176 123.651138305664 101.099510192871 109.272117614746 115.161552429199 116.457450866699 120.417053222656 98.5255889892579 94.8976974487299 77.3026123046875 89.2944259643555 86.6098709106445 161.899505615234 168.606796264649 185.942855834961 189.864730834961 197.01383972168 210.209655761719 198.623260498046 162.899597167969 191.320037841797 174.224807739258 106.484397888182 140.237625122071 166.928955078125 173.152954101562 174.096893310547
453.445343017578 456.616333007813 457.272369384766 209.958480834961 221.959884643555 222.112091064453 209.197372436523 215.50309753418 233.259704589844 223.120986938476 204.469589233398 200.185012817383 196.808410644531 187.260437011719 185.834747314453 183.81770324707 179.071182250977 176.184280395508 146.714569091797 146.597625732422 140.470169067383 132.46337890625 125.226821899414 108.153198242187 108.246383666993 119.320381164551 117.998870849609 120.228050231934 91.6132736206056 87.0323867797853 89.9381637573242 93.8046112060547 98.817512512207 143.769775390624 158.029098510743 172.072265625 163.749221801758 188.804550170898 220.190963745118 206.983200073241 169.154220581055 179.40412902832 135.91357421875 95.881607055664 98.183578491211 98.9481658935547 134.105194091797 147.354537963867
455.934478759766 452.108947753906 446.862213134766 222.369506835938 200.718872070313 167.430053710938 195.460388183594 216.38542175293 234.025512695313 231.849456787109 229.355026245117 214.16877746582 205.020446777344 194.015396118164 195.048461914062 190.323928833008 186.060073852539 185.831451416016 169.045639038087 148.768737792969 148.381866455078 140.448654174805 130.161041259766 114.173110961914 112.636505126953 114.413749694824 118.717811584473 120.204170227051 86.5866165161133 86.8552322387698 93.7560424804688 101.122360229492 107.231010437012 147.627304077148 148.70719909668 158.591903686523 158.716720581055 160.640625 215.292160034179 228.319046020507 214.07292175293 165.148345947266 184.071350097656 161.39826965332 156.551254272461 159.74055480957 162.301803588867 170.796310424805
393.643188476563 373.835144042969 366.232055664063 230.611557006836 286.925537109375 237.281555175781 222.427734375 237.906341552734 244.941665649414 242.925369262695 240.852783203125 242.323837280273 236.641357421875 214.521606445312 215.665939331054 205.805648803711 203.242095947266 204.564025878906 194.475616455079 172.714691162109 163.73567199707 157.649612426758 149.983657836914 122.496612548828 114.319587707519 111.99382019043 112.098152160645 120.688957214355 90.4844131469726 91.4079895019533 95.0308456420899 107.22966003418 115.463363647461 188.656356811525 137.896835327148 128.43505859375 149.138977050781 174.794494628906 209.814300537109 218.634216308594 226.761291503906 216.956192016602 221.768997192383 185.411605834961 170.311416625976 166.278656005859 169.893249511719 173.211868286133
362.654602050781 351.922027587891 350.66650390625 232.764389038086 259.230651855469 249.619659423828 244.468276977539 237.428497314453 247.120208740235 243.314422607422 241.087310791016 242.836669921875 241.642517089844 230.522994995117 224.101989746093 216.446640014648 209.671463012695 206.660202026367 193.14323425293 182.415802001952 163.133758544922 153.642013549805 147.013381958008 129.851364135743 115.101669311523 115.033363342285 112.938301086426 111.195182800293 87.6642303466793 99.1999664306645 110.730743408203 114.288078308105 124.139610290527 159.55633544922 114.262138366699 107.671020507812 197.448547363281 193.903137207031 206.21792602539 213.575698852539 215.667221069336 220.130706787109 237.157287597656 230.740539550781 233.14909362793 234.078598022461 239.669006347656 260.029602050781
281.402008056641 284.603607177734 279.035858154297 276.524169921875 277.56884765625 281.328216552734 278.222564697266 278.926086425781 244.666687011718 254.131561279297 248.021194458008 246.743301391602 251.546401977539 265.271820068359 268.079864501953 270.122344970703 257.808197021484 253.568084716797 194.680572509766 191.508163452148 191.519683837891 181.474639892578 159.281234741211 92.6785430908204 90.5625686645512 102.739967346191 102.844657897949 103.942276000977 130.472366333008 132.58822631836 143.573577880859 144.845321655273 147.348831176758 153.340988159179 168.399642944335 154.059967041016 169.829788208008 187.724884033203 158.775421142578 162.769622802735 167.08283996582 180.773178100586 217.211547851563 271.480438232421 288.680053710938 310.354278564453 325.482025146484 327.302490234375
297.663391113281 291.083892822266 289.045776367188 277.086700439453 278.128540039062 265.160400390625 281.433776855469 285.409820556641 268.487884521485 251.706588745117 249.640289306641 250.045944213867 256.042816162109 264.588562011718 290.842895507812 282.846130371094 274.629302978516 261.936309814453 166.99887084961 152.450286865234 146.665740966797 191.566040039063 181.525924682617 121.215629577637 122.411163330078 116.691139221191 116.005859375 115.044975280762 140.426635742187 145.87614440918 146.391967773438 148.914993286133 144.541000366211 160.685333251953 165.548446655274 174.048767089844 172.293548583984 165.37287902832 154.663558959961 163.174377441407 172.99006652832 196.304748535156 210.588607788086 304.253112792969 302.653167724611 339.639404296875 336.509246826172 312.508148193359
292.963226318359 283.092254638672 281.585693359375 265.470764160156 260.567169189453 256.125061035156 249.308715820313 270.998657226562 255.475875854492 257.887756347656 252.627883911133 254.53303527832 240.067687988281 220.027526855469 220.185607910157 229.279983520508 238.853469848633 234.13948059082 189.792572021485 178.623596191406 171.897933959961 184.597473144531 187.171463012695 151.403900146485 138.715606689453 132.337600708008 129.375137329102 133.452255249023 144.899765014648 151.621032714844 152.946899414063 148.446838378906 153.862579345703 170.020446777344 171.475463867187 167.939270019531 174.745864868164 163.597763061523 141.41226196289 167.511734008789 170.180206298828 214.777877807617 235.824447631836 323.629577636718 342.574584960937 336.927337646484 309.366973876953 304.993743896484
285.572906494141 286.040740966797 281.576049804688 262.409881591797 255.188720703125 236.548980712891 242.475891113281 241.191696166992 239.951278686524 233.144927978516 231.307968139648 210.373443603516 208.080108642578 181.861038208007 191.641235351562 174.169860839844 207.804046630859 219.362594604492 183.334777832032 176.20246887207 168.266464233398 174.934204101562 173.94889831543 174.373229980469 163.898010253906 147.98551940918 146.10124206543 144.226043701172 158.169998168946 151.922927856445 147.85383605957 178.212951660156 179.954330444336 173.296936035156 173.350265502929 162.784317016602 157.3759765625 168.601409912109 140.619537353516 135.967849731447 172.91682434082 216.092742919922 244.580368041992 343.426910400391 332.6806640625 320.941040039062 306.154296875 304.460174560547
277.573547363281 277.059967041016 274.617248535156 252.394378662109 254.254257202148 250.483245849609 238.357025146484 240.80534362793 203.024841308593 213.507766723633 206.369583129883 211.524703979492 192.783874511719 189.604568481445 192.940887451172 193.463577270508 196.553909301758 221.909088134766 191.281890869141 181.363784790039 177.322860717773 180.291198730469 174.17155456543 175.406982421875 174.016052246093 165.187377929688 155.614013671875 145.098251342773 158.275268554688 157.268783569337 197.291534423828 196.039428710938 190.799789428711 172.218612670898 174.868621826172 175.879959106445 181.247711181641 183.759384155273 174.875549316406 175.31221008301 231.740280151367 267.311920166016 265.779937744141 318.927856445312 322.135314941406 311.886566162109 305.798004150391 298.617431640625
187.942153930664 186.200790405273 189.084823608398 140.292449951172 131.292419433594 123.038124084473 115.13549041748 105.262466430664 122.889701843262 123.790267944336 129.744827270508 130.233581542969 132.858612060547 159.952087402344 160.174880981445 163.532806396484 164.324981689453 165.810501098633 176.497894287109 172.786056518555 171.482543945312 170.395782470703 170.863723754883 138.638763427734 140.750534057617 138.624740600586 139.069580078125 143.30534362793 197.070983886719 197.523162841797 196.35009765625 190.238067626953 206.088790893555 240.833633422852 241.330383300782 255.187026977539 274.272369384766 285.424591064453 356.109741210936 393.127105712892 433.293060302734 393.432556152344 385.755493164062 192.214019775391 178.358093261719 173.65055847168 160.568557739258 126.441665649414
190.445709228516 186.310409545898 184.30647277832 131.043975830078 125.675636291504 117.38826751709 116.521690368652 111.174346923828 123.066986083984 125.512702941895 127.02806854248 132.503280639648 136.654571533203 162.054534912109 165.385864257813 166.17643737793 165.863143920898 168.024017333984 173.393112182617 178.013031005859 175.561309814453 170.466552734375 164.399841308594 120.230461120605 121.778984069824 128.696838378906 127.658645629883 131.831893920898 190.094421386719 179.374008178711 186.032272338867 193.201812744141 204.839569091797 237.154159545898 252.818481445313 263.441436767578 301.90576171875 311.870452880859 382.85791015625 377.600616455078 383.185546875 386.801025390625 381.008483886719 175.282592773438 168.140808105468 148.136367797852 131.678344726562 70.8096923828125
169.237045288086 178.11149597168 173.929290771484 122.671745300293 121.381408691406 123.24633026123 116.823059082031 114.542686462402 121.282974243164 120.546051025391 121.824516296387 120.96647644043 119.699401855469 134.533981323242 134.416595458984 135.070037841797 138.006042480469 135.935180664062 149.254913330078 143.756332397461 143.837203979492 147.913330078125 156.482650756836 101.300651550293 99.6160354614261 106.959930419922 104.012031555176 94.2673950195312 183.598098754883 180.317443847656 180.682571411133 189.883010864258 206.833618164063 266.888275146484 279.724487304688 290.012176513672 287.443572998047 304.663146972656 341.258666992187 356.919555664063 365.596923828125 365.966857910156 359.273620605469 128.675186157229 63.2708015441894 60.9716186523438 55.018928527832 58.1263084411621
152.707962036133 151.907089233398 153.074157714844 114.502967834473 113.228805541992 110.912109375 111.949310302734 107.400291442871 118.859825134277 114.727737426758 118.254928588867 118.099189758301 116.164375305176 127.439041137695 127.137100219727 126.598266601563 127.145866394043 129.626480102539 135.658432006836 137.749359130859 131.944931030273 127.956993103027 119.11775970459 57.188838958741 34.1483955383302 37.4688301086426 49.8384895324707 63.4224624633789 142.267181396484 148.567337036133 149.146347045898 169.223236083984 186.751815795898 217.363998413086 203.332214355468 196.589736938477 213.59391784668 221.354156494141 249.622756958008 244.734985351563 257.089660644531 257.574798583984 262.472442626953 56.5401763916019 46.5103797912601 54.9141654968262 56.4556159973145 62.1211090087891
