data/thuenen/dis.pleuronectes.platessa.min.26.asc
NCOLS 320
NROWS 120
XLLCORNER 2
YLLCORNER 53
CELLSIZE 0.025
NODATA_value -9999
[rows 42 to 62 of 120, columns 192 to 239 of 320]
452.387298583984 454.228912353516 456.319061279297 459.136169433594 465.979187011719 443.285980224609 437.192413330078 426.944458007812 393.115905761719 386.807434082031 378.285064697266 446.529632568359 425.96875 358.661315917968 366.98095703125 367.050506591797 366.500213623047 364.813842773438 325.037078857422 316.97003173828 291.992248535156 278.358947753906 283.219421386719 345.139801025392 311.55612182617 270.889465332031 259.407318115234 249.718780517578 179.207244873046 205.425369262694 160.814514160156 162.554351806641 190.725967407227 223.651687622069 249.010803222657 269.073120117188 300.864044189453 299.630554199219 268.919464111328 264.635131835937 242.445755004883 233.198425292969 233.559112548828 194.397689819336 181.129455566405 160.021041870117 153.853302001953 158.997955322266
445.055725097656 445.935119628906 448.398010253906 460.774871826172 460.985321044922 437.212554931641 440.435089111328 442.839263916016 366.617645263672 355.627075195312 350.651275634766 350.378601074219 398.802520751953 358.218841552734 366.502716064453 355.44873046875 353.29150390625 325.806732177734 270.26580810547 238.694396972656 236.547927856445 231.404495239258 233.62451171875 263.673797607422 270.305023193359 263.805450439453 249.447158813477 250.980560302734 172.856628417969 156.29165649414 128.925247192383 126.202606201172 143.186080932617 231.925765991211 234.636474609377 291.892486572266 323.690765380859 316.961456298828 244.108520507813 240.773666381836 241.514511108398 226.789337158203 229.069244384766 183.300109863281 195.809127807617 176.60693359375 169.475158691406 151.485412597656
449.589691162109 446.019561767578 440.833190917969 464.009704589844 446.255676269531 438.560607910156 437.7451171875 415.266326904297 358.128143310547 348.746032714844 345.022491455078 345.028350830078 352.942077636719 265.836669921875 270.785430908203 270.489349365234 268.435028076172 276.881500244141 225.819885253906 227.975387573243 238.019577026367 232.491073608398 235.720458984375 261.949249267578 256.367370605469 250.314193725586 245.339157104492 243.717514038086 178.095840454103 140.186370849609 121.076416015625 106.117286682129 140.305892944336 233.146820068358 265.024353027347 357.177886962891 311.65869140625 295.965484619141 223.976776123047 227.017883300781 226.564529418945 231.944839477539 229.118576049805 180.289749145507 190.109634399414 189.304443359375 183.772766113281 170.705169677734
480.015991210938 448.286224365234 441.880859375 445.955749511719 445.559173583984 425.716705322266 407.421447753906 388.745361328125 402.408203125 391.544738769531 381.256317138672 363.382629394531 312.428100585938 163.752807617187 172.864151000977 171.643646240234 180.13948059082 180.684280395508 267.279602050781 281.299285888672 277.938629150391 287.134643554688 296.814422607422 359.396789550782 328.587432861329 363.574493408203 362.611755371094 339.099426269531 187.946960449219 167.242141723632 156.631088256836 173.932891845703 178.848205566406 157.093688964845 129.749572753906 133.077697753906 135.035842895508 132.660873413086 210.546157836914 214.043197631836 216.767013549805 223.349334716797 223.537170410156 160.897659301758 168.168563842774 174.582824707031 164.375076293945 142.90657043457
485.861572265625 447.119537353516 453.39453125 458.495330810547 455.169464111328 441.087554931641 435.010284423828 433.374389648438 460.707061767579 436.015197753906 435.896820068359 422.009918212891 405.416412353516 221.846191406252 170.751678466797 173.771224975586 173.04052734375 182.324401855469 259.807556152343 277.053527832031 276.249877929688 283.294311523438 295.158721923828 358.294586181641 336.785217285157 358.819366455078 362.880218505859 356.035736083984 190.04850769043 170.07453918457 174.844757080078 179.257583618164 169.213439941406 123.190643310549 64.5619430542003 94.0264282226562 123.545906066895 129.310699462891 210.302185058593 222.875335693359 223.503158569336 229.709716796875 233.746810913086 166.339385986328 163.729232788086 170.868896484375 150.55419921875 143.526718139648
509.461151123047 491.943756103516 464.983703613281 450.105133056641 453.014587402344 472.64453125 481.836212158203 476.101623535156 521.037048339845 480.254791259765 451.361175537109 426.651153564453 412.042144775391 228.813888549808 130.151351928712 153.011215209961 155.053802490234 157.837387084961 234.62644958496 252.005737304688 262.588104248047 284.151428222656 291.148345947266 371.895202636719 373.742584228516 371.804504394531 435.103179931641 405.177124023438 174.369857788086 180.021835327148 170.372741699219 171.55305480957 151.709503173828 87.501106262207 86.7542495727544 99.587516784668 112.23477935791 126.048065185547 206.83462524414 210.876251220704 235.689086914062 252.105010986328 245.985549926758 158.353424072266 148.720031738281 149.376220703125 133.001541137695 96.5510635375976
519.939086914062 520.780578613281 486.065826416016 451.084716796875 469.187896728516 479.798034667969 483.661926269531 485.742034912109 550.296020507813 535.085693359373 481.540252685547 444.280700683594 425.518402099609 284.995788574222 204.59956359863 125.160675048828 134.269821166992 153.196472167969 216.088775634765 236.324844360352 241.384460449219 254.332321166992 258.094970703125 339.570983886719 344.449432373047 356.504364013672 370.71923828125 361.069671630859 154.000015258789 153.111206054688 155.306716918945 156.194412231445 148.046539306641 90.9227752685541 105.962844848633 109.584617614746 118.163360595703 127.92106628418 209.410537719726 225.249404907227 250.561111450195 239.076629638672 227.042144775391 144.810501098633 135.315032958984 121.792739868164 95.2513885498047 92.9314346313477
540.382629394531 521.268493652344 496.261047363281 487.137054443359 484.095428466797 489.390594482422 481.899047851563 486.216796875 556.85791015625 554.501892089844 563.468627929688 519.523864746094 472.451782226562 348.652404785158 294.351226806637 181.727737426758 166.84309387207 171.613403320312 208.171585083008 201.007583618165 223.222930908203 236.132110595703 240.952285766602 309.980377197265 331.018157958983 305.694030761719 310.013641357422 324.085968017578 148.974853515625 142.10807800293 153.119552612305 164.94319152832 155.860443115234 103.804374694824 111.177268981934 114.226638793945 117.773048400879 127.297401428223 208.864929199218 222.40950012207 218.693572998047 214.583892822266 200.797271728516 120.147056579591 95.9058914184569 91.4044799804688 87.0352478027344 82.2981109619141
529.0751953125 520.039855957031 512.436340332031 592.993896484375 599.505676269531 576.932739257812 562.764526367188 562.700744628906 515.437866210937 541.188659667968 523.959533691406 510.55078125 451.289764404297 415.445098876954 402.038085937498 352.826965332031 225.635543823242 217.152099609375 123.593734741212 80.6082687377938 102.634010314941 127.705070495605 136.030624389648 160.731353759765 165.391952514649 168.791473388672 163.955718994141 160.258026123047 164.763092041016 162.663024902344 161.987594604492 192.204010009766 163.319305419922 156.807006835938 147.803405761719 150.488357543945 153.132766723633 152.553588867188 158.990478515625 165.392974853515 148.192489624023 140.131698608398 141.733459472656 33.7484931945802 31.4058036804198 28.0660400390625 16.8372592926025 21.932430267334
543.808776855469 528.865478515625 525.404724121094 592.695129394531 608.593627929688 618.352966308594 593.343078613281 572.708740234375 513.909057617187 513.85498046875 505.827819824219 526.944152832031 466.858062744141 436.368133544922 419.356933593749 399.813659667969 351.613189697266 220.053833007812 128.670471191408 80.2478485107419 72.156135559082 103.576614379883 124.907600402832 161.411544799805 149.167175292969 158.810638427734 157.13459777832 153.12727355957 159.108825683594 161.34814453125 165.274627685547 180.815536499023 173.880477905273 176.828674316407 167.527465820312 150.134994506836 158.675704956055 158.851135253906 156.102722167968 163.041473388671 140.361602783203 143.864624023438 99.6812515258789 32.7893180847171 25.3099155426024 20.9624347686768 17.3556861877441 18.4236183166504
558.063598632812 537.317993164062 534.603332519531 605.31396484375 597.94580078125 596.199768066406 609.725524902344 608.015563964844 527.215698242188 505.400695800781 507.783782958984 495.667877197266 531.189331054688 465.896087646485 454.917846679687 429.778869628906 406.755065917969 352.090454101562 128.830993652345 80.5691070556637 68.9354858398438 86.381591796875 95.583137512207 157.967651367188 145.047470092773 142.09782409668 141.088088989258 150.219650268555 157.736251831055 158.712585449219 158.197174072266 169.022872924805 170.577026367188 190.228927612305 187.911804199218 158.71696472168 166.752090454102 145.583053588867 155.765899658203 158.091964721679 143.959426879883 129.853820800781 98.6240844726562 28.6638908386232 24.086679458618 18.6095714569092 19.2276306152344 18.2405109405518
567.441223144531 553.837158203125 540.55322265625 619.486694335938 610.239440917969 589.605712890625 591.012634277344 599.694213867188 530.912170410156 527.499145507812 509.843353271484 504.204010009766 510.759033203125 487.239135742188 477.668151855468 461.531555175781 435.714416503906 404.009429931641 251.770782470709 86.497131347656 79.1232757568359 85.5445556640625 88.9597702026367 145.556289672852 140.517105102539 133.639495849609 134.736877441406 131.606262207031 159.57194519043 162.393310546875 151.143310546875 158.945999145508 164.050415039062 206.952377319337 190.753051757812 186.496337890625 180.764953613281 187.019622802734 153.757629394531 151.376022338867 153.290618896484 135.090591430664 98.5829696655273 25.8599567413331 22.151195526123 21.6304092407227 19.6426620483398 23.6696701049805
553.536071777344 565.119079589844 554.848205566406 633.236145019531 614.2373046875 586.2177734375 585.893981933594 592.8505859375 528.704467773438 513.407104492188 532.986877441406 526.427978515625 513.277404785156 482.234527587889 519.883178710936 469.088653564453 458.71240234375 427.535217285156 272.555419921882 87.7007522583013 101.139785766602 91.5828857421875 94.4851531982422 147.721542358399 131.246688842773 126.993843078613 130.617385864258 130.756866455078 152.113037109375 146.591583251953 149.895538330078 158.679046630859 152.061706542969 200.561569213867 196.269332885742 195.867080688477 203.203155517578 213.509689331055 152.086364746094 147.883926391602 154.536437988281 136.203475952148 96.0475006103516 23.5316085815431 20.84743309021 22.4131813049316 19.4062576293945 19.299919128418
493.465728759766 551.492004394531 572.902404785156 725.260131835938 720.04443359375 691.497924804688 649.663879394531 637.889038085938 540.28546142578 563.951354980469 576.2919921875 582.764282226563 615.680480957031 756.91015625 742.244689941405 707.125427246094 639.98046875 610.068054199219 397.273132324222 314.732879638668 206.115447998047 202.086029052734 204.727401733398 233.106414794923 192.721710205078 190.95182800293 187.179214477539 194.355010986328 103.334373474121 107.266143798828 99.7876434326172 107.136810302734 80.1760330200195 273.062225341796 294.115203857422 297.893371582031 277.175079345703 291.865356445312 151.978927612305 138.725982666016 140.793792724609 137.367828369141 110.814491271973 20.3770771026612 17.7408313751225 29.6435146331787 16.4120121002197 18.352840423584
449.739501953125 473.448211669922 507.081207275391 831.439208984375 726.490783691406 699.671325683594 670.33447265625 648.344604492188 533.663269042968 549.082763671875 550.233215332031 585.210998535156 588.732971191406 724.734130859374 759.979736328125 763.977966308594 702.412170410156 653.421447753906 414.005279541017 373.639099121093 364.376556396484 343.229949951172 284.327667236328 344.522613525396 202.259094238281 195.016204833984 192.18815612793 183.313568115234 102.838180541992 105.02986907959 99.1611785888672 92.8077163696289 61.9463577270508 264.641784667968 295.929382324219 305.114929199219 293.092529296875 286.807464599609 157.049880981446 151.104476928711 139.362716674805 139.496459960938 137.216842651367 60.9723434448258 17.3368797302246 16.5915546417236 18.6639881134033 20.0470581054688
425.630584716797 433.428436279297 446.553955078125 694.994384765625 703.979309082031 726.241943359375 701.294616699219 665.480651855469 554.733581542969 558.630310058593 551.002258300781 558.68896484375 584.653686523438 726.015869140624 752.357788085939 786.096618652344 841.811462402344 694.563720703125 426.778381347658 391.186828613281 381.799560546875 372.618957519531 360.142761230469 467.708282470709 309.595123291015 294.772613525391 199.000549316406 193.080291748047 109.008918762207 105.661590576171 93.732177734375 78.6838607788086 69.274642944336 247.218414306639 298.364837646486 331.038909912109 312.588623046875 290.797576904297 155.447998046875 151.056930541992 147.409759521484 138.757446289062 136.565765380859 83.5495452880874 43.57509613037 13.4614143371582 17.474910736084 18.3866958618164
418.991455078125 419.009582519531 441.101593017578 662.573608398438 652.536804199219 661.303771972656 674.662536621094 673.678955078125 544.972290039063 541.424377441406 545.26171875 546.076293945312 546.424926757812 663.457885742187 683.261169433594 696.691040039062 720.045593261719 696.803344726562 438.918243408204 411.142761230468 392.587524414062 392.410217285156 397.920776367188 625.048339843755 470.872741699216 400.800720214844 312.454833984375 230.383361816406 116.261856079102 109.144668579101 89.7895584106445 66.496826171875 72.8434143066406 249.478164672851 276.978454589847 366.694366455078 316.938232421875 298.272766113281 159.665115356446 151.259170532226 147.896484375 146.55061340332 148.10627746582 87.6012039184574 76.2031784057593 9.13713836669922 14.659912109375 27.163028717041
409.784301757812 419.495697021484 437.464324951172 643.457885742188 624.198425292969 636.085083007812 636.239624023438 636.748107910156 545.850891113282 535.903686523438 533.840698242188 535.709716796875 538.119445800781 639.504760742186 666.228881835938 670.627502441406 684.178344726563 654.896728515625 441.553009033204 415.057189941405 386.563354492188 389.917572021484 370.667541503906 461.809509277343 476.097534179685 418.376831054687 308.517730712891 237.575424194336 115.317543029786 103.970237731933 93.0245666503906 68.5451583862305 71.5874710083008 244.748901367186 282.848114013672 297.565948486328 313.168090820312 328.757385253906 170.110412597657 160.025024414062 152.051895141602 143.411956787109 147.56657409668 92.3003005981449 81.9304809570302 53.4157829284668 12.5622577667236 27.0493431091309
529.542602539062 533.7265625 540.704406738281 417.076171875 401.337615966797 408.353149414062 398.873260498047 394.30712890625 384.974395751953 396.85238647461 412.608947753906 424.247650146484 422.468292236328 428.454650878905 452.462036132813 454.637939453125 459.179595947266 450.773010253906 449.141693115234 451.181518554686 414.865783691406 400.498321533203 376.868316650391 368.906097412109 375.626983642577 332.60546875 278.389556884766 217.545959472656 144.468933105469 136.174499511718 121.977233886719 111.74732208252 114.999031066895 143.380264282225 176.458435058594 187.298431396484 214.654907226563 226.832748413086 268.270660400391 264.981658935546 252.214508056641 247.662231445312 233.705764770508 144.134048461914 139.992782592773 134.461395263672 119.063896179199 117.814834594727
547.130798339844 545.015563964844 538.657043457031 411.098236083984 398.805816650391 399.706939697266 396.699798583984 392.248352050781 365.680480957031 374.23388671875 373.634887695312 401.134429931641 414.276245117188 428.788330078125 422.25668334961 441.917999267578 462.352996826172 458.753692626953 536.933837890628 444.422821044921 421.201171875 412.435455322266 389.576263427734 371.584869384766 369.516326904295 320.67138671875 265.946655273438 269.858245849609 164.098358154298 138.729568481445 126.350685119629 114.339324951172 118.011848449707 142.337875366211 142.547470092774 145.661087036133 196.696426391602 237.465927124023 256.198028564453 270.397796630859 270.528350830078 243.486541748047 229.572784423828 145.358917236328 143.740631103516 142.124542236328 148.971405029297 148.669921875
524.279602050781 527.20263671875 516.360717773438 387.154510498047 382.899688720703 383.400054931641 389.177734375 368.497283935547 329.135986328125 330.070281982421 318.018585205078 333.593566894531 344.886596679688 398.831237792969 403.531921386719 410.844665527344 422.052368164062 441.335571289062 619.585266113287 462.396179199217 415.546203613281 399.926330566406 387.174224853516 364.291015625001 343.448760986327 323.879119873047 270.375030517578 260.959106445312 213.273208618167 143.599899291992 137.430313110352 123.727661132812 122.522529602051 133.702896118164 140.847366333008 133.077972412109 155.38166809082 223.736022949219 261.699157714844 254.446929931641 268.794250488281 254.527908325195 233.128646850586 142.379135131836 141.003143310547 144.787887573242 152.816864013672 145.569107055664
