data/thuenen/dis.pleuronectes.platessa.min.26.asc
NCOLS 320
NROWS 120
XLLCORNER 2
YLLCORNER 53
CELLSIZE 0.025
NODATA_value -9999
[rows 21 to 41 of 120, columns 96 to 143 of 320]
-9999 -9999 -9999 -9999 -9999 -9999 -9999 -9999 -9999 -9999 -9999 -9999 -9999 -9999 -9999 -9999 -9999 -9999 -9999 -9999 -9999 -9999 -9999 195.581962585449 195.252258300781 192.403030395508 186.823989868164 190.654846191406 196.875137329102 206.530609130859 202.364166259765 226.437957763672 227.439605712891 240.542846679688 190.207962036133 185.989318847656 186.167724609375 193.003158569336 199.159164428711 224.797439575195 227.507476806641 223.325744628906 230.023101806641 230.389770507812 231.619903564453 220.698623657226 237.456008911133 268.184356689453
-9999 -9999 -9999 -9999 -9999 -9999 -9999 -9999 -9999 -9999 -9999 -9999 -9999 -9999 -9999 -9999 -9999 -9999 -9999 -9999 -9999 -9999 -9999 191.731826782227 195.911666870117 185.631866455078 193.613891601562 193.824203491211 203.724456787109 205.967956542969 210.960403442383 198.475738525391 247.015686035156 242.730529785156 184.483123779297 180.975952148437 185.38410949707 192.60041809082 203.166839599609 220.743698120117 229.717712402344 230.478897094727 235.497985839844 233.629928588867 234.711502075195 227.498565673827 248.539627075195 253.673477172852
-9999 -9999 -9999 -9999 -9999 -9999 -9999 -9999 -9999 -9999 -9999 -9999 -9999 -9999 -9999 -9999 -9999 -9999 -9999 -9999 -9999 -9999 -9999 191.731826782227 187.551986694336 181.994735717773 188.764739990234 210.551483154297 203.079544067383 202.548400878906 207.588592529296 221.322143554687 262.0693359375 241.603408813477 188.752410888672 185.070938110351 190.6806640625 196.111328125 191.655487060547 221.658096313477 221.971527099609 229.434997558594 235.169204711914 239.487289428711 232.884613037109 223.99185180664 239.599502563477 247.866394042969
-9999 -9999 -9999 -9999 -9999 -9999 -9999 -9999 -9999 -9999 -9999 -9999 -9999 -9999 -9999 -9999 -9999 -9999 -9999 -9999 -9999 -9999 -9999 183.849815368652 180.147644042969 189.393783569336 193.249725341797 193.08528137207 194.45231628418 199.874588012695 206.793457031249 225.87321472168 221.454544067383 229.763702392578 194.935638427734 193.254226684571 186.544296264648 187.401412963867 188.563110351562 221.251159667969 222.872207641601 226.733825683594 236.365539550781 237.494125366211 243.378204345703 239.576171875001 224.780120849609 240.402557373047
78.6261215209961 77.9776153564453 76.6478576660156 75.4440612792969 72.5046691894531 71.8755722045901 63.7671356201172 63.5145645141602 55.7607803344727 26.2076148986816 24.6027851104734 30.3405494689941 28.2556533813477 34.9547882080078 60.0725479125977 64.3179550170893 79.4527435302735 95.5397720336914 114.758232116699 212.616592407227 211.385452270508 207.370132446289 200.956909179688 200.887573242188 180.591293334961 205.674102783203 220.561279296875 216.31201171875 205.7451171875 99.5969314575195 87.5268554687498 93.8644943237305 110.581932067871 129.895950317383 166.133346557617 158.878875732422 161.979873657227 163.281753540039 162.424331665039 199.643661499023 208.094085693359 225.713180541992 248.159591674805 221.682113647461 264.99267578125 285.198272705079 272.842864990234 270.469818115234
71.8857574462893 65.9336776733398 68.7046737670898 72.3885498046875 54.905158996582 60.1028594970702 64.5300445556641 53.1593399047852 47.456485748291 19.548376083374 18.890241622925 13.5339508056641 18.2676086425781 40.1485023498535 55.8891716003418 55.0870018005371 55.2624359130859 65.2207183837891 97.2561721801758 195.492660522461 200.913772583008 205.301696777344 202.333221435547 203.399459838867 206.019287109375 211.329162597657 204.203475952148 198.412322998047 193.612945556641 91.497428894043 101.492256164551 101.888000488281 121.409675598145 124.510032653809 151.596862792969 166.222503662109 166.080673217773 164.154388427734 165.174118041992 199.08740234375 233.446304321288 269.600311279297 254.152786254883 269.835662841797 254.981536865234 297.896362304688 291.748260498047 279.455352783203
56.1859626770022 50.8177833557129 43.0299301147461 45.858341217041 47.776237487793 48.1879386901855 50.6025886535645 43.6864128112793 43.0236968994141 13.1564378738403 15.1388454437255 16.3888053894043 14.4380111694336 15.994909286499 41.2141876220703 43.6232872009275 51.1675720214844 58.4936256408691 57.103515625 188.307769775391 220.70085144043 223.373840332031 225.985000610352 227.634353637695 218.954132080078 216.984802246094 207.874633789062 201.586044311523 194.660537719727 109.583099365234 118.456176757813 117.820594787598 127.810317993164 128.711761474609 159.763458251953 163.702911376953 163.870346069336 164.492370605469 174.942077636719 220.733459472656 266.343994140626 250.232055664062 250.062728881836 258.019409179688 276.982025146484 314.252166748048 283.379974365234 276.209808349609
37.2058830261227 47.1047592163086 43.5385055541992 39.0833930969238 34.945499420166 49.4757385253909 40.7667045593262 32.2153396606445 35.3634452819824 8.34959697723389 5.39604473114009 6.76857757568359 18.4791965484619 19.7113285064697 39.9748649597168 44.1175079345703 44.2919311523438 49.1478538513184 53.6082916259766 174.694686889648 186.730484008788 226.212600708008 277.529388427734 250.377777099609 233.794174194336 233.551864624024 225.125442504883 217.671981811523 217.006851196289 127.125061035156 135.813369750976 140.760833740234 131.589416503906 131.074798583984 161.217864990234 163.689819335937 166.214233398438 167.129837036133 181.440002441406 261.336212158203 248.689819335938 249.160232543945 251.852584838867 255.886825561523 281.792510986328 293.735229492189 257.499877929688 295.408813476562
42.9155044555667 36.036376953125 31.804838180542 30.8679161071777 23.1068916320801 20.5099601745604 23.3233699798584 25.5670166015625 29.7969360351562 11.6628742218018 11.4600591659545 14.4084024429321 14.5387687683105 16.1669635772705 41.2851295471191 41.2862854003903 50.885913848877 62.7155342102051 66.00390625 172.616744995117 200.767883300781 220.662902832031 232.445709228516 246.596694946289 250.112823486328 248.596939086914 240.521408081055 230.487014770508 228.055603027344 145.497039794922 140.872268676758 138.169906616211 137.470642089844 144.528366088867 163.518569946289 164.052612304688 164.312515258789 177.215270996094 184.000869750977 240.777496337891 254.43049621582 249.853561401367 249.885665893555 258.672424316406 287.213043212891 275.839294433594 264.963500976563 291.24560546875
142.403793334961 138.012298583984 135.991027832031 125.605987548828 57.3701324462891 48.8245315551756 53.4488334655762 56.3022041320801 65.4403533935547 120.998603820801 134.174835205078 140.172561645508 141.959106445312 125.830688476563 104.606132507324 107.188140869141 100.866729736328 98.4862518310547 99.2920074462891 160.363006591797 202.866592407225 248.214828491211 270.759033203125 285.754943847656 324.383972167969 315.586975097657 305.941619873047 306.876129150391 296.299255371094 323.277038574219 318.03857421875 317.44384765625 349.591125488281 348.757141113281 415.444976806641 428.368743896484 428.876342773438 446.197723388672 457.723052978516 466.559326171875 499.429199218751 464.136291503906 416.427459716797 405.188049316406 378.892486572266 382.065673828124 418.194000244141 432.574523925781
144.289825439454 127.053649902344 168.782852172852 169.513931274414 96.9903411865234 89.2791290283206 80.9341125488281 83.8617477416992 85.3540191650391 146.915802001953 156.082229614258 164.022796630859 148.756072998047 131.342376708984 121.482055664062 117.721534729003 137.374938964844 142.160202026367 161.228958129883 177.729293823242 195.255584716796 208.277877807617 232.712783813477 243.622268676758 277.802307128906 299.600555419921 328.691375732422 319.777954101562 317.501281738281 356.754821777344 404.793029785159 340.142517089844 325.192413330078 403.591339111328 510.188079833984 438.72329711914 446.2666015625 457.077697753906 464.867767333984 424.051239013672 458.807342529297 466.785888671875 449.862426757812 430.795959472656 447.006378173828 448.304870605469 437.471099853516 534.737182617188
135.322723388672 123.006866455078 206.254013061523 196.29377746582 113.036727905273 132.980606079103 95.5463638305664 91.1820297241211 91.3331451416016 166.582443237305 155.858062744141 138.675491333008 140.315887451172 141.094360351562 121.926620483398 152.522766113281 165.9072265625 160.545700073242 174.836669921875 192.822341918945 209.527893066406 211.944198608398 222.132720947266 245.748916625977 265.607055664062 269.700408935547 277.488922119141 283.502838134766 292.877258300781 390.365539550781 390.634368896486 341.383148193359 345.624237060547 345.683563232422 503.339721679688 546.719421386719 550.524291992188 549.182006835938 509.125823974609 450.475891113281 478.092834472656 473.374267578125 412.703338623047 420.529113769531 430.026794433594 469.420898437501 438.504455566406 380.661560058594
167.141464233399 141.995742797852 244.627746582031 215.690460205078 109.076202392578 112.353225708008 102.036758422852 75.5477066040039 61.0135612487793 137.853332519531 145.448745727539 141.416458129883 156.895248413086 164.903961181641 166.223602294922 193.325012207031 201.746307373047 199.344955444336 203.010925292969 204.859680175781 216.538864135741 236.562088012695 270.91845703125 283.418212890625 320.133758544922 325.198364257813 325.169647216797 318.656860351563 309.512115478516 369.963470458984 358.856475830081 273.355377197266 280.794708251953 271.357879638672 281.687866210938 518.546936035152 633.284484863281 755.0322265625 680.361145019531 586.989501953125 566.960998535159 478.94140625 423.053619384766 400.457153320312 519.467651367188 451.269042968752 385.589141845703 379.797515869141
203.276062011718 214.686706542969 375.903686523437 311.467498779297 139.640869140625 114.48797607422 80.9085998535156 59.5244445800781 67.224479675293 132.426025390625 138.416259765624 164.63410949707 183.992919921875 199.535797119141 209.755401611328 236.047302246094 236.154205322266 233.506988525391 238.820556640625 236.48258972168 309.381561279299 252.62532043457 253.738998413086 259.910217285156 285.579803466797 292.363555908201 349.947387695312 464.493377685547 440.516662597656 478.784912109375 462.501770019534 381.112670898438 383.309844970703 365.152679443359 427.091278076172 437.870849609373 501.083831787109 621.098449707031 595.408325195312 531.721069335938 403.646484375001 372.817047119141 352.687561035156 343.615844726562 428.834289550781 419.841125488284 345.480346679688 341.645324707031
83.0190277099611 78.5519027709961 83.0894241333008 86.8642272949219 91.5423126220703 88.2653961181641 88.109733581543 96.2407531738281 98.8295974731445 123.212631225586 157.922607421874 182.660552978516 196.405364990234 210.848114013672 239.829650878906 253.860153198242 259.889678955078 268.753082275391 324.979858398438 343.12255859375 297.869293212891 296.657928466797 352.638000488281 361.508911132813 391.973815917969 409.758850097656 406.554473876953 459.406311035156 534.08154296875 555.871520996094 451.735321044924 406.972015380859 412.551666259766 422.841522216797 450.437438964844 472.099975585938 469.539428710937 578.754943847656 578.535278320312 545.96875 378.514373779299 323.831359863281 288.896697998047 323.745635986328 337.126770019531 433.039489746098 314.51904296875 305.933715820312
80.0643844604496 69.1325454711914 68.8157424926758 72.5591354370117 88.0709915161133 105.933586120606 92.4573364257813 106.695289611816 109.944213867188 139.211517333984 183.298294067382 204.854019165039 210.382904052734 218.164642333984 247.847534179688 263.352722167967 313.910583496094 340.017425537109 345.494110107422 355.656768798828 363.180236816406 369.325042724609 366.843994140625 406.208679199219 425.001617431641 428.288116455079 409.463989257812 411.381622314453 436.626159667969 447.926574707031 455.490875244141 458.727478027344 482.490081787109 478.341430664062 490.100219726562 484.800201416016 478.242462158203 583.460510253906 587.796203613281 599.021240234375 419.145568847658 376.031921386719 358.293853759766 359.899353027344 334.921997070312 416.658325195316 317.050598144531 291.768585205078
83.1887512207034 76.2083587646484 75.5576400756836 81.3469314575195 100.37963104248 100.812423706054 111.193260192871 125.596969604492 139.028869628906 173.348831176758 206.517776489258 208.202606201172 212.689895629883 223.558898925781 304.269775390625 381.248748779299 335.148834228516 358.828948974609 359.178588867188 364.430847167969 370.597381591797 375.680450439453 374.583831787109 396.805145263672 418.199768066406 434.476165771484 454.073333740234 449.077728271484 425.496490478516 448.911102294922 443.789337158202 472.750061035156 478.852264404297 485.359497070313 491.507415771484 491.31362915039 498.808959960938 609.239318847656 609.838195800781 518.113708496094 439.509826660158 387.500823974609 364.135040283203 355.681457519531 339.694732666016 337.780242919919 416.828491210937 294.272277832031
98.2540054321292 88.2742462158203 87.3313827514648 92.1701812744141 106.536590576172 111.762603759765 136.223495483398 153.96028137207 177.817306518555 187.485412597656 208.021575927734 213.785537719727 274.735168457031 355.412872314453 344.197662353516 346.089752197265 356.116577148438 375.6533203125 387.921234130859 353.336517333984 355.597534179687 362.873596191406 366.108520507812 397.132781982422 416.815551757812 438.418548583984 444.496612548828 455.334350585938 449.906585693359 435.837554931641 447.288970947265 463.716339111328 478.097320556641 478.183898925781 484.656341552734 477.486358642577 500.358734130859 595.508483886719 548.814147949219 460.687103271484 462.085571289066 376.184631347656 373.738342285156 349.762359619141 334.361450195312 336.318328857421 363.689422607422 315.788726806641
84.7036514282226 87.4053497314453 87.9493026733398 95.796501159668 111.462173461914 143.432693481445 164.090103149414 178.976165771484 185.875961303711 208.682998657227 209.807952880857 264.038330078125 366.787841796875 332.429656982422 369.716064453125 367.569183349609 378.438537597656 378.927673339844 381.095550537109 377.817535400391 377.155364990234 379.831115722656 373.294006347656 395.738616943359 420.887786865234 443.613555908203 448.127563476562 449.666015625 457.302947998047 436.555969238281 432.470672607421 447.361907958984 457.142181396484 463.513732910156 472.1279296875 472.000579833984 481.442626953125 593.667602539062 540.985534667969 460.074676513672 401.152313232423 363.430328369141 352.232055664062 348.524932861328 329.776824951172 325.639526367188 325.30419921875 418.385040283203
77.0976715087891 76.1716232299805 91.5207443237305 98.2469940185547 136.046401977539 159.561080932616 182.573791503906 192.162384033203 198.069808959961 257.575408935547 282.60656738281 350.877166748047 352.736755371094 369.629699707031 384.711456298828 380.598236083984 394.492614746094 413.805053710938 409.685791015625 403.134155273438 402.937438964844 403.819091796875 400.792053222656 418.624664306641 408.389678955078 422.671356201172 423.704895019531 424.688323974609 420.388916015625 397.425994873047 364.609008789062 364.575500488281 387.626586914062 388.487030029297 425.597106933594 425.037353515625 434.280853271484 522.927124023438 463.117065429688 484.758697509766 390.607025146485 385.879913330078 381.321319580078 380.995025634766 367.180236816406 362.65316772461 354.667602539063 375.080169677734
72.9639816284179 73.9578094482422 90.8051834106445 99.6886672973633 143.130126953125 164.457473754882 175.210983276367 190.703048706055 223.669448852539 251.844223022461 267.341827392575 360.535064697266 332.350128173828 334.710632324219 343.55712890625 341.947479248046 359.479156494141 382.771942138672 383.030944824219 383.122528076172 397.267944335937 407.218627929688 405.263549804688 420.688781738281 419.725555419922 432.302490234375 441.215789794922 437.674865722656 436.437255859375 421.245910644531 389.955017089844 389.103698730469 381.873382568359 396.19482421875 425.036987304688 428.269836425782 404.778411865234 520.322265625 464.444244384766 491.806793212891 396.850372314453 394.174713134766 395.959594726562 396.071868896484 378.855499267578 370.804199218751 354.379730224609 343.674560546875
