data/thuenen/dis.solea.24.max.asc
NCOLS 320
NROWS 120
XLLCORNER 2
YLLCORNER 53
CELLSIZE 0.025
NODATA_value -9999
[rows 63 to 83 of 120, columns 240 to 287 of 320]
15.4244527816773 14.927055358887 18.7964668273926 19.1344356536865 16.7374706268311 7.15643119812053 1.32380831241601 0.394544333219528 0.921338021755219 1.35264956951141 0.513857841491706 0.425433427095424 0.573652267456055 0.344650030136108 0.361672252416611 0.706698954105376 0.716977596282981 1.02040016651154 1.20789837837219 1.63018596172333 3.96437335014331 5.69978857040403 5.3416576385498 5.43615341186523 6.16561794281006 6.44794368743896 6.54452562332153 6.88250255584717 7.00147104263306 7.23945093154907 -9999 -9999 -9999 -9999 -9999 -9999 -9999 -9999 -9999 -9999 -9999 -9999 -9999 -9999 -9999 -9999 -9999 -9999
15.3690719604492 14.9396562576296 18.4559936523438 17.5522499084473 14.1222791671753 7.24892473220859 2.51199698448168 0.682729661464691 1.18338096141815 1.93456399440765 0.584352195262916 0.48161822557451 0.710217237472534 0.354905247688293 0.351907253265381 0.495502918958647 0.735278606414822 1.12173342704773 1.20172798633575 1.47495698928833 3.96435046195972 5.69303083419798 5.39972496032715 5.35406732559204 5.42932558059692 6.44794368743896 6.54452562332153 6.88250255584717 7.00147104263306 -9999 -9999 -9999 -9999 -9999 -9999 -9999 -9999 -9999 -9999 -9999 -9999 -9999 -9999 -9999 -9999 -9999 -9999 -9999
9.62220001220699 10.2515544891358 11.1669578552246 9.65278244018555 7.87742757797241 9.17927360534693 5.63464689254751 4.27880668640137 4.62299203872681 4.17340517044067 2.32918286323554 1.34090149402621 1.68438935279846 0.246268332004547 0.0971119999885559 0.413371175527558 0.615531682968171 1.05035102367401 1.21821141242981 1.29097521305084 3.17686343193038 5.48865985870362 5.51842784881592 5.58036422729492 5.63207960128784 9.90094947814933 11.0434551239014 -9999 -9999 -9999 -9999 -9999 -9999 -9999 -9999 -9999 -9999 -9999 -9999 -9999 -9999 -9999 -9999 -9999 -9999 -9999 -9999 -9999
8.3713026046752 9.74690246582017 7.69355058670044 6.46046543121338 6.42491102218628 5.76614713668828 5.16632175445556 5.09545278549194 4.3033971786499 3.80210137367249 3.02147436141974 2.13006591796876 2.23386073112488 0.0522643327713013 0.0823963358998299 0.460117489099491 0.626408338546766 0.81354296207428 1.04627275466919 1.18578612804413 2.95318865776059 3.39708924293533 5.48303985595703 5.62339019775391 -9999 -9999 -9999 -9999 -9999 -9999 -9999 -9999 -9999 -9999 -9999 -9999 -9999 -9999 -9999 -9999 -9999 -9999 -9999 -9999 -9999 -9999 -9999 -9999
8.21256256103511 8.91102504730187 3.59150147438049 2.26502561569214 2.78428959846497 5.10808563232421 5.28680133819578 4.93283271789551 4.33689403533936 3.76298499107361 2.52499270439156 1.44025075435639 1.56060528755188 0.831756293773651 0.819728314876556 0.308686465024955 0.211494147777573 0.432062894105911 0.917233943939209 1.09361684322357 2.6919696331024 2.96537733078009 3.74929070472717 5.50431251525879 -9999 -9999 -9999 -9999 10.8845252990723 -9999 -9999 -9999 -9999 -9999 -9999 -9999 -9999 -9999 -9999 -9999 -9999 -9999 -9999 -9999 -9999 -9999 -9999 -9999
8.24189853668214 8.14095401763877 2.61362457275391 2.07926511764526 2.58517813682556 5.09595537185662 6.00027513504021 4.9034743309021 4.30543279647827 4.39514017105103 3.01896214485179 1.58316421508784 0.911932289600372 0.411794632673263 1.0498126745224 0.331537336111074 0.262432008981707 0.29024264216423 0.457582533359528 0.785147309303284 0.919252157211178 2.69099283218386 2.96573257446289 3.18020629882813 5.53455018997192 -9999 -9999 -9999 10.8845252990723 10.5780668258667 -9999 -9999 -9999 -9999 -9999 -9999 -9999 -9999 -9999 -9999 -9999 -9999 -9999 -9999 -9999 -9999 -9999 -9999
8.18098831176767 6.90056133270226 1.58841228485107 1.53693950176239 1.57247805595398 5.28979682922358 5.97429561614983 5.00305843353271 4.33502769470215 4.18884229660034 3.70253205299388 2.15250515937798 1.13618147373199 1.04778957366943 1.1707329750061 0.233705997467034 0.336555480957037 0.419967770576477 0.357166826725006 0.603955626487732 0.704060494899616 2.58586573600769 2.54461860656738 2.63457441329956 3.00303077697754 8.81008434295647 9.76661014556885 9.35280132293701 10.2370901107788 10.749945640564 -9999 -9999 -9999 -9999 -9999 -9999 -9999 -9999 -9999 -9999 -9999 -9999 -9999 -9999 -9999 -9999 -9999 -9999
7.72066974639904 6.09943914413436 3.8651134967804 3.4693169593811 3.52549982070923 5.88466024398794 7.28189134597766 5.57030010223389 4.65966081619263 4.11810111999512 2.93380355834964 2.42428755760187 1.53452742099762 2.24477434158325 3.49393129348755 1.73012316226962 1.40833616256711 1.01502192020416 0.806328475475311 1.09713184833527 1.29879224300367 3.76400065422058 3.7671971321106 3.89405822753906 3.85510158538818 3.87866568565365 4.33412885665893 7.28720808029175 7.39255857467651 8.68454074859619 9.4150686264038 9.51708889007568 9.46201229095459 -9999 -9999 -9999 -9999 -9999 -9999 -9999 -9999 -9999 -9999 -9999 -9999 -9999 -9999 -9999
4.33142995834347 4.82272434234619 4.80044269561768 4.71221351623535 4.7100830078125 5.93738794326784 5.71411085128787 6.07897281646729 5.40534782409668 5.10670709609985 2.33382368087767 2.6143848896026 1.76283895969391 2.12224221229553 8.25251770019531 5.32685995101954 1.80739676952358 1.24718677997589 1.1631965637207 1.07396423816681 1.3536779880522 3.72969150543213 3.77268886566162 3.77843141555786 3.8000283241272 3.49619412422178 3.73561978340149 3.99146294593811 7.17469167709351 7.41015863418579 7.63087320327746 9.45481967926025 9.50871467590332 -9999 -9999 -9999 -9999 -9999 -9999 -9999 -9999 -9999 -9999 -9999 -9999 -9999 -9999 -9999
6.23832178115844 6.30373477935789 5.98587417602539 6.26721239089966 6.52044057846069 8.5966987609864 7.61994791030869 5.51531648635864 5.61357593536377 4.90488910675049 1.99183177947999 1.9028955698013 1.44514036178589 1.66586172580719 2.83517003059387 7.42881774902358 5.47575283050512 1.96417701244354 1.97271811962128 2.10170602798462 1.3528497219084 3.76993680000305 3.75118017196655 3.75090026855469 3.80336618423462 3.38688993453979 3.43752121925354 3.48922944068909 3.73254632949829 4.47508001327515 7.53548097610477 7.03870582580566 -9999 -9999 -9999 -9999 -9999 -9999 -9999 -9999 -9999 -9999 -9999 -9999 -9999 -9999 -9999 -9999
5.12820053100586 5.08504486083985 5.17571306228638 5.68326139450073 6.10090351104736 7.72708606719968 8.02236747741695 7.43264722824097 5.43300676345825 4.72692584991455 1.63806903362282 0.468032181263015 1.10239374637604 1.91926300525665 1.97625315189362 6.41852092742915 7.06232690811151 6.11688804626465 3.5266695022583 3.32155561447144 9.22515392303502 4.2437763214111 3.77913355827332 3.77380657196045 3.72561573982239 3.29816102981566 3.46910881996155 3.42208981513977 3.36444139480591 3.63972806930542 4.39471387863157 4.6654953956604 7.74729347229004 -9999 -9999 -9999 -9999 -9999 -9999 -9999 -9999 -9999 -9999 -9999 -9999 -9999 -9999 -9999
5.08775997161866 4.95029926300049 4.97940731048584 5.21295881271362 6.52069330215454 7.30659294128415 7.65163564682017 9.09810256958008 4.8081488609314 4.7819128036499 1.12171947956088 0.754657447338102 0.71896243095398 1.29962122440338 1.62552750110626 5.43082809448235 6.37132310867327 8.74390125274658 6.97209072113037 3.65316891670227 7.73216772079471 7.27741861343369 5.17358446121216 4.28406858444214 4.25048875808716 3.63439464569092 3.55921506881714 3.39563536643982 3.40731358528137 3.38959121704102 4.14761543273925 4.20596218109131 4.32994508743286 -9999 -9999 -9999 -9999 -9999 -9999 -9999 -9999 -9999 -9999 -9999 -9999 -9999 -9999 -9999
2.59617829322818 2.13668870925896 1.13297164440155 1.25790083408356 1.98890244960785 6.94519090652464 7.19364976882943 8.3691520690918 3.9256112575531 2.55876421928406 0.771428585052498 0.668369829654701 0.765485882759094 0.953806102275848 1.36409068107605 0.307486504316319 0.466474503278856 2.20790934562683 2.94865584373474 1.79553055763245 4.69850778579712 4.71078824996946 4.44814920425415 4.09060955047607 3.62595844268799 3.69303107261659 3.57487773895264 3.67441940307617 3.4192008972168 2.98214983940125 3.69908785820007 3.68101954460144 3.6903555393219 3.7139585018158 3.71517443656921 -9999 -9999 -9999 -9999 -9999 -9999 -9999 -9999 -9999 -9999 -9999 -9999 -9999
2.56409263610847 1.55786049365993 0.988233327865601 1.06629574298859 1.72996509075165 8.41669750213623 8.46287345886227 7.99185800552368 3.85854244232178 2.13154721260071 0.432361036539067 0.586453914642351 0.821480393409729 0.576653599739075 0.837744057178497 1.41415727138524 0.67997390031815 0.737516939640045 1.67111444473267 2.01357555389404 4.92818927764894 4.76333951950075 4.97367000579834 4.60658264160156 4.64089345932007 4.36940193176273 3.95597171783447 3.9344277381897 3.98391819000244 3.59097957611084 4.10424041748048 3.99610018730164 3.97575259208679 3.99960947036743 3.89955258369446 -9999 -9999 -9999 -9999 -9999 -9999 -9999 -9999 -9999 -9999 -9999 -9999 -9999
3.87824153900167 0.935927093029022 0.928084313869476 0.750658810138702 1.77700519561768 9.4664659500123 8.16361427307122 7.1692214012146 2.32843852043152 2.00911140441895 0.406319826841345 0.5367060303688 0.466659128665924 0.474722921848297 0.627161204814911 1.12541508674613 2.27675986289969 0.952144384384155 0.98818850517273 1.54758727550507 5.42269945144655 5.17582368850708 5.14197206497192 5.04208326339722 4.48062133789062 4.82400703430178 4.48964738845825 4.34816741943359 4.05045175552368 4.09079456329346 4.70896863937378 4.7535400390625 4.69476270675659 4.68519306182861 4.52155542373657 -9999 -9999 -9999 -9999 -9999 -9999 -9999 -9999 -9999 -9999 -9999 -9999 -9999
2.52142906188976 0.930491447448747 1.157057762146 0.778138279914856 3.06704521179199 8.87166881561258 11.9016571044915 2.9050304889679 2.38810682296753 2.82835102081299 0.559965431690242 0.190653398632998 0.114761024713516 0.444961190223694 0.615034639835358 1.14107215404508 1.43698024749768 3.10369205474854 0.703386664390564 2.6292073726654 5.14200067520141 5.19514560699463 5.20070552825928 4.97425365447998 5.32933807373047 5.43235158920295 4.48964738845825 4.78650331497192 5.47208166122436 5.49654150009155 6.6963262557983 7.30008268356323 7.73541402816772 7.32866764068604 -9999 -9999 -9999 -9999 -9999 -9999 -9999 -9999 -9999 -9999 -9999 -9999 -9999 -9999
1.24472332000732 1.32420945167546 1.93433654308319 3.31966376304627 3.20322632789612 9.15927600860602 8.30419826507542 4.60097360610962 2.68524265289307 2.55721569061279 0.672794401645696 0.171123072505002 0.242753580212593 0.41957089304924 0.596853077411652 1.42566227912902 1.48210453987125 2.01218318939209 1.78001010417938 2.50080180168152 4.97321748733518 5.29641151428221 5.08022022247314 4.85808134078979 5.2049412727356 5.1264963150025 4.31980800628662 4.58200645446777 5.40556669235229 5.42128896713257 6.94042062759395 7.56367874145508 7.4672417640686 4.90259981155396 -9999 -9999 -9999 -9999 -9999 -9999 -9999 -9999 -9999 -9999 -9999 -9999 -9999 -9999
8.69802379608145 9.92676925659208 13.8973169326782 15.5484933853149 16.1547603607178 2.59130358695985 2.481471300125 0.750707924365997 1.18435227870941 0.697021305561066 1.09577476978302 1.11574566364288 1.08134353160858 1.16028702259064 1.45913338661194 2.10623359680173 2.48332619667052 2.26324582099915 3.07039141654968 4.17660427093506 3.54667901992795 3.93121480941772 3.81667709350586 3.7750129699707 3.82615900039673 4.57822942733767 4.2786717414856 4.08464622497559 7.37197113037109 7.35841798782349 6.42759847640981 7.87263441085815 7.84924602508545 3.71501350402832 3.8685028553009 -9999 -9999 -9999 -9999 -9999 -9999 -9999 -9999 -9999 -9999 -9999 -9999 -9999
9.88037681579593 9.47014236450199 10.0534038543701 31.0713710784912 15.7990016937256 2.56732296943679 0.461465656757348 0.370629966259003 0.776237666606903 0.524690866470337 1.08945965766906 1.17155396938324 1.14507055282593 1.18486940860748 1.61897611618042 2.26086401939392 2.21350955963136 2.33849930763245 3.72095704078674 4.04501485824585 3.56839942932129 3.52084016799929 3.89273262023926 3.82986235618591 3.5140597820282 4.78330183029178 4.39580917358398 3.64078092575073 6.08980894088745 7.35486316680908 6.45467901229852 7.34285402297974 7.95700168609619 3.85665059089661 3.681316614151 -9999 -9999 -9999 -9999 -9999 -9999 -9999 -9999 -9999 -9999 -9999 -9999 -9999
10.3601636886597 10.5466661453248 11.6867237091064 14.6082458496094 14.1653165817261 0.0753346681594861 0.0574349984527072 0.673712134361267 0.0462482869625092 0.415231257677078 1.20876204967499 1.22862088680267 1.17274105548859 1.17177045345306 1.42175018787384 2.40956592559815 2.31978940963745 2.33849930763245 4.07945251464844 4.26434087753296 3.6300847530365 3.67032718658451 4.17995500564575 3.96459126472473 3.69509220123291 4.70135259628297 4.52350473403931 3.71983027458191 3.60082674026489 8.15203475952148 6.37449932098382 7.26830530166626 7.90165901184082 3.815762758255 3.70340132713318 -9999 -9999 -9999 -9999 -9999 -9999 -9999 -9999 -9999 -9999 -9999 -9999 -9999
10.6886291503907 9.25538349151608 8.84134674072266 9.1019344329834 12.8028573989868 0.246584236621863 0.155840426683417 0.0296550001949072 0.0504007525742054 0.160963356494904 1.27856409549708 2.04319214820859 1.64373350143433 1.20535326004028 1.30608594417572 2.2733879089355 2.91044545173655 4.25955390930176 4.30130577087402 4.26434087753296 3.63008475303648 3.85349106788637 4.1037073135376 4.21496868133545 3.98563647270203 5.12278938293459 4.86934232711792 4.0549750328064 3.726229429245 3.69670844078064 3.78975081443758 7.82914876937866 3.73394703865051 3.67937445640564 3.78621625900269 -9999 -9999 -9999 -9999 -9999 -9999 -9999 -9999 -9999 -9999 -9999 -9999 -9999
