data/thuenen/dis.pleuronectes.platessa.min.26.asc
NCOLS 320
NROWS 120
XLLCORNER 2
YLLCORNER 53
CELLSIZE 0.025
NODATA_value -9999
[rows 63 to 83 of 120, columns 48 to 95 of 320]
302.932800292969 150.483825683594 132.153472900391 130.249694824219 131.428939819336 130.92756652832 129.119232177734 168.497970581055 184.265106201172 171.27409362793 153.20964050293 165.971069335938 185.11247253418 163.704299926758 143.55322265625 126.549179077148 122.096328735352 143.551712036133 151.723236083984 147.015228271484 150.396514892578 149.633911132812 159.405517578125 160.67724609375 163.636184692383 165.662612915039 166.885314941406 184.95458984375 182.451919555664 186.829147338867 185.395645141602 186.261260986328 181.48567199707 185.843185424805 176.802825927734 171.496765136719 170.570861816406 192.435989379883 190.361999511719 195.129699707031 200.838485717773 205.493103027344 184.177947998047 169.211456298828 163.879257202148 150.454833984375 147.947036743164 103.146347045898
221.662017822266 143.635482788086 143.012451171875 124.930252075195 124.825660705566 133.660614013672 132.166473388672 147.497802734375 172.864410400391 154.516754150391 136.695266723633 147.675811767578 158.122970581055 154.620834350586 150.735275268555 147.319869995117 142.062637329102 145.276184082031 147.358795166016 147.416839599609 160.632995605469 161.293746948242 171.589889526367 169.875625610352 169.137985229492 170.707321166992 173.474288940429 191.765884399414 184.415390014648 191.924545288086 199.989349365234 198.802963256836 184.153137207031 184.493682861328 183.673889160156 176.329284667969 172.794860839844 198.831848144531 209.460601806641 200.931762695313 193.671112060547 191.604995727539 165.628479003906 161.273864746094 156.213577270508 149.487777709961 136.752471923828 79.3739318847656
141.460739135742 153.044692993164 149.494140625 135 114.733024597168 121.974334716797 123.266296386719 145.511352539062 154.93359375 177.488479614258 157.355056762695 165.606231689453 180.788375854492 182.609130859375 185.241516113281 168.501281738281 163.7041015625 164.814117431641 156.556777954101 163.035217285156 234.785446166992 219.407836914062 167.638946533203 162.694076538086 162.085845947266 161.761947631836 161.194519042969 163.382171630859 159.238708496094 170.627258300781 164.865203857422 159.095626831054 190.165893554688 191.558578491211 182.489456176758 179.925369262695 195.019348144531 175.949951171875 167.179718017578 163.47966003418 156.84326171875 158.586029052734 134.332992553711 108.431396484375 108.825912475586 111.651466369629 111.257705688477 123.960502624512
138.283554077148 136.362869262695 160.302917480469 146.343627929688 145.234664916992 123.194107055664 128.301651000977 148.560485839844 146.817718505859 183.359527587891 185.261840820312 169.839370727539 198.646072387695 191.099639892578 188.995986938477 185.419799804688 173.518524169922 164.531158447266 175.068862915039 183.656600952148 258.231689453125 192.078277587891 179.531890869141 162.356307983399 157.101013183594 158.78776550293 162.206954956055 163.968368530273 174.234786987305 179.427444458008 175.954818725586 166.808319091796 183.959243774414 184.521102905274 181.327728271484 179.997253417969 173.254379272461 167.087371826172 155.467956542969 156.473937988281 150.068954467773 148.173934936523 127.541328430176 122.05135345459 119.640724182129 120.846252441406 118.313774108887 126.140296936035
161.092758178711 142.060684204102 163.258636474609 158.722625732422 149.673324584961 146.573394775391 147.696899414062 174.535415649414 162.370956420898 159.718200683594 205.534454345703 177.983047485352 208.601974487305 194.53483581543 201.933547973633 203.999725341797 213.982131958008 232.239685058594 249.361099243164 267.899627685547 308.037536621094 237.66862487793 215.620513916016 218.566543579102 216.082061767578 226.031524658203 230.914230346681 206.833343505859 215.974060058594 210.805221557617 207.001525878906 210.600662231445 215.962219238281 220.337387084962 197.056854248047 168.76057434082 159.559066772461 151.143661499023 153.987564086914 150.746627807617 152.302139282227 150.767684936523 130.076263427734 124.952178955078 127.074264526367 122.198341369629 121.040184020996 127.74772644043
167.513687133789 170.176391601562 162.975677490234 176.847518920898 176.423370361328 196.608901977539 167.878784179688 174.609786987305 179.689361572266 171.269119262695 202.699295043945 222.359741210938 253.235366821289 240.537826538086 261.377075195312 292.281921386719 279.658050537109 319.945281982422 311.505584716797 314.691802978516 249.235366821289 234.241058349609 216.365615844727 241.49105834961 230.974594116211 239.661346435547 233.024948120118 197.653778076172 193.673538208008 186.834594726562 180.963973999023 181.629364013671 202.884201049805 201.067077636719 185.691345214844 178.511291503906 177.997604370117 162.798828125 153.435836791992 156.222015380859 153.96549987793 152.250091552734 131.710296630859 125.428512573242 128.447372436523 129.30046081543 124.177719116211 128.658111572266
181.824966430664 174.84553527832 203.998397827148 186.532089233398 185.993789672852 183.789901733398 188.596221923828 197.002349853516 189.678482055664 181.073684692383 197.585464477539 242.631408691406 264.058441162109 308.76303100586 300.410827636719 294.659088134766 281.065887451172 253.719696044922 251.939758300781 273.402130126953 262.648223876953 246.113357543945 218.664215087891 221.06103515625 215.948211669922 216.172607421875 210.999282836915 195.706802368164 184.511306762695 178.721572875977 181.126495361328 169.516372680664 175.676879882812 177.680557250977 174.868621826172 174.383209228516 175.081558227539 165.534606933594 169.587692260743 155.341995239258 154.238616943359 156.582641601562 133.462326049805 130.897369384766 128.785659790039 124.802322387695 124.402786254883 124.602432250977
179.762939453125 174.694442749023 192.022232055664 188.262969970704 158.58561706543 160.425857543945 339.269470214844 707.9462890625 565.861999511722 403.897247314453 422.26513671875 613.911437988281 392.372802734375 402.961822509766 373.964721679688 375.47021484375 368.782867431641 262.679382324219 258.796356201172 228.592788696289 219.794525146484 211.919357299805 199.357238769531 196.732772827149 184.702865600586 187.094268798828 201.611373901369 161.71354675293 148.352645874023 150.453948974609 150.340286254883 147.816421508789 148.501525878906 146.543807983399 144.232986450195 142.402725219727 142.298950195312 149.788757324219 153.233917236328 152.375778198242 141.476715087891 127.996589660645 113.925971984863 111.249664306641 107.760459899902 104.760375976562 103.679039001465 99.5219955444336
202.142150878906 203.406143188477 328.321838378906 255.283691406249 324.711700439453 358.174865722656 276.560577392578 818.929321289062 851.787109374999 890.399719238281 1010.11706542969 1483.48669433594 780.803039550781 577.467834472659 443.508483886719 418.614532470703 387.919860839844 230.319488525391 217.0595703125 216.753799438477 214.447845458984 205.235656738281 176.59651184082 172.376708984375 174.13395690918 160.048370361328 151.384857177734 150.005401611328 153.843307495117 153.535949707031 151.558166503906 151.674514770508 149.456008911133 149.245040893555 146.106643676758 144.992980957031 139.008239746094 140.890869140625 138.943237304687 140.540756225586 172.474792480469 124.529731750488 113.842315673828 109.017204284668 105.54370880127 103.80623626709 102.398483276367 99.4209289550781
200.275741577148 212.216156005859 258.479736328125 243.344696044922 246.238616943359 255.050827026367 266.245025634766 856.74658203125 882.644958496093 911.509460449219 1085.63610839844 1309.87487792969 654.04736328125 545.50915527344 409.552368164062 393.185424804688 350.177856445312 203.382568359375 185.28173828125 189.615615844727 187.5107421875 195.131286621094 187.204849243164 164.319320678711 146.930572509766 157.096908569336 152.36376953125 153.330459594727 153.152984619141 154.545715332031 150.92317199707 147.045364379883 148.093414306641 145.8154296875 142.222091674805 139.945831298828 140.008346557617 146.552505493164 141.116683959961 143.017105102539 145.134353637695 133.98828125 110.484443664551 107.88565826416 105.6123046875 103.866996765137 102.030738830566 98.630989074707
191.007339477539 180.609710693359 194.293823242188 177.371871948242 172.607681274414 178.936492919922 200.165161132812 780.569702148438 814.173278808592 911.681396484375 1176.91979980469 937.177673339844 590.565734863281 512.691772460939 429.823822021484 369.519866943359 355.752349853516 207.106338500977 180.673889160156 189.52619934082 201.20588684082 216.482681274414 173.413269042969 158.418319702148 155.280136108398 152.084503173828 150.677917480469 151.26921081543 154.782760620117 154.997741699219 153.032958984375 147.339263916016 144.875991821289 142.055969238281 141.386825561523 140.279754638672 135.653610229492 147.150131225586 142.078018188477 139.719650268555 143.191955566406 144.358367919922 110.432945251465 109.232078552246 106.130676269531 103.785957336426 103.089248657227 97.3162841796875
177.348281860352 166.634689331055 156.964752197266 159.054901123047 152.094802856445 185.25129699707 207.095520019531 776.444152832031 845.482910156247 991.512878417969 1108.1533203125 939.246276855469 567.163818359375 513.658081054688 489.360992431641 416.295959472656 391.769287109375 199.398223876953 184.578826904297 193.033889770508 204.509246826172 179.319381713867 158.282180786133 151.037216186523 158.093627929688 149.671508789062 153.047317504883 150.38249206543 152.246109008789 153.268783569336 150.2001953125 145.095520019531 145.429428100586 142.347793579102 141.88166809082 139.617614746094 137.184478759766 153.007125854492 144.123168945313 141.914566040039 147.857925415039 145.427642822266 113.865898132324 108.692504882813 106.728393554688 104.95694732666 102.578514099121 105.67024230957
245.887786865234 226.369476318359 242.386917114258 246.578842163086 249.685363769531 271.898773193359 273.867431640625 290.538024902344 383.193695068359 431.215209960938 353.727783203125 334.828887939453 227.138458251953 219.19059753418 224.999435424805 207.857452392578 213.045028686523 207.636032104492 187.321273803711 196.707962036133 194.447219848633 195.222366333008 188.681457519531 181.50080871582 173.188674926758 165.376220703125 163.315551757812 172.167205810547 172.794403076172 174.248977661133 171.476669311523 169.571105957032 160.945434570312 152.85124206543 156.616195678711 147.705001831055 149.898376464844 177.165100097656 166.930084228516 161.861907958984 153.408477783203 138.325317382812 133.700912475586 133.541244506836 132.118087768555 137.296188354492 130.607620239258 131.383178710938
249.125045776367 248.111587524414 264.565521240234 271.269897460937 293.403289794922 289.423095703125 304.950775146484 311.496917724609 398.59405517578 463.864501953125 352.410278320312 309.177947998047 207.605346679687 210.251831054687 218.125946044922 225.444732666016 191.213424682617 193.088165283203 186.285781860351 199.1015625 194.418365478516 193.45573425293 176.302459716797 174.264999389648 174.073394775391 163.886627197266 164.157958984375 171.026214599609 173.851928710937 178.519638061523 177.095687866211 173.698440551758 167.636184692383 151.169570922851 156.204849243164 148.855422973633 149.286071777344 180.456588745117 172.883956909181 150.151794433594 148.324676513672 139.568664550781 135.127349853516 137.345230102539 133.369140625 129.130981445312 129.642349243164 127.573547363281
255.83056640625 261.548919677734 294.785797119141 303.777648925781 301.294525146484 312.896057128906 328.899047851563 387.72802734375 440.622528076171 485.929046630859 329.340454101562 303.063995361328 229.57080078125 188.060073852539 197.420715332031 202.137130737305 193.884918212891 195.722427368164 183.155487060547 190.791702270508 195.983947753906 201.926544189453 185.920135498047 184.364700317383 182.859771728516 166.344299316406 164.198852539062 171.237777709961 175.252487182617 177.390197753906 174.444229125977 172.178512573243 161.132278442383 152.439590454101 155.514785766602 147.59765625 149.125411987305 156.781661987305 148.300979614258 146.556228637695 145.757232666016 141.147613525391 135.961776733398 132.138031005859 130.490310668945 128.749862670898 128.62548828125 129.417037963867
302.813659667969 305.74755859375 323.657592773438 337.632293701172 309.130859375 306.931121826172 380.372772216797 435.049224853516 444.308258056642 349.323394775391 336.862274169922 290.091369628906 195.362213134766 194.904174804688 195.728378295898 209.678726196289 195.367584228516 187.731292724609 190.593292236328 196.841201782227 198.011169433594 199.789321899414 183.861831665039 180.806213378906 179.117385864258 163.304946899414 164.003479003906 168.063812255859 171.139892578125 175.650955200195 172.011352539063 168.745483398438 151.872665405273 152.998016357422 150.768585205078 147.831192016602 141.184432983398 153.549652099609 149.210525512695 148.783447265625 144.530426025391 139.621948242188 131.12922668457 129.929092407227 129.981872558594 128.190582275391 128.287185668945 126.374099731445
336.734222412109 328.013549804688 359.090667724609 355.729705810546 378.319763183594 399.972686767578 390.731353759766 419.194488525391 445.543334960937 480.037658691406 318.483215332031 288.005981445312 206.000640869141 201.278823852539 199.194396972656 205.015548706055 207.774719238281 198.754806518555 195.6796875 194.524658203125 203.016952514648 195.632858276367 177.392272949219 175.672744750977 174.832366943359 169.118255615234 171.349029541016 168.822448730469 167.724807739258 168.851806640625 167.110610961914 165.203414916993 153.187026977539 149.093704223633 144.307830810547 143.397811889648 148.791198730469 149.862579345703 147.562835693359 148.250961303711 138.433380126953 134.443023681641 136.662780761719 134.547744750977 134.582504272461 132.890640258789 134.632400512695 141.45735168457
392.584838867188 374.135009765625 484.775726318359 473.268951416015 484.99951171875 419.910614013672 398.117492675781 376.313262939453 387.614807128906 433.364654541016 285.491668701172 271.813995361328 275.386627197266 289.966949462891 283.407531738281 270.077453613281 280.35791015625 227.922790527344 225.843048095703 226.270126342773 226.141784667969 224.600860595703 202.828048706055 196.445953369141 195.562728881836 187.99609375 188.655410766602 181.921539306641 178.978042602539 178.265167236328 179.05859375 177.289688110352 168.922821044922 172.998443603516 173.481430053711 181.08903503418 178.106460571289 160.471343994141 162.657669067383 156.441925048828 158.783172607422 148.997039794922 137.328964233398 137.09391784668 135.475799560547 135.039474487305 134.005004882812 142.74479675293
440.709808349609 416.108825683594 501.306579589844 486.673706054688 475.754669189453 409.652648925781 395.417846679688 350.140563964844 406.694580078125 416.220825195312 336.678985595703 297.977569580078 292.763824462891 276.615875244141 279.167694091797 269.230926513672 267.138580322266 226.480194091797 229.510757446289 229.4609375 228.306549072266 225.648910522461 202.390121459961 193.283065795898 193.420883178711 186.498916625977 187.001586914063 183.101058959961 180.054153442383 182.359161376953 187.981689453125 190.133758544922 181.321563720703 190.288711547851 195.452285766602 187.170471191406 180.434539794922 170.52278137207 164.22331237793 149.854675292969 151.019470214844 150.602737426758 137.963851928711 135.979446411133 132.7060546875 134.770217895508 135.154815673828 143.78662109375
413.950439453125 418.573791503906 563.150939941406 559.107116699221 449.777587890625 421.710510253906 396.933074951172 373.17529296875 439.643096923828 429.662750244141 393.363006591797 365.668914794922 387.615112304688 418.217315673829 386.468994140625 372.939056396484 359.628204345703 334.059967041016 326.454498291016 305.280975341797 241.84944152832 284.8740234375 266.642059326172 278.371734619141 273.895538330078 266.205963134766 259.575653076173 238.159255981445 220.044937133789 198.714050292969 196.949966430664 192.280838012695 193.315521240234 196.20639038086 185.146850585938 178.022094726563 179.794982910156 168.614303588867 166.589126586915 151.919982910156 151.902282714844 151.851547241211 136.764053344727 138.510437011719 135.933654785156 132.801483154297 131.262878417969 143.061065673828
508.725158691406 520.950744628906 840.560485839844 647.063415527345 565.41162109375 473.753753662109 469.355407714844 393.782775878906 404.585418701172 406.028442382812 411.390808105469 412.052612304688 432.352020263672 441.413696289063 417.687042236328 415.116088867188 394.641204833984 346.301483154297 314.871551513672 298.027557373047 296.133361816406 292.932098388672 266.850402832031 261.496337890625 268.483581542969 266.123199462891 266.248413085939 230.736434936523 227.989013671875 233.01579284668 241.292999267578 242.314910888672 228.662643432617 196.349411010742 197.319290161133 204.737930297852 213.83137512207 209.224716186523 171.107971191407 159.907028198242 149.237762451172 149.994094848633 142.798538208008 134.584167480469 132.65754699707 132.670547485352 132.038436889648 142.592300415039
