data/thuenen/dis.pleuronectes.platessa.27.max.asc
NCOLS 320
NROWS 120
XLLCORNER 2
YLLCORNER 53
CELLSIZE 0.025
NODATA_value -9999
[rows 63 to 83 of 120, columns 240 to 287 of 320]
46.7569847106928 54.0878181457519 53.6579322814941 32.9050369262695 13.8805160522461 7.78381109237676 7.06029796600318 3.64883160591125 12.2567567825317 15.5406169891357 8.40104484558121 6.11898899078369 6.06307125091553 9.563720703125 10.6572494506836 8.1237096786498 9.5270347595216 11.143030166626 10.1444711685181 11.952127456665 21.1564960479741 14.0109300613401 11.3296318054199 12.9301061630249 16.30055809021 11.2650232315065 9.29883193969726 11.9264783859253 27.0429935455322 28.3311862945557 -9999 -9999 -9999 -9999 -9999 -9999 -9999 -9999 -9999 -9999 -9999 -9999 -9999 -9999 -9999 -9999 -9999 -9999
46.8407974243159 53.9369087219233 45.82861328125 29.2975673675537 16.4862194061279 8.52972698211678 7.39289188385016 8.21169185638428 12.2757406234741 15.9256134033203 9.13253307342538 7.89290809631348 7.98298025131226 11.6867723464966 10.5478000640869 10.4420328140259 9.55396175384528 10.4651823043823 10.3894729614258 12.4622116088867 20.5501651763919 15.7651519775386 9.62560653686523 8.94281768798828 17.9984588623047 11.2650232315065 9.29883193969726 11.9264783859253 27.0429935455322 -9999 -9999 -9999 -9999 -9999 -9999 -9999 -9999 -9999 -9999 -9999 -9999 -9999 -9999 -9999 -9999 -9999 -9999 -9999
31.4479465484618 32.3444137573239 28.1283836364746 18.8753490447998 11.9411945343018 14.7630491256714 14.6629676818848 15.1214904785156 18.4001331329346 21.4175109863281 26.1981830596924 26.3403987884523 28.2990493774414 33.6535453796387 23.1842803955078 25.634717941284 28.1326465606691 30.6673812866211 29.9975280761719 30.3285446166992 13.4279155731204 9.44982719421392 10.1670169830322 11.6385564804077 14.9015941619873 46.3537368774417 41.8721618652344 -9999 -9999 -9999 -9999 -9999 -9999 -9999 -9999 -9999 -9999 -9999 -9999 -9999 -9999 -9999 -9999 -9999 -9999 -9999 -9999 -9999
21.2429256439211 18.5139102935788 14.7378377914429 12.4598941802979 11.949333190918 15.0834140777588 14.971884727478 14.7091760635376 13.3756513595581 12.1330451965332 18.6059436798095 20.0915241241457 22.1359748840332 37.7438888549805 18.8085250854492 24.9208374023435 28.6894893646243 32.8153839111328 31.1961803436279 30.6896743774414 13.2667865753175 11.8371152877807 10.6365613937378 11.9534368515015 -9999 -9999 -9999 -9999 -9999 -9999 -9999 -9999 -9999 -9999 -9999 -9999 -9999 -9999 -9999 -9999 -9999 -9999 -9999 -9999 -9999 -9999 -9999 -9999
20.1066856384281 14.6270542144774 12.1898946762085 12.1173686981201 11.292293548584 15.6033887863159 15.9918346405029 15.7681751251221 13.6857662200928 12.3943929672241 19.0784473419189 19.6655502319337 21.7017631530762 26.9454154968262 19.5468406677246 24.350387573242 26.4394836425786 32.4295692443848 33.4569816589355 34.5680770874023 14.3822746276856 13.8028440475463 11.9545764923096 11.3697538375854 -9999 -9999 -9999 -9999 38.9137878417969 -9999 -9999 -9999 -9999 -9999 -9999 -9999 -9999 -9999 -9999 -9999 -9999 -9999 -9999 -9999 -9999 -9999 -9999 -9999
14.9127597808841 10.3497867584228 9.42741012573242 8.2415943145752 8.93501663208008 13.7723331451416 14.3321313858033 15.2208108901978 11.9396829605103 11.5730752944946 16.6391315460204 18.1654815673828 18.5421085357666 24.1973876953125 18.8252754211426 27.9113941192626 29.7330322265627 32.5619010925293 36.5749549865723 38.2316474914551 16.0697097778321 15.1408243179319 12.1313486099243 12.3715686798096 12.0313053131104 -9999 -9999 -9999 38.9137878417969 39.1897392272949 -9999 -9999 -9999 -9999 -9999 -9999 -9999 -9999 -9999 -9999 -9999 -9999 -9999 -9999 -9999 -9999 -9999 -9999
11.2563447952271 10.0223493576049 8.85837745666504 8.02175903320312 6.26905822753906 14.3148488998412 15.7196865081786 13.8718042373657 11.2033615112305 11.2868814468384 16.0602760314941 17.0459365844727 17.6597595214844 22.1767139434814 16.0618438720703 20.804426193237 25.2813129425056 35.3302993774414 48.9339408874512 38.6408576965332 19.4245491027834 16.7269077301022 12.5256299972534 11.6513996124268 13.4207878112793 46.0485153198242 45.8240203857422 39.632926940918 40.8667221069336 38.7790184020996 -9999 -9999 -9999 -9999 -9999 -9999 -9999 -9999 -9999 -9999 -9999 -9999 -9999 -9999 -9999 -9999 -9999 -9999
9.93518829345706 9.46725940704344 9.303955078125 10.2563848495483 9.29067611694336 17.4478988647456 24.0315475463862 17.279296875 13.3346662521362 11.6877269744873 4.51915740966773 7.92719888687143 9.22788047790527 6.451828956604 4.09861707687378 10.8079948425294 9.6667966842651 9.11449813842773 8.68581962585449 11.4766530990601 17.061902999878 16.7357330322267 18.2989139556885 8.0454273223877 5.21885442733765 50.3535499572756 47.8351860046387 48.3757514953613 39.676929473877 38.3381843566895 32.1969184875489 31.8081722259521 31.5900382995605 -9999 -9999 -9999 -9999 -9999 -9999 -9999 -9999 -9999 -9999 -9999 -9999 -9999 -9999 -9999
9.10424804687497 9.50471687316893 9.26642608642578 9.14643955230713 9.76666259765625 15.4230690002442 15.2096748352052 17.2154407501221 14.3872585296631 12.504545211792 2.6554892063139 5.27411890029925 7.7879958152771 15.1093778610229 4.4075174331665 9.00203514099115 9.91304206848121 6.58563852310181 7.02135372161865 8.93358707427979 15.4368953704832 18.3682498931883 15.8522310256958 15.4696865081787 9.78714561462402 54.3730354309085 50.0617332458496 49.9659690856934 38.4304046630859 39.0161247253418 32.5218620300293 32.276927947998 32.0925827026367 -9999 -9999 -9999 -9999 -9999 -9999 -9999 -9999 -9999 -9999 -9999 -9999 -9999 -9999 -9999
10.7430467605591 10.955777168274 11.5406074523926 10.8243284225464 11.5277261734009 15.2345666885377 14.1547880172731 15.5644083023071 15.8239526748657 11.2971887588501 2.29890012741087 2.59446072578448 5.12644577026367 9.10581970214844 9.54057025909424 9.45678997039803 8.27279853820813 9.94438648223877 6.71631336212158 5.97293519973755 13.7674474716185 15.2781114578251 20.6082248687744 13.7292051315308 9.50607776641846 34.0586013793919 70.488525390625 47.4279556274414 37.8265991210938 38.9007415771484 33.1282577514649 32.746997833252 -9999 -9999 -9999 -9999 -9999 -9999 -9999 -9999 -9999 -9999 -9999 -9999 -9999 -9999 -9999 -9999
12.1570577621461 10.8809022903442 10.9341688156128 10.9066581726074 11.018030166626 14.0104713439942 13.1583156585694 14.0392446517944 14.04017162323 13.7688961029053 2.32620739936839 0.810292482376399 5.04168701171875 5.79882574081421 7.71144294738769 9.45748805999757 9.26974010467517 7.47588729858398 7.66168594360351 6.50201511383057 5.42443275451607 12.9623117446901 15.2756052017212 17.2755165100098 16.8706245422363 18.7258033752436 26.4728145599365 93.7057113647461 34.6154823303223 38.106086730957 29.7320423126219 32.6537246704102 32.7458610534668 -9999 -9999 -9999 -9999 -9999 -9999 -9999 -9999 -9999 -9999 -9999 -9999 -9999 -9999 -9999
13.4463758468628 12.904441833496 11.150689125061 11.2441291809082 10.4029998779297 14.0285358428955 14.7146797180176 14.4720106124878 14.3710927963257 13.5720090866089 4.9505009651185 3.61993193626406 3.91254544258118 4.30304908752441 6.64209365844727 9.23826694488522 9.64318370819075 7.28004360198975 6.37612342834473 6.14180564880371 7.94886636734003 8.75198745727566 12.6038913726807 15.1138620376587 16.5678062438965 19.9667491912847 13.1983137130737 33.8462867736816 36.0170097351074 51.4397392272949 22.1592483520502 30.3487854003906 32.7970504760742 -9999 -9999 -9999 -9999 -9999 -9999 -9999 -9999 -9999 -9999 -9999 -9999 -9999 -9999 -9999
49.2124938964861 24.3789596557606 8.05708789825439 8.63376998901367 8.9221134185791 6.33062887191765 7.43144845962519 6.67738151550293 6.38496732711792 6.94689512252808 8.56898307800283 9.96839714050254 4.45881032943726 3.11942291259766 1.57935357093811 6.54195213317883 4.85157394409212 9.3434944152832 4.43278169631958 3.81483101844788 7.1051149368285 8.68709182739268 10.0637273788452 9.42888355255127 13.6500368118286 17.7604598999012 34.4465293884277 20.3817749023438 25.2302951812744 13.1037702560425 8.90351295471202 7.4308967590332 4.30341005325317 5.61382818222046 12.3503656387329 -9999 -9999 -9999 -9999 -9999 -9999 -9999 -9999 -9999 -9999 -9999 -9999 -9999
43.2738418579127 8.00795841217046 8.66777610778809 8.6818265914917 8.73813056945801 6.45130014419562 5.5147972106933 4.65485239028931 6.04025506973267 5.42395639419556 7.043162345886 10.2842874526975 6.01641321182251 4.66463470458984 7.83240652084351 4.74602699279794 3.46802997589128 5.77323627471924 13.0785236358643 4.32164096832275 4.13698768615691 8.60686588287371 11.039514541626 15.8917999267578 14.1908311843872 12.997646331787 14.9978847503662 25.1217994689941 24.2871875762939 25.0917644500732 14.7985095977786 10.6882944107056 9.17611122131348 6.098060131073 4.88829946517944 -9999 -9999 -9999 -9999 -9999 -9999 -9999 -9999 -9999 -9999 -9999 -9999 -9999
43.0564117431668 4.90385055542001 6.07402467727661 8.04476833343506 7.90963315963745 6.03685522079485 3.59229540824888 3.26022624969482 4.33271741867065 6.14079189300537 8.40773677825919 9.58812236785917 13.6534442901611 9.73659610748291 10.9532899856567 2.96143221855144 5.73405838012687 4.57137489318848 8.31723022460938 14.2286739349365 7.63713407516429 14.6665887832638 10.2676334381104 7.16083574295044 14.3230400085449 17.961301803588 30.7462329864502 26.2833499908447 26.9617652893066 26.6458435058594 23.8860473632815 20.5447311401367 18.4324626922607 13.594913482666 10.4090013504028 -9999 -9999 -9999 -9999 -9999 -9999 -9999 -9999 -9999 -9999 -9999 -9999 -9999
34.5800285339377 4.09682178497318 4.57208013534546 9.1682767868042 8.38874816894531 5.01413679122945 2.20866417884827 2.24467945098877 5.11980772018433 7.25930881500244 8.59889602661142 7.23021364212057 10.1310005187988 28.4650421142578 15.3037261962891 6.83337926864654 2.61281323432967 8.90497207641602 5.09230613708496 17.3480796813965 14.5075426101687 10.5518188476563 11.1408891677856 10.1848735809326 16.9714984893799 25.1667137145992 30.7462329864502 33.1683654785156 36.7825241088867 34.0905494689941 36.8843650817875 31.5067310333252 27.8980731964111 27.1564197540283 -9999 -9999 -9999 -9999 -9999 -9999 -9999 -9999 -9999 -9999 -9999 -9999 -9999 -9999
2.82960581779465 4.88123750686656 6.41583204269409 7.42045927047729 8.02626132965088 6.32510471344016 3.18860006332409 4.83962059020996 5.81894826889038 7.08419704437256 9.63597202301025 9.63710117340107 12.2502880096436 18.7548122406006 21.6586265563965 7.91784381866472 5.45880889892593 7.53772640228272 16.0805435180664 14.8464813232422 16.6040973663333 12.4425830841062 9.59635162353516 11.4915990829468 11.6947469711304 16.5122432708733 27.1146221160889 33.339527130127 35.0109329223633 34.5915718078613 36.8783340454103 34.6736717224121 29.3827095031738 26.6241474151611 -9999 -9999 -9999 -9999 -9999 -9999 -9999 -9999 -9999 -9999 -9999 -9999 -9999 -9999
7.89694881439222 6.07257080078117 4.87406921386719 4.45892381668091 5.54874467849731 8.76895236969002 7.67219591140756 8.91860294342041 8.37423801422119 13.2237396240234 8.96913528442369 10.8673496246341 14.7534732818604 14.9490385055542 18.2160263061523 21.921094894409 24.2017536163331 25.9342956542969 28.5184173583984 35.0939826965332 67.4307708740252 42.4770622253418 42.0230140686035 64.9586715698242 78.2202301025391 24.7582378387423 64.7011795043945 95.5687026977539 96.2742156982422 85.0857391357422 71.9276580810555 60.8424644470215 51.004280090332 29.6164703369141 35.8165130615234 -9999 -9999 -9999 -9999 -9999 -9999 -9999 -9999 -9999 -9999 -9999 -9999 -9999
7.07550239563006 4.5375671386718 3.4540753364563 4.65257549285889 6.84778547286987 8.68255519866909 13.4425973892211 11.7360496520996 12.8078565597534 9.82183933258057 7.57485961914016 14.1470623016358 14.9658432006836 14.8784027099609 15.9699249267578 22.1796493530273 23.3904361724863 36.8993072509766 45.3524932861328 21.7066974639893 98.1680526733418 70.3034667968713 18.4617786407471 61.9430732727051 67.8819351196289 23.7807407379145 31.3939037322998 84.2349853515625 96.4387741088867 88.766716003418 74.9078903198253 59.8313865661621 55.1468620300293 35.9823837280273 30.6822776794434 -9999 -9999 -9999 -9999 -9999 -9999 -9999 -9999 -9999 -9999 -9999 -9999 -9999
5.98171424865733 4.54752779006967 5.81687879562378 4.80989551544189 7.90185117721558 6.65813398361206 6.59361648559719 27.4983768463135 11.5441226959229 9.06008815765381 8.88108539581249 15.8571395874025 18.5702800750732 16.6046333312988 16.7693157196045 23.1284084320069 21.9650821685802 36.8993072509766 42.8032875061035 37.1329917907715 61.9634857177743 49.1781272888161 17.748405456543 64.2048492431641 105.019218444824 33.6520614624031 23.06298828125 90.9834213256836 90.6067962646484 95.0996627807617 76.5757217407239 58.5198516845703 59.5338592529297 32.6781120300293 33.7319412231445 -9999 -9999 -9999 -9999 -9999 -9999 -9999 -9999 -9999 -9999 -9999 -9999 -9999
7.3375220298767 7.40395402908331 8.21333026885986 7.28349208831787 8.68653774261475 9.79917430877661 13.265053749085 20.6942958831787 12.7998971939087 30.4581851959229 13.758484840393 14.348420143128 21.5441398620605 17.6187992095947 19.1797523498535 20.3797550201411 27.3147640228281 41.1286697387695 35.5693511962891 37.1329917907715 61.9634857177742 51.0665206909167 33.5388526916504 37.907886505127 66.0951309204102 39.6051673889155 46.9510154724121 86.8846817016602 101.308654785156 88.4516296386719 68.2627258300785 63.4103889465332 59.8069610595703 33.0077171325684 33.5928115844727 -9999 -9999 -9999 -9999 -9999 -9999 -9999 -9999 -9999 -9999 -9999 -9999 -9999
