data/thuenen/dis.pleuronectes.platessa.27.max.asc
NCOLS 320
NROWS 120
XLLCORNER 2
YLLCORNER 53
CELLSIZE 0.025
NODATA_value -9999
[rows 42 to 62 of 120, columns 144 to 191 of 320]
301.590301513672 257.87451171875 250.067916870118 242.318725585938 235.835006713867 241.840423583984 257.485198974609 257.238800048828 252.357086181641 249.258880615234 247.622940063477 218.918594360352 226.096389770508 221.89094543457 216.647613525391 216.806411743164 234.32194519043 228.623245239258 219.933410644531 210.633987426758 190.925048828126 152.904891967773 146.566345214844 144.559677124023 134.103393554688 130.362243652345 107.751777648926 98.727424621582 98.9832992553711 100.656105041504 102.617668151853 170.313934326172 176.04313659668 194.039901733398 193.649215698242 194.168960571287 238.110168457031 238.158782958984 214.117553710938 205.463775634766 154.044799804688 140.186279296875 142.122222900391 139.45751953125 134.21257019043 125.587707519531 126.051467895508 115.376052856445
278.168151855469 244.159133911133 241.972518920899 236.706634521484 234.992950439453 241.216903686523 252.379623413086 252.528427124024 247.685668945312 243.827529907227 237.898910522461 200.252700805664 196.897430419922 204.262725830078 207.149780273438 208.100250244141 212.627838134766 205.676177978516 206.297561645508 202.081649780273 189.409225463869 139.993591308594 143.150955200195 123.34300994873 123.816520690918 121.219818115235 94.1137237548828 92.7991027832031 95.1072235107422 100.057334899902 105.706413269041 171.497009277344 182.066329956055 189.277648925781 194.36262512207 184.734771728514 225.322875976563 229.515502929688 203.288101196289 199.372772216797 193.1512298584 138.262390136719 143.508880615234 127.169845581055 126.597900390625 126.99910736084 111.621376037598 92.020004272461
267.666534423828 237.564346313477 241.330047607422 236.854049682617 237.009689331055 235.029663085938 244.910079956055 240.954437255859 241.42985534668 240.201782226563 225.014144897461 181.738327026367 188.188613891602 190.388229370117 191.100555419922 190.945281982422 199.783737182617 198.451461791992 199.003814697266 191.792541503906 185.65823364258 145.329681396484 134.985397338867 118.167442321777 117.226425170898 116.832572937012 97.2296524047852 98.27880859375 105.970809936523 114.351440429688 125.632026672362 175.450256347656 177.507904052734 180.867279052734 192.394882202148 184.216201782226 213.432479858398 199.162536621094 207.055435180664 198.439483642578 194.233612060549 141.256011962891 125.569808959961 125.57292175293 125.982841491699 131.88934326172 107.376663208008 131.911193847656
176.80485534668 150.662612915039 166.238082885742 168.995742797852 172.194290161133 174.067993164062 180.209991455078 178.677719116211 176.533172607422 176.40266418457 170.37809753418 166.326995849609 165.821243286133 166.429336547852 165.333145141602 168.143203735352 168.016677856445 170.344711303711 168.866226196289 156.896438598633 157.795852661133 140.85368347168 91.3875122070312 101.131736755371 107.03018951416 95.8367004394526 109.472053527832 113.552093505859 118.15160369873 125.533233642578 130.035232543945 143.826354980469 150.012512207031 145.985534667969 151.052261352539 153.360290527343 185.843856811523 187.332443237305 194.03987121582 181.111999511719 209.136566162112 146.997802734375 112.637840270996 114.246307373047 120.82398223877 142.041641235352 121.232063293457 198.48063659668
161.031829833984 125.831214904785 150.134948730469 157.647125244141 161.324493408203 169.267715454102 179.935028076172 178.084335327148 178.519012451172 174.044708251953 170.523132324219 162.538650512695 166.432815551758 166.42024230957 166.675216674805 166.083633422852 172.640380859375 175.710571289063 171.18522644043 161.149200439453 159.869583129883 147.221618652344 120.2001953125 108.614227294922 111.44278717041 96.0157546997064 113.670524597168 120.907424926758 124.498077392578 130.510147094727 135.088897705078 151.974807739258 147.144638061523 145.753967285156 141.358932495117 144.600921630858 180.869171142578 180.637115478516 189.518905639648 205.320266723633 188.237426757814 148.018798828125 109.850654602051 117.262626647949 132.669097900391 152.834884643556 129.403610229492 90.1176681518555
153.535537719727 131.448577880859 150.397033691406 158.70573425293 165.542282104492 171.020050048828 176.652359008789 175.592636108398 175.11344909668 174.516632080078 170.700744628906 162.207321166992 162.923599243164 162.790878295898 164.069427490234 161.795257568359 167.941314697266 173.094268798828 168.571838378906 166.170745849609 164.287384033203 161.489410400391 148.817108154297 122.10563659668 118.409378051758 104.763877868652 117.936508178711 121.591972351074 122.553062438965 126.466484069824 129.236648559569 154.107437133789 153.220825195313 138.73551940918 142.396911621094 150.2022857666 182.794784545898 185.749069213867 178.769271850586 242.025344848633 156.681564331055 145.171173095703 128.748718261719 134.598388671875 149.16813659668 147.493255615236 92.4321746826172 82.0454254150391
155.709167480469 138.724014282227 149.23486328125 152.617126464844 160.664978027344 164.630432128906 174.697799682617 173.145523071289 173.141662597656 172.268112182617 168.690155029297 163.550201416016 162.345703125 163.700088500977 164.83415222168 164.691177368164 175.889419555664 178.474533081055 170.258407592773 168.879501342773 167.312866210938 161.105361938477 152.283401489258 139.23908996582 125.389015197754 103.600219726562 122.716255187988 123.535484313965 124.701271057129 127.069610595703 128.968139648437 156.568817138672 149.164962768555 149.388412475586 138.43034362793 129.165832519529 193.243988037109 185.925628662109 179.034759521484 206.40104675293 178.605621337892 145.850448608398 150.046646118164 145.030151367188 174.360488891602 130.467834472658 88.2630081176758 82.7366943359375
145.980819702148 128.286178588867 140.34666442871 152.777526855469 158.617492675781 164.690963745117 174.831741333008 177.410659790039 176.828033447266 174.899597167969 169.991287231445 169.018127441406 167.985885620117 165.160247802734 164.028533935547 159.944946289062 173.800964355469 173.878387451172 167.262100219727 166.406188964844 167.290313720703 161.850875854492 159.27409362793 165.245788574219 110.86344909668 107.017913818359 126.857902526855 123.767990112305 123.636192321777 126.229377746582 126.448822021483 167.746109008789 165.211578369141 164.781356811523 156.832855224609 146.580780029295 208.353210449219 201.876647949219 212.544464111328 178.984191894531 181.542526245118 170.257675170898 164.277725219727 167.135665893555 149.571578979492 131.17581176758 84.7130126953125 82.6784286499024
132.259490966797 124.258888244629 123.41022491455 135.09001159668 148.393966674805 158.92529296875 178.409088134766 179.647048950195 181.745086669922 178.83837890625 173.632904052734 156.072067260742 155.814834594727 153.544891357422 153.529205322266 150.911148071289 150.424728393555 150.946273803711 149.414108276367 151.440368652344 154.031723022462 124.184524536133 117.81029510498 126.320617675781 110.338539123535 108.714790344238 110.616157531738 108.75252532959 108.616600036621 107.620025634766 107.596672058105 131.317520141602 136.768661499023 136.690963745117 142.783782958984 147.856307983388 432.443603515625 404.027984619141 397.100921630859 377.802703857422 330.465209960942 208.421752929687 199.84765625 216.159362792969 156.247039794922 140.863189697268 78.0806427001953 71.8486862182617
135.014083862305 124.983955383301 125.130569458008 125.465042114258 130.446212768555 155.970779418945 170.942962646484 172.137100219726 175.06396484375 173.807647705078 168.142517089844 157.370147705078 157.38134765625 158.263031005859 158.986785888672 159.519454956055 158.515167236328 160.772033691406 151.602905273438 153.846206665039 153.469161987306 126.222549438477 113.450149536133 121.382316589355 115.152069091797 105.745697021484 110.95613861084 108.401573181152 106.994934082031 109.816848754883 109.544342041015 131.979919433594 134.260589599609 139.923812866211 142.195114135742 144.605712890616 396.362884521484 406.308837890625 392.249725341797 365.615234375 357.431671142583 228.977264404297 199.223434448242 158.312347412109 147.361892700195 134.328628540041 72.2864608764648 67.7018814086914
148.415390014648 137.686431884766 103.209327697754 107.53197479248 113.031875610352 132.177230834961 168.846801757812 173.042694091797 175.793182373047 174.628753662109 172.515106201172 162.442031860352 165.425582885742 164.398025512695 163.611709594727 162.269897460938 155.443374633789 155.70703125 155.646575927734 153.578750610352 153.010620117188 129.824981689453 110.163154602051 117.800895690918 113.683570861816 104.762710571289 110.545051574707 110.289443969727 108.384674072266 113.032562255859 113.918670654296 134.150894165039 134.801223754883 138.71435546875 139.226745605469 141.422210693351 380.47265625 387.379730224609 381.727691650391 357.775573730469 343.454040527349 201.046173095703 193.076843261719 140.284027099609 132.499923706055 132.753952026369 71.3191452026367 63.6661109924316
138.681945800781 128.106826782227 124.415451049805 107.670402526855 111.264991760254 119.519958496094 166.976669311523 175.661346435547 184.521667480469 178.924453735352 176.377258300781 163.588333129883 164.15966796875 162.697479248047 162.05583190918 160.38948059082 156.091827392578 156.704071044922 157.355804443359 153.085021972656 155.485702514649 131.518936157227 105.050247192383 107.329620361328 113.090774536133 103.679779052734 112.635536193848 112.504257202148 114.163414001465 112.620269775391 114.066665649413 134.76953125 137.395553588867 139.807968139648 138.362197875977 139.523071289055 359.133270263672 363.846832275391 356.431762695312 345.161315917969 303.094848632817 185.445281982422 178.855972290039 147.952056884766 116.957611083984 123.142921447756 69.852897644043 62.9024543762207
124.545448303223 124.539649963379 125.631408691406 124.118728637695 114.667503356934 118.033699035645 143.073867797852 152.489669799804 169.211380004883 173.752990722656 173.161148071289 164.456344604492 162.774200439453 163.638626098633 163.311706542969 159.842132568359 154.909408569336 155.100387573242 155.496200561523 151.513626098633 154.709671020509 130.051010131836 110.645370483398 100.71118927002 111.432083129883 104.732521057129 114.837287902832 113.503898620605 115.532592773438 115.486000061035 114.643928527831 134.133239746094 135.829193115234 136.664184570312 138.448745727539 136.331741333 350.312896728516 346.961273193359 334.445220947266 333.459350585937 302.363708496098 187.164688110352 198.789520263672 134.721710205078 134.118545532227 123.723869323732 70.7774658203125 66.0927352905273
135.85124206543 144.93684387207 149.140380859375 146.675323486328 135.162200927734 138.195892333984 141.438278198242 154.622909545898 168.731216430664 173.706237792969 173.503280639648 166.179885864258 166.227188110352 167.715805053711 164.515655517578 165.444244384766 166.688522338867 168.645446777344 169.54753112793 166.621215820312 166.962768554687 179.901153564453 181.233215332031 161.015609741211 167.773025512695 148.913818359376 120.46883392334 114.781196594238 112.339561462402 109.878845214844 112.065757751465 101.703285217285 102.811996459961 103.822204589844 102.957557678223 103.426139831541 156.121353149414 151.583129882812 143.176193237305 145.144638061523 128.183105468748 182.448333740234 152.266525268555 141.538436889648 135.447509765625 124.488655090333 95.6859741210938 77.6729278564453
136.277496337891 147.90869140625 150.579238891602 151.959381103516 150.923965454102 149.221817016602 140.92790222168 153.732803344726 168.635681152344 170.904083251953 168.417251586914 167.429214477539 165.59716796875 164.996292114258 165.471801757812 166.725936889648 167.44287109375 169.471435546875 172.292739868164 171.365463256836 170.158050537109 183.254409790039 183.754119873047 173.006225585938 162.570907592773 162.720825195314 126.798538208008 117.992721557617 110.784423828125 110.09593963623 111.778953552247 99.4033584594727 100.196166992188 102.047515869141 103.054824829102 103.898391723631 152.080093383789 144.052627563477 137.395385742188 133.828521728516 125.79733276367 178.976760864258 152.153991699219 139.556594848633 137.383422851562 138.09735107422 103.032211303711 79.057861328125
141.163345336914 155.50471496582 153.188674926758 157.707336425781 158.50390625 157.040435791016 152.722198486328 151.40249633789 171.26692199707 172.334579467773 169.981979370117 167.997848510742 168.022888183594 169.457290649414 169.485046386719 168.556335449219 172.478927612305 172.055389404297 170.98600769043 172.614868164062 169.952774047851 183.994033813477 184.955001831055 184.935729980469 164.136734008789 165.136184692384 134.122344970703 121.204490661621 111.875205993652 107.267143249512 110.83292388916 102.044212341309 100.530487060547 101.625640869141 103.049850463867 103.016876220701 153.217620849609 139.185424804688 140.191833496094 131.668487548828 134.972839355467 187.494506835938 145.248413085938 144.90852355957 140.699081420898 142.050003051759 120.62769317627 100.671936035156
140.404525756836 153.809844970703 155.600311279297 161.054702758789 161.310256958008 160.373306274414 156.99267578125 154.066177368163 179.629974365234 176.526596069336 175.821685791016 171.252456665039 170.846069335937 173.017578125 173.864471435547 174.048706054688 174.660797119141 175.332763671875 173.388275146484 167.791061401367 167.430404663085 181.575424194336 183.943389892578 185.759063720703 166.692443847656 161.388366699219 141.471054077148 132.214645385742 122.300750732422 113.316162109375 112.215690612793 103.820732116699 101.616493225098 99.832633972168 101.401062011719 102.247299194334 148.960968017578 139.836120605469 133.976181030273 126.186988830566 125.874725341796 152.436706542969 146.643020629883 142.684722900391 141.22998046875 145.021408081055 126.20191192627 119.467597961426
138.72444152832 149.275787353516 151.188552856445 152.659225463867 157.483535766602 161.911590576172 162.166809082031 167.078643798828 180.759048461914 174.669052124023 177.289962768555 171.738250732422 170.734878540039 169.698974609375 170.803985595703 169.086166381836 171.963684082031 170.787704467773 169.545989990234 169.144989013672 168.310104370117 180.394088745117 180.572891235352 166.717376708984 164.857681274414 164.506378173829 139.269973754883 132.268020629883 128.065841674805 121.71940612793 118.354377746582 110.194557189941 106.065765380859 103.951843261719 101.101379394531 101.333976745604 143.425445556641 138.568756103516 132.634353637695 126.780982971191 126.359626770019 142.786911010742 140.465393066406 143.10725402832 141.671188354492 144.79689025879 122.592208862305 121.839378356934
174.190383911133 190.98291015625 191.058990478516 191.748138427734 195.110229492188 193.703094482422 221.614151000977 236.390197753905 269.198455810547 252.394088745117 246.082824707031 209.385482788086 209.19580078125 205.825119018555 205.535736083984 203.279357910156 177.636383056641 177.810317993164 173.915130615234 171.921508789063 160.39013671875 161.772918701172 156.390121459961 154.269165039062 153.717056274414 148.92658996582 154.185745239258 152.114471435547 150.290481567383 148.231170654297 142.181869506836 135.678665161133 131.733489990234 132.956802368164 126.35041809082 122.441131591797 124.122673034668 126.168510437012 121.762512207031 119.334129333496 143.135299682619 87.2220687866211 85.4335250854492 88.5737915039063 93.5568695068359 103.141632080078 108.583488464355 106.00594329834
148.993057250977 164.494247436523 165.760238647461 167.153396606445 168.734008789062 168.329879760742 186.570953369141 192.212677001953 194.001876831055 209.404861450195 211.429809570313 178.390625 175.735977172852 175.296340942383 174.603637695312 172.237670898438 151.247360229492 151.104568481445 149.956848144531 148.542297363281 146.980865478515 157.436492919922 153.904739379883 152.435272216797 148.85400390625 147.283294677734 156.187881469727 156.67008972168 154.656021118164 153.565124511719 148.78141784668 137.796493530273 133.400741577148 133.342666625977 130.914703369141 128.526321411133 125.039161682129 119.588745117188 115.930328369141 119.436866760254 104.873306274415 84.5971374511719 82.4753189086914 81.6905822753906 94.6745986938477 101.278656005859 106.165870666504 103.654754638672
117.994773864746 133.059188842773 136.166717529297 137.693069458008 138.286575317383 139.048736572266 160.411987304688 160.175201416015 164.338562011719 174.909103393555 174.756774902344 160.103805541992 159.955764770508 159.203323364258 159.12727355957 157.13493347168 139.969970703125 139.271041870117 139.337127685547 139.866577148438 138.159835815429 148.068634033203 150.207244873047 141.950714111328 135.960021972656 138.182739257812 152.768203735352 152.539947509766 151.740524291992 145.904647827148 147.898956298828 138.878799438477 136.784912109375 135.532272338867 133.332992553711 132.008453369141 131.308609008789 122.478355407715 120.571403503418 112.976303100586 103.329536437989 89.4689102172852 88.6265716552734 92.3868103027344 96.4339981079102 106.034538269043 107.67504119873 107.325942993164
