data/thuenen/dis.solea.min.23.asc
NCOLS 320
NROWS 120
XLLCORNER 2
YLLCORNER 53
CELLSIZE 0.025
NODATA_value -9999
[rows 21 to 41 of 120, columns 240 to 287 of 320]
3.3182930946351 2.05068325996392 1.10206723213196 1.03909146785736 1.19569718837738 0.148065268993363 0.360619813203813 0.379473358392715 0.39128702878952 0.639513850212097 1.29052937030793 1.12083804607391 1.11383903026581 1.10790753364563 -9999 3.78435516357422 3.78636598587038 4.07966136932373 3.97913074493408 4.28249073028564 4.06766414642331 4.50995063781736 4.16663885116577 -9999 -9999 -9999 -9999 -9999 -9999 -9999 -9999 -9999 -9999 -9999 -9999 -9999 -9999 -9999 -9999 -9999 -9999 -9999 -9999 -9999 -9999 -9999 -9999 -9999
3.03586745262155 1.81754970550535 1.45308458805084 1.26358616352081 1.59277594089508 0.500424444675462 0.26728135347367 0.359130024909973 0.386423051357269 0.38665771484375 0.643548250198323 1.22221338748931 1.06445217132568 1.08094453811646 -9999 -9999 3.7823443412781 4.07966136932373 3.97913074493408 4.28249073028564 4.06766414642331 4.50995063781736 4.16663885116577 3.97436738014221 -9999 -9999 -9999 -9999 -9999 -9999 -9999 -9999 -9999 -9999 -9999 -9999 -9999 -9999 -9999 -9999 -9999 -9999 -9999 -9999 -9999 -9999 -9999 -9999
2.83869504928596 1.88018321990969 2.25005602836609 1.41885101795197 1.78069388866425 0.717116057872782 0.583092212676997 0.51632559299469 0.329553157091141 0.381836026906967 0.202362567186326 0.623766601085685 0.929231345653534 0.917894542217255 1.00938498973846 -9999 3.7823443412781 4.07966136932373 3.97913074493408 4.14753484725952 4.03217744827267 4.5092530250549 4.13678026199341 4.08829259872437 4.33258438110352 -9999 -9999 -9999 -9999 -9999 -9999 -9999 -9999 -9999 -9999 -9999 -9999 -9999 -9999 -9999 -9999 -9999 -9999 -9999 -9999 -9999 -9999 -9999
3.55620884895335 2.03792357444762 1.84052276611328 1.84793853759766 2.04892468452454 1.01362884044648 0.888651847839349 0.792032599449158 0.70284640789032 0.364605873823166 0.0443977601826222 3.81085078112446e-14 0.536329567432404 0.791878879070282 1.11431837081909 3.93334579467773 -9999 -9999 3.7152841091156 4.0438117980957 4.11122035980222 4.4326868057251 4.39770793914795 4.31608152389526 4.28992223739624 4.35521841049194 -9999 -9999 -9999 -9999 -9999 -9999 -9999 -9999 -9999 -9999 -9999 -9999 -9999 -9999 -9999 -9999 -9999 -9999 -9999 -9999 -9999 -9999
5.03760099411024 3.15563321113581 2.45344042778015 2.6073534488678 2.95864367485046 2.52280235290528 2.36381340026854 2.14318990707397 2.18418979644775 2.07007837295532 0.0611400008201624 0.0267143342644115 0.222195670008659 0.487580060958862 0.722862839698792 4.0529618263245 3.54347705841063 3.32915210723877 3.09025430679321 3.22103190422058 4.44674825668335 4.47809505462648 4.63571691513062 4.79091262817383 4.37960720062256 3.6094782352448 -9999 -9999 -9999 -9999 -9999 -9999 -9999 -9999 -9999 -9999 -9999 -9999 -9999 -9999 -9999 -9999 -9999 -9999 -9999 -9999 -9999 -9999
6.43340063095106 4.62621498107891 1.94900965690613 2.35868740081787 3.04165530204773 2.78950619697573 2.40936517715453 2.24588799476624 2.06292939186096 2.00973868370056 0.10694091022015 0.0541298873722529 0.0202543325722218 0.384907752275467 0.67539781332016 4.09733295440673 4.14699697494501 3.32915210723877 3.09025430679321 3.15915417671204 3.98975920677184 4.16925001144415 4.93938398361206 5.01669836044312 4.34986877441406 3.30343651771549 2.86861348152161 -9999 -9999 -9999 -9999 -9999 -9999 -9999 -9999 -9999 -9999 -9999 -9999 -9999 -9999 -9999 -9999 -9999 -9999 -9999 -9999 -9999
6.18771123886118 4.77347421646104 2.78084111213684 2.1881844997406 2.99482250213623 2.92285299301149 2.6790359020233 2.50063920021057 2.1167368888855 2.02343034744263 0.359920769929906 0.0754594728350593 0.0105343330651522 0.166121855378151 0.623571753501892 4.51884794235233 3.99107980728145 3.31679821014404 3.18749833106995 3.15085172653198 3.88378906249996 4.38831090927129 5.13652801513672 5.05117464065552 4.19551467895508 3.30033373832702 -9999 -9999 -9999 -9999 -9999 -9999 -9999 -9999 -9999 -9999 -9999 -9999 -9999 -9999 -9999 -9999 -9999 -9999 -9999 -9999 -9999 -9999
6.12794017791753 5.39850664138783 3.91421675682068 2.48236560821533 3.23737049102783 3.57893037796023 3.23087811470027 2.63006067276001 2.31030082702637 2.12960743904114 0.467495769262315 0.443906158208816 0.00454466650262475 0.0575348623096943 0.671538174152374 4.56746721267704 4.03096437454225 4.20434999465942 3.21131944656372 3.46806168556213 4.15878105163571 4.54512977600102 5.13652801513672 5.05117464065552 4.29171085357666 3.38298559188843 -9999 -9999 -9999 -9999 -9999 -9999 -9999 -9999 -9999 -9999 -9999 -9999 -9999 -9999 -9999 -9999 -9999 -9999 -9999 -9999 -9999 -9999
5.84218692779544 5.4385118484496 3.88891267776489 3.50729560852051 4.306969165802 3.30439805984497 3.33855533599854 3.39489364624023 2.85264825820923 2.25426054000854 0.506504595279717 0.176390364766112 0.0478672422468662 0.0577525869011879 0.399460643529892 4.34116029739378 4.64827203750607 4.18856620788574 3.85514426231384 3.61553263664246 4.20558691024779 4.43435907363893 4.66047859191895 4.921226978302 4.26491689682007 3.19364976882934 -9999 -9999 -9999 -9999 -9999 -9999 -9999 -9999 -9999 -9999 -9999 -9999 -9999 -9999 -9999 -9999 -9999 -9999 -9999 -9999 -9999 -9999
5.18345355987544 5.83567428588859 4.73201751708984 6.44148683547974 6.07845640182495 3.33301544189452 3.49108099937435 2.87943935394287 2.51724243164062 2.27502799034119 0.201508715748793 0.109683163464065 0.05223124101758 0.138570204377174 0.344555139541626 1.87813496589661 1.76286888122562 2.26989269256592 1.6532107591629 1.13809609413147 5.035325050354 5.02981805801391 4.8847074508667 5.23749589920044 4.9183406829834 5.23993682861332 4.65627861022949 -9999 -9999 -9999 -9999 -9999 -9999 -9999 -9999 -9999 -9999 -9999 -9999 -9999 -9999 -9999 -9999 -9999 -9999 -9999 -9999 -9999
4.79732179641717 5.68878936767571 4.62182760238647 6.38421392440796 6.18985462188721 3.39535069465613 6.77528667449921 2.58915042877197 1.96625328063965 1.55280816555023 0.593806445598637 0.100804626941674 0.00132000003941357 0.0505752079188824 0.597361981868744 1.78526377677918 1.78380382061004 1.6445552110672 1.44001877307892 1.43154263496399 5.02294921875 4.97712516784669 5.1639256477356 5.13846111297608 4.88391733169556 4.9814057350159 4.49849367141724 -9999 -9999 -9999 -9999 -9999 -9999 -9999 -9999 -9999 -9999 -9999 -9999 -9999 -9999 -9999 -9999 -9999 -9999 -9999 -9999 -9999
4.84893655776973 5.42467451095575 4.63164663314819 6.81237649917603 6.26662492752075 3.15371751785253 6.6678214073178 2.25587439537048 2.27928781509399 1.51568472385406 0.866143286228204 0.528017520904508 0.059469286352396 0.256367832422256 0.480526864528656 2.11976408958435 2.17707943916317 1.65326118469238 1.42725038528442 -9999 -9999 -9999 -9999 5.13445663452148 5.01133489608765 4.86454868316653 4.46247339248657 -9999 -9999 -9999 -9999 -9999 -9999 -9999 -9999 -9999 -9999 -9999 -9999 -9999 -9999 -9999 -9999 -9999 -9999 -9999 -9999 -9999
4.49575138092036 5.15437221527096 4.67386531829834 7.13559532165527 5.84484148025513 2.98057150840732 6.88569307327268 6.51996231079102 5.58098411560059 1.97032701969147 1.57482111454014 0.966917097568496 0.735665202140808 0.359970211982727 0.467844784259796 2.18626999855043 1.95580053329464 1.44043409824371 1.42868542671204 -9999 -9999 -9999 -9999 5.13445663452148 4.9799861907959 4.91406202316286 4.60429000854492 -9999 -9999 -9999 -9999 -9999 -9999 -9999 -9999 -9999 -9999 -9999 -9999 -9999 -9999 -9999 -9999 -9999 -9999 -9999 -9999 -9999
4.34406185150141 5.14784431457515 4.54217910766602 5.70697546005249 5.77582454681397 2.39874935150145 2.59550452232359 2.35615730285645 2.26772260665894 2.02432322502136 0.968028724193558 1.17571079730984 0.642410814762116 0.123181536793709 0.32659175992012 2.49416422843937 2.00447416305538 1.42628288269043 1.4158353805542 -9999 -9999 -9999 5.25493860244751 5.10869741439819 4.81503248214722 4.72743415832522 4.42050647735596 -9999 -9999 -9999 -9999 -9999 -9999 -9999 -9999 -9999 -9999 -9999 -9999 -9999 -9999 -9999 -9999 -9999 -9999 -9999 -9999 -9999
4.25018024444583 3.76149702072137 2.82079291343689 3.1974024772644 3.01729846000671 2.51946544647218 2.39462375640869 2.35708451271057 2.42741847038269 2.30646347999573 0.390132516622551 0.285554021596891 0.0415830016136169 0.123440779745579 0.268002092838287 0.65608543157576 0.866357326507569 0.878064513206482 0.823813915252686 -9999 -9999 -9999 4.79842185974121 4.47238206863403 4.55279302597046 3.87576532363891 3.97408747673035 -9999 -9999 -9999 -9999 -9999 -9999 -9999 -9999 -9999 -9999 -9999 -9999 -9999 -9999 -9999 -9999 -9999 -9999 -9999 -9999 -9999
4.65841913223275 3.47012639045714 3.25685667991638 2.89631128311157 2.78273439407349 2.21181082725526 2.0773983001709 2.10460948944092 2.21441340446472 2.02359342575073 0.169519096612924 0.251716613769515 0.0184923335909843 0.0801652371883392 0.81588488817215 0.680585443973548 0.589543759822846 0.59150505065918 0.947396159172058 0.537777543067932 4.98607110977173 4.92514944076536 4.56948089599609 4.52824640274048 3.85280060768127 3.8553307056427 -9999 -9999 -9999 -9999 -9999 -9999 -9999 -9999 -9999 -9999 -9999 -9999 -9999 -9999 -9999 -9999 -9999 -9999 -9999 -9999 -9999 -9999
3.607470035553 3.31921887397766 3.28741121292114 2.75395822525024 2.7161111831665 2.02551293373108 1.98940277099608 1.79726588726044 1.93364274501801 1.85540199279785 0.251613527536407 0.0434619933366793 0.0674064457416534 0.482457101345062 0.468891322612762 0.634945988655097 0.546625614166257 0.499585300683975 0.508100211620331 0.537777543067932 4.98607110977173 4.92514944076536 4.56948089599609 4.49911022186279 3.93803310394287 3.91430950164795 -9999 -9999 -9999 -9999 -9999 -9999 -9999 -9999 -9999 -9999 -9999 -9999 -9999 -9999 -9999 -9999 -9999 -9999 -9999 -9999 -9999 -9999
3.50297617912298 2.70254087448121 2.89548063278198 2.59819984436035 2.70889401435852 2.03949785232546 1.80938076972961 1.75848817825317 2.12411618232727 1.9147629737854 0.0942061245441462 0.0589298456907355 0.17534601688385 0.176370546221733 0.427426338195801 0.634945988655097 0.546625614166261 0.559119284152985 0.496715605258942 0.460694223642349 4.97444152832032 4.84645700454711 4.72653961181641 4.28047323226929 3.77862524986267 -9999 -9999 -9999 -9999 -9999 -9999 -9999 -9999 -9999 -9999 -9999 -9999 -9999 -9999 -9999 -9999 -9999 -9999 -9999 -9999 -9999 -9999 -9999
3.02042484283447 2.9974784851074 2.62300586700439 2.57925510406494 2.75427293777466 2.00437545776368 1.8394309282303 1.99411189556122 2.36522126197815 1.79872179031372 0.0965789481997515 0.0608935765922084 0.0817926377058029 0.174977749586105 0.050699807703495 -9999 0.60063907504082 0.64215886592865 0.446628630161285 0.463354200124741 4.86838150024415 4.67931509017943 4.54037046432495 3.79691648483276 3.7794988155365 3.95261812210083 -9999 -9999 -9999 -9999 -9999 -9999 -9999 -9999 -9999 -9999 -9999 -9999 -9999 -9999 -9999 -9999 -9999 -9999 -9999 -9999 -9999 -9999
2.24268436431885 2.21826219558715 2.15932559967041 2.06857466697693 1.9950110912323 1.48347198963167 1.29460883140563 1.15399181842804 1.01051104068756 1.02412438392639 0.206323161721224 0.290731161832793 0.060439758002758 0.0484145544469357 0.0461370088160038 1.26699495315552 1.26793491840362 1.17625033855438 1.15562117099762 1.19525897502899 5.82338285446169 5.50863409042356 5.14876699447632 4.81630325317383 4.75509214401245 4.09135150909424 -9999 -9999 -9999 -9999 -9999 -9999 -9999 -9999 -9999 -9999 -9999 -9999 -9999 -9999 -9999 -9999 -9999 -9999 -9999 -9999 -9999 -9999
2.40964889526368 2.23676586151122 2.09904980659485 2.87961339950562 3.52719688415527 1.12957596778869 1.15182399749756 1.12873589992523 1.44080257415771 0.926605641841889 0.538398563861862 0.320479184389096 0.0643349289894104 0.0833651144057512 0.0461370088160038 1.31648445129395 1.27461886405944 1.1554399728775 1.1898627281189 1.24927091598511 5.56839227676392 5.53940105438229 4.98246288299561 4.67117881774902 4.72180938720703 4.09063673019409 -9999 -9999 -9999 -9999 -9999 -9999 -9999 -9999 -9999 -9999 -9999 -9999 -9999 -9999 -9999 -9999 -9999 -9999 -9999 -9999 -9999 -9999
