data/thuenen/dis.pleuronectes.platessa.27.max.asc
NCOLS 320
NROWS 120
XLLCORNER 2
YLLCORNER 53
CELLSIZE 0.025
NODATA_value -9999
[rows 63 to 83 of 120, columns 144 to 191 of 320]
110.191955566406 127.493408203125 127.844314575195 128.266891479492 128.181427001953 129.761871337891 150.44970703125 150.308349609375 152.284027099609 150.376052856445 152.712387084961 147.285064697266 151.74201965332 152.532760620117 152.808532714844 152.287551879883 135.082458496094 134.52946472168 132.853454589844 130.929580688477 130.608764648437 137.787658691406 133.241806030273 129.642501831055 134.220840454102 124.282485961913 156.715209960938 153.980010986328 153.458099365234 148.597854614258 146.189849853516 136.98225402832 137.281280517578 138.303375244141 136.934555053711 135.59635925293 127.312553405762 121.595672607422 112.684593200684 104.765441894531 107.038703918458 89.2876892089844 90.8797073364258 94.2170639038086 97.6057815551758 104.574401855469 102.044212341309 109.041648864746
111.474685668945 125.237419128418 126.611068725586 126.178581237793 126.630844116211 126.689666748047 146.683929443359 147.525680541992 149.928802490234 148.504043579102 147.517364501953 136.412704467773 139.565963745117 151.148620605469 148.273681640625 148.199783325195 133.093658447266 131.66145324707 130.149627685547 129.393905639648 127.722206115722 132.950653076172 130.986251831055 133.84342956543 134.341110229492 133.66453552246 149.532028198242 153.633758544922 153.268127441406 153.106063842773 149.538436889649 140.469787597656 137.887481689453 134.470932006836 134.987686157227 133.557647705078 135.189117431641 121.104995727539 110.664855957031 110.118072509766 104.22918701172 83.3212890625 86.2257080078125 90.9401397705078 93.9403381347656 93.2654495239256 98.8739700317383 93.2093963623047
119.813453674316 119.58179473877 119.612518310547 122.557899475098 123.199951171875 121.948425292969 136.144470214844 138.853576660156 139.21208190918 136.544067382812 135.990036010742 128.598114013672 128.331985473633 130.214508056641 132.653778076172 140.212341308594 140.88981628418 139.780807495117 138.119247436523 135.590957641602 134.041824340821 119.655624389648 116.578735351563 118.7998046875 121.629432678223 123.035301208495 144.591537475586 149.737274169922 148.57209777832 142.401092529297 139.458358764649 114.143341064453 113.888969421387 111.868003845215 112.28670501709 120.977752685547 115.050224304199 115.559776306152 130.761245727539 137.401000976562 104.519844055177 83.0386123657227 94.8757781982422 101.236373901367 102.727447509766 99.1675262451173 94.8355865478516 91.1962661743164
123.015853881836 127.700714111328 123.184494018555 121.55916595459 123.005905151367 122.038993835449 138.526550292969 138.234420776367 138.501876831055 137.92707824707 137.865615844727 132.056869506836 133.248718261719 132.894958496094 135.989059448242 136.473770141602 137.436218261719 144.5205078125 141.286575317383 139.632507324219 140.205001831055 122.160743713379 120.85595703125 121.744293212891 117.817611694336 117.403022766112 140.589767456055 147.941589355469 148.472030639648 143.721633911133 144.676559448243 113.558166503906 114.275924682617 114.648368835449 111.572143554688 107.751525878907 100.871803283691 107.793830871582 111.766357421875 119.950729370117 103.586013793946 97.8183670043945 97.7945709228516 102.502105712891 106.991455078125 99.6662139892581 92.5630416870117 92.2405090332031
118.983703613281 121.927322387695 117.929740905762 113.898300170898 113.313430786133 116.407386779785 137.149841308594 136.811340332031 137.507110595703 136.634735107422 139.060470581055 131.095458984375 132.686416625977 132.277084350586 134.473937988281 137.873764038086 138.722900390625 139.961807250977 139.291748046875 140.264678955078 133.632522583008 116.659614562988 110.845222473145 109.831359863281 107.915481567383 108.940864562987 136.463241577148 142.402099609375 151.814926147461 145.767242431641 139.803176879884 99.6849594116211 96.9280776977539 95.7431259155274 94.7966384887695 86.5808792114257 88.1321334838867 95.0198364257813 73.9036712646484 99.1076507568359 104.829032897949 108.780708312988 113.593963623047 107.188026428223 101.396011352539 99.4826126098636 91.9829711914063 91.7842025756836
116.27857208252 109.37117767334 106.834159851074 101.884071350098 94.1706008911133 99.6572570800781 135.740982055664 137.176040649414 137.548751831055 138.248901367188 143.918762207031 137.292770385742 136.608795166016 137.477203369141 138.120330810547 133.820098876953 134.547836303711 130.413360595703 128.760025024414 125.127510070801 124.592018127442 111.852088928223 108.746192932129 108.353912353516 106.681129455566 108.554046630859 119.442581176758 110.713989257812 113.531684875488 114.274078369141 114.552909851075 91.703727722168 91.9565734863281 93.5666580200195 92.3438262939453 93.2180633544926 83.0311508178711 75.7202758789062 77.2470092773438 80.3125305175781 89.1868972778312 110.839950561523 127.150291442871 122.652336120605 108.831726074219 103.346923828125 92.930908203125 95.6247482299805
116.070213317871 109.07740020752 101.668731689453 100.604209899902 96.8155364990234 100.652770996094 145.154846191406 143.826400756836 143.914947509766 141.885345458984 137.768295288086 133.642364501953 134.009643554688 130.600830078125 129.467071533203 128.703079223633 128.750595092773 126.575103759766 129.802139282227 125.169975280762 128.525665283204 105.772933959961 96.467155456543 95.1898574829102 93.6700897216797 92.9330139160153 101.206573486328 101.639945983887 107.043449401855 105.429222106934 104.784843444825 90.6314468383789 90.4765777587891 91.9224472045899 88.6616439819336 88.4418411254885 83.0206527709961 74.0767440795898 76.8349456787109 79.164794921875 88.8950729370113 101.542327880859 115.707023620605 118.70930480957 109.796188354492 105.242141723633 90.3445434570312 90.5295562744141
82.8883819580078 82.302604675293 77.7138824462892 72.7383193969727 70.7136611938477 68.9729537963867 61.8388366699219 60.7539291381836 60.7550582885742 60.0081634521484 58.932071685791 84.0016326904297 83.4386367797851 83.8842849731445 84.5711212158203 86.9773101806641 161.297729492188 170.938140869141 184.616729736328 164.974960327148 159.468002319339 84.4365921020508 81.0324478149414 78.4993133544922 78.9086151123047 80.0138854980469 79.1197509765625 93.2928161621094 78.0785217285156 77.8231582641602 75.5739517211915 71.8823013305664 72.2296142578125 71.7554244995117 72.1776123046875 69.7266769409179 71.9583053588867 73.2701644897461 74.6639022827148 77.7561645507812 81.4291229248046 84.6392364501953 88.9032974243164 89.2033920288086 93.9864501953125 91.5949020385745 84.7012252807617 82.1950836181641
66.2920150756836 65.3818969726562 64.0406799316409 56.5163116455078 55.5961456298828 56.9752502441406 57.849983215332 58.2281913757324 59.5415420532227 69.9071426391602 60.1822967529297 81.2340087890625 80.2747497558593 82.6019439697266 81.1054306030273 77.2723617553711 122.334098815918 125.408973693848 126.653297424316 119.739692687988 116.362442016603 73.1812515258789 70.9295043945312 71.0082092285156 71.8693084716797 72.8334503173828 72.2038955688477 73.5434265136719 73.0934143066406 72.5314407348633 72.0249328613282 69.5426559448242 70.4672470092774 70.0319595336914 72.2001419067383 71.366455078125 71.8751754760742 71.8738250732422 75.2142715454102 78.3678207397461 78.591094970703 81.7369003295898 84.4584045410156 85.8997573852539 88.0571899414062 88.1230926513674 82.2739181518555 81.6820373535156
67.0915908813477 73.9965972900391 65.3138504028323 57.9143486022949 59.8169937133789 57.2156829833984 58.3087310791016 88.2427062988292 59.2842102050781 61.9660415649414 60.282787322998 75.600341796875 76.6053085327148 76.7023696899414 76.7998428344727 77.9916076660156 119.893592834473 119.750679016113 119.964256286621 117.934127807617 114.751678466798 74.0885543823242 73.2289657592774 70.9774780273438 72.1106567382812 72.3012466430663 75.7674407958984 77.0163421630859 76.8405990600586 75.7127380371094 75.0018081665039 74.6038360595703 71.3946914672852 73.5915679931641 74.1719512939453 74.4626846313477 73.6208801269531 72.4848251342773 72.5354614257812 74.1564178466797 76.2268981933592 80.3359451293945 83.6248474121094 84.254150390625 83.975471496582 86.7177886962894 78.1122055053711 82.6135864257812
91.3534164428711 72.4207305908203 69.9643859863259 133.453399658203 64.9741592407227 63.0663108825684 60.983943939209 61.6004142761231 60.5616264343262 62.3929824829102 62.0506820678711 76.9028472900391 75.8283615112304 76.4753341674805 76.4085235595703 75.4136276245117 115.733856201172 117.741035461426 117.49919128418 113.434730529785 113.162078857423 72.6819305419922 71.0429763793945 71.369384765625 72.2164611816406 69.0803909301756 73.1691665649414 74.506462097168 75.1991806030273 75.7541580200195 73.5587692260743 71.0158538818359 73.2268142700195 71.7841262817383 73.2837753295898 72.3036575317384 70.167350769043 71.1870193481445 70.6315002441406 71.2270278930664 74.1132583618162 79.8817749023438 84.6033782958985 84.2652206420899 83.773063659668 81.3519973754886 73.4708938598633 66.432991027832
73.3610076904297 71.3588790893555 69.4877624511719 69.2819595336914 66.3413696289062 65.4351196289063 65.0510177612305 64.6069335937501 62.4054222106934 62.9855804443359 61.5275611877441 73.6055755615234 74.5563735961913 77.9932022094727 77.7148818969727 78.819938659668 115.759841918945 114.255279541016 114.851638793945 111.609260559082 110.02436065674 71.8019256591797 71.9697265625 68.9786376953125 69.0942993164062 70.5720825195311 73.901008605957 71.8966598510742 71.343620300293 70.3615417480469 70.1081924438476 72.7209320068359 72.396125793457 71.3442764282227 71.5926971435547 72.5936279296875 72.2529067993164 71.3437347412109 69.5203475952148 68.3481063842773 70.0028076171873 76.8131942749023 82.6268539428711 81.8364715576172 73.4093017578125 71.3204498291019 62.8742713928223 64.8719482421875
65.1787261962891 66.0601654052735 63.6987571716308 65.3128280639648 62.1852760314941 60.6352767944336 59.3855361938477 60.0868110656739 59.3700828552246 59.5900459289551 57.9291152954102 57.642333984375 56.9583854675293 57.385627746582 58.0245513916016 61.9685554504395 63.6436538696289 64.1373519897461 62.1295471191406 62.322193145752 64.0582962036136 54.4093704223633 54.416332244873 55.4860610961914 57.1491050720215 58.0361442565913 71.544807434082 71.7031631469727 71.7625732421875 72.2200698852539 76.7498321533203 76.6290817260742 76.2309112548828 73.4658889770508 74.9177703857422 75.0878448486331 68.0307693481445 66.9661026000977 67.832145690918 68.9390716552734 66.4822311401378 35.6939926147461 38.7339515686035 58.2554969787598 64.4834060668945 60.3763618469244 44.4257888793945 43.8602027893066
67.6117935180664 66.1891937255859 64.1836776733399 63.6053123474121 61.9657897949219 60.7498245239258 60.4095115661621 60.736125946045 59.2711639404297 59.5832557678223 59.026538848877 57.8238182067871 57.0485916137695 57.9621963500977 56.0074729919434 55.2681694030762 57.5366477966309 61.322021484375 61.497386932373 61.963737487793 61.3701934814455 54.9074363708496 54.8870506286621 53.8009643554688 55.6524124145508 56.9110755920406 69.6281661987305 70.2779541015625 71.4765777587891 76.9777526855469 76.3876647949219 76.8489151000977 74.9284362792969 76.0968399047852 75.6240921020508 76.368347167969 68.1161193847656 67.6106719970703 66.2870559692383 59.5865135192871 55.8612403869634 41.2676467895508 42.4145622253418 45.422477722168 52.4728050231934 55.1275253295903 43.1017570495605 41.2081604003906
64.4726257324219 63.0229568481445 62.0342597961426 61.8322486877441 62.2167320251465 58.3580055236816 57.8392219543457 58.9926414489747 57.5486335754395 57.1855239868164 57.7554092407227 54.9086608886719 53.7657585144043 53.0012550354004 51.9014358520508 51.2421798706055 53.7103271484375 53.4704399108887 54.6826171875 59.4407920837402 60.3062133789065 53.4420585632324 51.9932441711426 52.5045967102051 55.1243095397949 56.0382308959956 70.2303161621094 72.4755554199219 76.7663040161133 76.4077072143555 77.3896484375 76.4547500610352 76.2481842041016 75.6546401977539 76.5805053710938 76.7586059570315 69.9076080322266 67.5024948120117 55.4616851806641 55.9335517883301 58.418407440186 44.5714988708496 42.7833442687988 42.5222702026367 44.700855255127 48.6911697387697 42.9155921936035 40.623405456543
66.6710662841797 65.8192443847656 63.8352432250977 63.8669281005859 65.5682983398438 62.2948875427246 60.4621810913086 59.6175765991212 58.0681228637695 58.4779891967773 57.2307624816895 53.4491653442383 53.215145111084 52.9646682739258 52.111270904541 50.9796600341797 54.2927932739258 55.7296943664551 54.9917831420898 55.1711273193359 61.1268730163578 51.3660545349121 51.5516815185547 50.8434753417969 51.6800384521484 53.4598350524896 70.9655838012695 79.0638427734375 78.4428863525391 77.3174438476562 74.7747421264647 77.4861602783203 77.01513671875 77.0971069335938 77.988166809082 77.3198852539068 62.0341529846191 56.7232704162598 56.3246841430664 54.739574432373 53.8101768493657 41.5886306762695 42.8880462646484 43.5961380004883 41.718879699707 44.7693786621096 38.4654388427734 40.1323013305664
69.6025695800781 69.9989166259766 69.1059265136718 71.5303268432617 74.173225402832 70.8896026611328 65.7090835571289 62.1133422851562 63.5346183776856 59.0738105773926 58.4083595275879 57.7162437438965 56.6095733642578 55.8520431518555 56.2727546691895 56.0327301025391 58.1514434814453 59.4229278564453 59.8613090515137 58.8705635070801 58.6382751464846 52.2006645202637 55.450927734375 55.045524597168 52.3809509277344 55.2554855346672 75.7186660766602 80.6979751586914 81.6776275634766 81.2209777832031 76.6509246826172 76.1978302001953 82.1881713867188 72.5221862792969 65.4153518676758 60.1580390930179 51.5438919067383 54.7200775146484 51.5890960693359 51.5624504089355 50.0581893920901 41.3411407470703 43.2901611328125 42.3516426086426 41.7042045593262 43.0542640686037 36.9050483703613 35.2073974609375
62.058406829834 69.8239059448242 72.1511154174804 73.7686309814453 68.7068481445312 65.1638259887695 65.368766784668 62.474250793457 63.291690826416 59.6956481933594 59.009578704834 67.1642303466797 66.0472412109375 64.6361999511719 65.5554885864258 66.0945205688477 58.3801689147949 56.9307670593262 56.2683486938477 56.4525680541992 54.5795402526857 49.6650543212891 49.4720726013184 74.4960021972656 84.3202743530273 89.7676544189456 82.785888671875 97.5338897705078 92.396469116211 83.0400543212891 67.9163513183604 38.7152786254883 34.3697624206543 31.8843612670898 32.886173248291 38.7094078063966 36.1820907592773 29.6161193847656 28.3917655944824 29.3152904510498 28.9516391754155 16.5601673126221 17.9456825256348 17.915340423584 20.7464485168457 17.3677177429199 17.7397651672363 21.5944423675537
70.3618545532227 76.1511459350586 75.2458801269532 74.9900207519531 71.7046203613281 69.0163192749024 69.56103515625 67.9260635375976 69.1749877929688 64.5436706542969 66.2997741699219 70.5322494506836 70.7215347290039 72.0155792236328 71.2776947021484 69.8043060302734 60.7901573181152 61.8103790283203 60.5237770080566 61.7701644897461 57.0752258300782 55.6959953308105 54.989803314209 50.7393798828125 58.2884178161621 162.772460937504 58.092887878418 42.8724708557129 41.1819229125977 42.6414375305176 43.3301277160648 33.9182090759277 35.8951263427734 34.4922981262207 31.4037666320801 29.9662590026856 27.8543510437012 25.0421161651611 24.6824131011963 22.8812713623047 22.2877063751226 6.75497055053711 6.70670700073242 12.6359968185425 15.6214065551758 15.2226686477661 15.4100828170776 17.2251720428467
72.2850952148438 70.5869827270508 68.5457000732422 67.9581146240234 62.0957908630371 62.3061332702637 66.8655548095703 69.0508117675782 67.2923126220703 61.6218414306641 68.0385360717773 71.1245880126953 70.4281921386719 69.0956726074219 66.9899673461914 66.8014297485352 58.7490425109863 61.4632453918457 59.4383583068848 58.3629989624023 56.1134872436507 104.054908752441 65.0094909667969 45.0597496032715 19.3917484283447 20.293155670165 48.6604042053223 41.0543670654297 44.2246513366699 43.2332382202149 44.4143371582037 29.3586006164551 25.8753700256348 25.2390117645264 24.649341583252 19.1908740997312 25.3878135681152 25.4638023376465 24.7682456970215 23.4788208007812 23.1858386993414 7.73981475830078 5.44961214065552 4.62212944030762 8.18604755401611 6.61259889602656 7.98095273971558 7.4980354309082
69.9391784667969 68.5465316772461 64.0670776367189 61.3227882385254 60.7913513183594 61.3210182189941 67.4265594482422 67.7045288085937 70.5740585327148 81.05615234375 73.1930923461914 70.3606719970703 68.568344116211 67.5994262695312 63.951343536377 66.6993789672852 59.9281196594238 59.3880004882812 57.766242980957 54.8818588256836 68.4072341918959 30.6182136535645 39.9030952453613 32.7336349487305 30.1314888000488 20.6662940979 32.1787605285645 43.1132354736328 41.8130874633789 36.4023590087891 31.966938018799 26.8814678192139 17.2390956878662 19.1926784515381 18.3371467590332 18.2191200256345 25.7925281524658 26.6463012695312 25.8663272857666 25.1014137268066 23.0317153930669 8.31097984313965 7.1650915145874 6.36175584793091 5.76946640014648 6.89744281768796 7.84360456466675 7.54426622390747
