data/thuenen/dis.solea.min.23.asc
NCOLS 320
NROWS 120
XLLCORNER 2
YLLCORNER 53
CELLSIZE 0.025
NODATA_value -9999
[rows 42 to 62 of 120, columns 144 to 191 of 320]
1.4825496673584 1.29254698753357 1.31739568710328 1.20027899742126 1.19141864776611 1.23104774951935 1.39065408706665 1.48915874958038 1.54235970973969 2.0139639377594 1.8584007024765 2.19364070892334 2.11537766456604 2.14735174179077 2.19666957855225 2.14801001548767 1.43918895721436 1.69879400730133 1.81816363334656 2.02860975265503 2.14892792701716 3.6877326965332 3.75812602043152 3.67201161384583 3.55723094940186 3.64037394523619 4.12186336517334 4.10953426361084 4.12221431732178 4.40604496002197 4.49261951446526 6.60148048400879 6.79667472839355 6.94620275497437 7.18448877334595 7.56484937667837 10.1795692443848 10.1306838989258 10.6743488311768 11.2798013687134 6.08601379394537 4.61238479614258 4.45960283279419 5.20528650283813 4.99245643615723 5.33602380752569 3.85594749450684 4.05365037918091
1.62809228897095 1.34541666507721 1.29159438610077 1.27654600143433 1.27393639087677 1.28856003284454 1.60783898830414 1.50458133220672 1.6037003993988 1.71670138835907 1.93910837173462 2.26365160942078 2.23221492767334 2.13004541397095 2.09764909744263 2.150630235672 1.86825895309448 1.92237532138824 2.33881998062134 1.98294305801392 2.10481309890743 3.36873888969421 3.69046807289124 3.62506341934204 3.64406156539917 3.85966491699217 4.34922218322754 4.24359560012817 4.39493417739868 4.50147914886475 4.17547798156732 6.06024360656738 6.37819242477417 7.26823949813843 7.86204433441162 8.14869689941399 10.2337522506714 10.1185541152954 10.3706684112549 8.52231693267822 6.71233892440803 4.70451927185059 5.38299512863159 5.38719654083252 5.37044811248779 5.46471977233892 3.97192192077637 4.2096791267395
1.562175989151 1.53177094459534 1.33246564865112 1.3549417257309 1.35100865364075 1.52244305610657 1.66877830028534 1.48668420314788 1.60805428028107 2.08553194999695 2.03060007095337 2.32880210876465 2.3057804107666 2.41517639160156 2.49760055541992 2.51270008087158 1.97221171855927 1.92944633960724 1.92101538181305 1.97249960899353 2.27563238143917 3.25691032409668 3.47021555900574 3.78536939620972 3.97539758682251 4.0950231552124 4.25202178955078 4.30618953704834 4.55038833618164 4.56453800201416 4.48862886428825 6.82334756851196 6.97084140777588 7.27157735824585 7.28982639312744 7.80798482894889 10.1999940872192 10.115550994873 9.54235363006592 7.13288879394531 7.05290889739996 5.33048582077026 5.72721862792969 5.72561073303223 5.77205038070679 5.45438623428349 4.17732620239258 4.89196395874024
1.20401096343994 1.00129771232605 0.899205684661866 0.883574306964874 1.01276361942291 1.09690701961517 1.00275671482086 1.08715295791624 1.73799800872803 1.71541261672974 1.57747399806976 1.97024929523468 2.05554223060607 2.1871542930603 2.27973890304565 2.24396204948425 2.40384030342102 2.69777202606201 2.65398931503296 2.98652577400208 3.11414313316344 3.46911311149597 3.46175169944763 3.95525574684143 4.32834672927857 4.66970586776736 3.84451365470886 4.06282377243042 4.14296960830688 4.14608240127563 4.24368476867673 4.99092960357666 5.02597522735596 5.06312084197998 4.95853042602539 5.06414461135858 6.82076120376587 7.45196723937988 6.31267547607422 5.49172019958496 5.88156795501716 3.99540495872498 4.12887382507324 4.09962320327759 4.19657135009766 4.34816312789916 4.65580129623413 4.89471387863159
1.20803332328796 0.807324349880218 0.862543344497677 0.967094361782074 1.25693929195404 1.28369903564453 1.34027862548828 1.20869469642638 1.44394028186798 1.77286994457245 1.63764429092407 2.02739906311035 2.11975598335265 2.31989097595215 2.30085873603821 2.27090668678284 2.58192229270935 3.04749727249146 3.19435930252075 2.75097727775574 2.78977656364438 3.59362578392029 3.58444023132324 4.41276264190674 4.98678255081177 5.06825208663945 3.89704895019531 4.00224447250366 4.03731918334961 3.55178594589233 3.53914356231686 4.44441080093384 4.97602081298828 4.94901418685913 4.90268898010254 4.6897888183593 6.67730808258057 6.41396951675415 5.44574213027954 5.36594486236572 5.60651254653936 4.09846448898315 4.09636831283569 4.09753799438477 4.29863262176514 4.46316003799437 4.84240865707397 5.35422945022583
1.24918258190155 0.912975311279297 1.11878204345704 0.961345016956329 1.20875597000122 1.28072094917297 1.23988604545593 1.20388305187224 1.50953900814056 1.92620170116425 2.00068831443787 2.40197563171387 2.51094222068786 2.60332703590393 3.13828039169312 3.59322333335876 3.44751238822937 3.59673190116882 3.18796634674072 3.55089831352234 3.84309291839597 4.59672784805298 4.82332181930542 5.18818664550781 5.6313591003418 5.01374816894535 3.85987544059753 3.99573230743408 3.79590797424316 3.69905662536621 3.6270143985748 4.49401140213013 4.47099018096924 4.77019882202148 4.58087062835693 4.57655477523799 5.90186357498169 5.85052013397217 5.86865043640137 5.81364488601685 5.4312429428101 4.41792917251587 4.0360803604126 4.32574415206909 4.4487509727478 4.53552341461179 5.4020528793335 4.89587879180908
1.28866827487946 1.01708459854126 1.02745234966277 1.3146516084671 1.08606505393982 1.14233505725861 0.939775347709656 1.12110733985897 2.07200622558594 2.22262811660767 2.35627603530884 3.16256928443909 3.54246139526368 3.21106457710266 3.26275205612183 3.58315372467041 3.51666402816773 4.15128517150879 4.38724803924561 4.60427045822144 4.87757778167719 6.34772920608521 6.36279153823853 6.29407024383545 6.51078510284424 5.45621585845952 4.01153707504272 4.04778146743774 3.78251910209656 3.7708113193512 3.74621057510374 4.40221452713013 4.25542449951172 4.25955820083618 4.38746452331543 4.48220443725581 5.76216793060303 5.58563613891602 5.63093709945679 5.67413997650146 5.97368907928473 4.29578495025635 4.19966602325439 3.96067953109741 4.5489673614502 5.24049234390259 5.14428853988647 5.00408315658569
1.6663670539856 1.30494499206543 1.44867491722107 1.35647404193878 1.33342063426971 1.33363902568817 1.22420930862427 1.62496197223661 2.17720293998718 2.29278159141541 2.58591365814209 3.28713011741638 3.22663354873657 3.23665189743042 3.31327795982361 3.77543210983276 4.04127836227417 4.42062330245972 4.92265844345093 5.29395914077759 4.95302629470819 6.72541761398315 6.49734973907471 6.81147813796997 7.49361419677734 6.53636789321905 4.94245147705078 4.98545789718628 4.59805822372437 4.35251617431641 4.31479740142822 4.53589916229248 4.35709190368652 4.10230016708374 4.02600193023682 4.37496423721309 5.51990461349487 5.43299388885498 5.44154119491577 5.2720685005188 5.60661840438847 4.29279470443726 4.34443235397339 4.33986568450928 5.10279273986816 4.51418924331663 5.2090573310852 6.18473815917969
4.20926380157471 1.91266894340515 1.33071196079253 1.69423866271973 3.14643239974976 2.6591522693634 2.94676160812378 2.8959195613861 3.14339804649353 3.10097193717957 3.15806603431702 3.45778441429138 3.73795533180236 4.07144546508789 4.42158842086792 4.48467016220093 3.98321175575256 3.97698068618774 4.29769849777222 4.58500814437866 4.66925621032715 4.68604278564453 3.98550629615784 3.89573931694031 3.91976761817932 3.65515732765193 4.90319919586182 4.86034965515137 4.36116456985474 4.28314638137817 4.33137512207034 3.46443557739258 2.91167569160461 2.0056746006012 1.49108839035034 1.48118603229524 1.13639461994171 1.23711669445038 1.66776061058044 1.91398596763611 1.96859169006345 2.78836870193481 3.49377298355103 3.95779585838318 4.41631984710693 3.74915051460264 4.28891563415527 5.48173332214355
4.92003774642944 2.22393393516541 2.08046936988831 2.01422572135925 2.07025766372681 1.56057298183441 2.45165538787842 2.92816662788389 3.45325660705566 3.41504859924316 3.5942907333374 3.63711500167847 3.83930492401123 3.94079542160034 4.1313157081604 4.24666976928711 4.12596321105957 4.09923648834229 3.93467926979065 4.47013473510742 4.53913021087648 4.17551898956299 3.75268030166626 3.68942737579346 3.6082615852356 3.55419039726252 4.92232465744019 5.20348596572876 4.65123271942139 4.19879531860352 4.17528390884403 3.25362539291382 3.13980340957642 2.71591734886169 2.00094199180603 1.63328301906587 1.22213971614838 1.29860627651215 1.61503267288208 1.85828065872192 2.06408190727232 2.70492339134216 2.80053210258484 3.73271894454956 4.50154829025269 3.64039039611814 4.3255295753479 4.02622175216675
4.76793384552002 1.80968105792999 1.57118904590605 2.16495275497437 2.35151767730713 2.18283939361572 3.05626559257507 2.89488959312439 2.9207763671875 2.98494029045105 3.13370966911316 3.56323003768921 3.70443296432495 3.6934130191803 3.80137491226196 4.1380352973938 3.96483826637268 3.96354627609253 4.00395154953003 4.48143243789673 4.5936450958252 4.35770750045776 4.31935739517212 3.58472108840942 3.41355538368225 2.91663908958428 4.84138965606689 4.95601558685303 5.31624889373779 4.57251310348511 4.25123310089115 3.21577668190002 3.12158370018005 3.10891675949097 2.48913764953613 1.8839933872223 1.4748272895813 1.35522496700287 1.60143196582794 1.78713667392731 1.89472305774686 2.76989698410034 2.74100708961487 3.08461856842041 3.99102258682251 4.23793983459473 4.25925922393799 3.89162039756775
5.01363849639893 2.58560395240784 2.3095395565033 2.25259923934937 2.57076120376587 2.14017510414124 3.00645565986633 3.05307173728943 2.95937490463257 2.93448710441589 2.99429392814636 3.36897373199463 3.41524195671081 3.5651912689209 3.69425797462463 3.85161066055298 3.74048161506653 4.07288503646851 4.13600158691406 4.41905117034912 4.5491304397583 4.52302837371826 4.03950786590576 3.64222598075867 3.46439290046692 2.49615073204033 4.57022285461426 4.76359701156616 5.21588611602783 4.60448408126831 4.688572883606 3.63698697090149 3.27058792114258 3.21631598472595 2.94112110137939 2.51684665679934 1.99200963973999 2.05229592323303 2.08662533760071 2.02171492576599 2.15111422538755 2.70646595954895 2.74115872383118 3.12497472763061 2.45242071151733 3.94950771331785 4.56523513793945 3.98287606239319
4.67303848266602 2.41954398155212 2.44975829124451 2.47201442718506 2.6844470500946 2.60382342338562 3.22451710700989 3.2031786441803 3.10692405700684 3.17471170425415 3.10531568527222 3.38021063804627 3.38756275177001 3.53755736351013 3.61123657226562 3.5791118144989 3.9378707408905 4.07872533798218 4.09478187561035 4.28277158737183 4.62452077865601 4.56249046325684 4.4148097038269 3.81522989273071 3.93269205093384 2.47736072540275 4.71590423583984 5.43674230575562 5.21452379226685 4.75708246231079 4.55443620681765 3.8192503452301 3.60668301582336 3.23594737052917 3.07495498657227 2.88805532455445 2.84076905250549 2.94918155670166 2.89894533157349 2.83131837844849 2.87769508361814 3.53374934196472 3.82557010650635 3.93106126785278 3.50568294525147 4.6188220977783 5.15269565582275 4.76405334472656
3.64745688438416 3.10447788238525 3.07112622261047 3.19886088371277 3.34122157096863 3.58401322364807 3.6746723651886 4.1652364730835 3.97256708145142 3.80717492103577 4.31390190124512 4.46731519699097 4.44219827651977 4.49876403808594 4.51812839508057 4.72045087814331 5.16546678543091 5.22990226745605 5.36911630630493 5.67254161834717 5.99193763732904 7.8206844329834 8.57247924804688 8.61424922943115 7.5381875038147 7.37396812438969 6.2316575050354 6.2720627784729 6.50280952453613 6.80410623550415 5.49004459381108 4.24862337112427 4.39200401306152 4.41046285629272 3.86890864372253 3.59871029853819 3.9757993221283 4.18102121353149 4.24177169799805 4.37882518768311 4.40218830108645 3.62256169319153 4.00978183746338 3.8171226978302 3.80020689964294 3.8903656005859 4.98080587387085 5.84817695617676
3.74351096153259 3.22834134101868 3.37411260604859 3.32173228263855 3.22825503349304 3.23210835456848 3.22481036186218 4.1160101890564 3.97161102294922 3.80809330940247 4.50235223770142 4.82450151443481 4.81339120864868 4.8129768371582 4.85081052780151 5.05426025390625 5.18792724609375 5.63700389862061 5.64638805389404 5.71477222442627 6.09057903289789 7.68876600265503 8.04553985595703 8.17337036132812 7.66064548492432 7.18618822097781 6.36403369903565 6.13692712783813 6.42208194732666 6.59042072296143 6.19692945480354 4.13027811050415 4.22936248779297 4.40953779220581 4.40371322631836 3.89903831481934 3.85829091072083 3.90112543106079 3.92211198806763 4.03707647323608 4.30586957931521 3.68963074684143 3.97071957588196 3.38185238838196 3.40411925315857 3.34900808334349 3.72463369369507 5.43107223510742
3.44402694702148 3.22513890266418 3.74416399002077 3.31179094314575 3.2848813533783 3.39398670196533 3.44221425056457 3.72497367858886 4.07869338989258 4.45469808578491 4.87820053100586 5.13393449783325 5.37154960632323 5.60545444488525 5.58391237258911 5.60818147659302 5.56871891021729 5.62724781036377 5.64313220977783 5.68074369430542 5.83260011672968 7.4836630821228 7.8156156539917 8.25460529327393 8.65803050994873 7.03607559204103 6.65270519256592 6.10674858093262 6.12618732452393 6.33295679092407 6.32792949676519 4.84380912780762 4.60407876968384 4.7018518447876 4.86943292617798 4.67914915084841 4.00220727920532 3.9460027217865 3.92668128013611 4.24823379516602 4.2612328529358 3.95082092285156 4.04424381256104 3.28835725784302 3.35605335235596 3.36096930503845 3.47255206108093 3.59499335289002
3.05200815200806 3.3831889629364 3.52474141120909 3.91886615753174 3.29473924636841 3.6770966053009 3.43352675437927 3.90560698509214 4.48685455322266 5.08013153076172 5.26160764694214 5.5059928894043 5.60539722442627 5.66795587539673 5.71289443969727 5.64792728424072 5.72185897827148 5.91149091720581 5.90710258483887 5.78954362869263 5.86964273452755 7.07963943481445 7.45498371124268 7.72183084487915 7.69549417495728 7.54339838027959 6.33602237701416 7.14027500152588 6.41325378417969 6.34829521179199 6.48196315765384 5.72047281265259 4.98078966140747 4.77060413360596 4.96906232833862 5.03452682495119 4.43197202682495 4.00980520248413 3.99993395805359 4.48220825195312 4.29296493530275 3.97535729408264 3.7839527130127 3.223060131073 3.27955555915832 3.07125139236449 3.37353944778442 3.30206298828125
3.012864112854 3.6816942691803 3.57841348648071 3.6977207660675 3.61726117134094 3.228031873703 3.54504990577698 3.3191061019897 4.50866508483887 5.21102952957153 5.65870046615601 5.78382921218872 5.80411100387573 5.88789939880371 5.86084794998169 5.86663198471069 5.75168561935425 5.63038730621338 5.68744039535522 5.62084341049194 5.62123346328732 6.73354053497315 6.97566032409668 6.95128345489502 6.92038726806641 6.98279714584351 6.74385404586792 7.00108337402344 7.26275634765625 6.62147569656372 6.62516784667972 5.72296142578125 6.02267742156982 4.95322942733765 4.77461671829224 5.11651611328125 5.03015422821045 4.3600435256958 4.2427077293396 4.33621311187744 4.21054697036743 4.24954843521118 3.49692177772522 3.27519106864929 3.32521462440491 3.26842665672302 3.4448709487915 3.3653519153595
3.39433288574219 5.19020414352417 5.21740436553954 5.44122171401978 5.35155916213989 4.21905994415283 3.86321449279785 3.33305263519274 7.05211114883423 6.7661395072937 7.18167448043823 6.84917449951172 6.55141019821167 6.42248344421387 6.45846652984619 6.4703106880188 5.63097476959229 5.61585187911987 5.85438251495361 5.65255689620972 5.5601739883423 5.0408182144165 4.4316840171814 4.67385053634644 4.76393938064575 5.17245340347289 5.53716897964478 6.06139135360718 6.18829774856567 7.66410112380982 6.97993946075438 7.40133714675903 7.76311779022217 7.98420715332031 6.29135704040527 6.33930110931395 6.78157329559326 6.78112173080444 6.89393424987793 6.75250768661499 7.06262826919563 5.04186773300171 4.39784812927246 4.51588487625122 4.50046730041504 4.53725337982179 4.24932479858398 4.26533937454224
3.29280042648315 5.07261562347412 5.06928586959837 5.65999984741211 5.39490699768066 5.40257453918457 5.44907665252685 3.19691109657285 3.90461754798889 5.4638876914978 6.21613883972168 6.12112808227539 6.29523372650147 6.19459342956543 6.60910701751709 6.48807621002197 5.54342412948608 5.53934144973755 5.52995252609253 5.55115556716919 5.3211078643799 4.97070455551147 4.55404615402222 4.50670337677002 4.31059503555298 4.31821298599242 4.54997777938843 5.2269492149353 5.91799306869507 6.26492261886597 7.75669479370117 7.80208253860474 7.37857055664063 7.65517902374268 8.58928489685059 6.37764453887938 6.78940105438233 7.04257488250732 7.3883957862854 7.13020038604736 7.74078893661509 4.97339010238647 4.53788423538208 4.45466566085815 4.55339908599854 4.63581037521363 4.33993339538574 4.33154678344727
4.27059412002563 5.18512153625488 4.92996120452881 5.0145263671875 4.92292022705078 4.96665906906128 5.0997896194458 4.86170482635498 4.86569118499756 7.04185056686401 6.76033544540405 6.48391771316528 6.8383240699768 7.0714955329895 7.02147245407104 7.18673276901245 5.61299514770508 5.33981418609619 5.35669040679932 5.11993503570557 5.27754449844364 4.18690633773804 3.95987129211426 3.95420455932617 4.17430019378662 4.04570960998534 4.33911418914795 4.33788013458252 4.63385057449341 5.62566137313843 6.15002584457392 7.72854614257812 7.612961769104 8.16527462005615 8.13097667694092 8.92637634277347 8.09492683410645 8.58383846282959 8.77328491210938 8.11515235900879 8.9094743728639 5.31472587585449 4.79870319366455 4.80367994308472 4.72733354568482 4.81748151779176 4.60987615585327 4.55939674377441
