data/thuenen/dis.pleuronectes.platessa.27.max.asc
NCOLS 320
NROWS 120
XLLCORNER 2
YLLCORNER 53
CELLSIZE 0.025
NODATA_value -9999
[rows 63 to 83 of 120, columns 96 to 143 of 320]
145.423004150391 147.409622192383 133.303482055664 128.013214111328 154.770248413086 159.921463012695 161.623733520508 158.260452270508 152.611022949219 121.808799743652 116.561378479004 115.268463134766 116.619071960449 120.098815917969 119.497230529785 120.167541503906 119.526947021484 119.086410522461 121.019813537598 123.944213867188 126.552070617676 129.467529296875 128.598373413086 130.265182495117 134.936096191406 137.249847412109 143.459487915039 150.560882568359 145.173782348633 141.691467285156 137.266021728515 143.889755249023 143.467330932617 139.731002807617 141.775955200195 142.875045776367 136.663146972656 135.84587097168 134.064743041992 135.289123535156 133.186935424805 123.119338989258 117.958000183105 117.665405273438 97.9862213134766 104.527214050293 106.233291625977 109.13304901123
130.07241821289 135.178344726562 141.041229248047 137.644775390625 157.164276123047 158.194564819336 157.045669555664 154.348220825195 147.944213867188 119.180229187012 119.169143676758 118.788032531738 119.688049316406 120.539016723633 119.123489379883 119.209060668945 123.487831115723 124.609359741211 128.328231811523 129.769012451172 130.40966796875 133.358871459961 135.146957397461 137.131164550781 144.668182373047 140.977676391602 134.786499023438 136.159759521484 132.357086181641 131.319198608398 133.859451293945 132.940505981445 134.256561279297 134.008636474609 138.532409667969 133.710021972656 132.187866210938 133.282653808594 132.704803466797 133.963012695312 125.412452697754 124.991302490234 121.560180664062 120.725547790527 105.943885803223 105.194892883301 105.120269775391 109.41633605957
125.470245361328 124.541595458984 128.527160644531 129.341033935547 139.279754638672 143.519058227539 142.920593261719 141.550094604492 135.640411376953 105.60912322998 102.335487365723 101.930152893066 99.593246459961 99.0328903198242 101.51522064209 102.090156555176 99.8763198852539 100.881187438965 103.553779602051 107.999031066895 107.550758361816 109.547981262207 109.644218444824 123.947608947754 124.607696533203 128.200668334961 126.610504150391 122.666114807129 115.890449523926 112.533340454102 116.116004943848 113.715057373047 113.574829101562 112.49047088623 117.769645690918 115.959007263184 110.464538574219 110.322845458984 116.800834655762 128.954650878906 131.443359375 130.6455078125 129.355316162109 125.163459777832 110.864524841309 115.578941345215 112.991172790527 116.077087402344
123.355484008789 124.761772155762 128.992477416992 130.26774597168 127.026733398438 126.052131652832 126.441452026367 122.874946594238 115.950225830078 91.4374694824219 90.6871719360352 88.9112014770508 89.7621994018555 90.3854598999024 92.4653930664063 93.1376037597657 91.7721481323242 91.7271881103516 90.4296035766602 93.6099472045899 98.4048843383788 100.523918151855 102.943817138672 107.57250213623 111.375801086426 111.237205505371 111.248489379883 112.084434509277 110.299575805664 108.173866271973 107.559371948242 110.135787963867 110.822334289551 110.417144775391 106.714828491211 116.945205688477 110.294998168945 121.252899169922 131.325454711914 135.86865234375 136.041351318359 138.331802368164 135.617263793945 133.028793334961 114.877952575684 115.905044555664 116.456260681152 119.923980712891
117.820777893067 111.599975585938 112.414543151855 112.892593383789 114.453262329102 115.755821228027 117.271812438965 115.906593322754 110.704864501953 82.0029449462891 84.062400817871 86.6322708129883 86.9221725463867 85.9651947021485 85.9070129394531 86.615592956543 86.5808181762695 86.9150466918945 90.1111679077148 95.7605209350586 96.5221786499023 97.9728546142578 99.3515014648438 102.091842651367 104.062232971191 106.359977722168 106.439872741699 106.629371643066 107.836601257324 106.69841003418 106.62425994873 105.770416259766 106.883316040039 107.711898803711 112.253967285156 122.799438476562 141.261535644531 134.042404174805 133.68701171875 143.178787231445 142.487319946289 146.630187988281 145.917297363281 143.691421508789 124.621574401855 120.230308532715 120.769012451172 120.775932312012
105.637908935547 100.000816345215 104.555908203125 105.109725952148 111.010383605957 111.53369140625 115.293212890625 110.730041503906 111.625503540039 85.9985122680664 85.73828125 87.0636825561523 87.0549926757812 85.4598846435547 86.2449188232422 87.5292510986329 86.1219177246094 88.5500259399414 91.5038223266602 96.9275436401367 97.4807205200195 98.51123046875 100.732177734375 101.874862670898 103.456382751465 103.096176147461 105.38907623291 105.344367980957 107.114288330078 105.274040222168 105.332427978516 104.656898498535 113.072410583496 117.309379577637 127.643218994141 136.640472412109 135.981628417969 138.280044555664 135.485122680664 144.407821655273 143.479553222656 153.551651000977 150.292343139648 147.882186889648 125.164573669434 121.572990417481 118.414192199707 115.873680114746
98.5630722045898 99.650131225586 103.113525390625 103.863647460938 109.68758392334 110.16136932373 111.117492675781 110.829490661621 110.817039489746 87.5258102416992 87.1913681030273 88.0889663696289 85.6804504394531 86.1236877441406 85.950424194336 87.102912902832 89.6441040039062 88.8360443115234 88.4550323486328 94.4304351806641 95.5602264404297 96.1329498291015 97.9372863769531 99.6007690429688 101.580543518066 102.631401062012 106.920066833496 106.499267578125 107.954780578613 113.26016998291 119.294746398926 124.245193481445 126.790092468262 128.328384399414 131.11344909668 136.458877563477 137.024719238281 140.345581054688 134.448028564453 149.449295043945 150.337005615234 149.331665039062 143.918212890625 141.442092895508 117.749862670898 116.44686126709 113.744804382324 110.646049499512
100.865356445313 99.3253860473633 107.367904663086 99.1306381225586 106.713104248047 108.335273742676 108.472770690918 104.325706481934 106.683860778809 86.764045715332 82.8298263549805 81.0466384887695 77.8419189453125 77.569580078125 92.3459701538086 93.1515579223633 93.9090042114258 94.5060958862305 94.6839599609375 94.8809280395508 96.2198715209961 96.0287857055664 98.0000152587891 103.989669799805 118.307922363281 125.408203125 126.812721252441 128.419998168945 130.90510559082 132.676208496094 138.907165527344 136.880615234375 135.66780090332 138.365921020508 113.026313781738 114.632255554199 111.710792541504 113.031311035156 121.340789794922 126.346473693848 121.737442016602 105.369888305664 101.650268554688 103.952140808105 85.0390777587891 83.4524765014649 82.7862243652344 84.2227172851562
95.6152877807617 97.3551025390625 97.9228668212891 105.210983276367 106.653244018555 107.791885375977 108.408378601074 108.139701843262 98.7143783569336 85.697624206543 84.0649871826173 80.7223815917969 75.6536178588867 74.967155456543 90.7439041137695 93.5868682861328 93.694465637207 93.1359176635742 93.5378570556641 95.0690689086914 95.129280090332 97.2009353637695 100.434707641602 104.922637939453 123.74388885498 127.686210632324 133.196685791016 138.070571899414 138.116317749023 140.399444580078 135.604095458984 135.852203369141 138.622055053711 135.328460693359 112.482963562012 112.62760925293 108.161415100098 114.091903686523 112.426574707031 111.468971252441 99.8558883666994 94.588005065918 87.2228164672852 95.9904708862305 82.2875900268555 80.5501632690431 76.069076538086 68.8386077880859
93.7533493041992 93.9375915527344 93.7903289794922 106.107048034668 107.454193115234 108.915550231933 115.332763671875 101.464347839355 104.315872192383 81.1460571289062 77.3605957031251 74.3126602172852 73.67919921875 72.428596496582 92.5390167236328 92.4503173828125 92.0847625732422 93.7127380371094 96.8079299926758 97.5612182617188 97.6595230102538 100.217674255371 108.357475280762 112.319801330566 129.156173706055 135.303527832031 139.737640380859 140.511322021484 140.636978149414 138.231658935547 127.373634338379 124.831588745117 163.716293334961 147.593673706055 101.939483642578 107.042518615722 119.726974487305 114.379592895508 106.224761962891 87.6674270629883 85.9420928955078 86.367431640625 83.7584457397461 90.2660522460938 72.6908569335938 65.9949340820313 63.8176193237305 64.124267578125
91.5909347534179 94.9765777587891 98.4768218994141 106.782279968262 110.110023498535 116.536285400391 105.304885864258 100.325813293457 97.0019989013672 77.3684005737305 75.9380264282228 72.6077499389649 70.9750366210938 70.206901550293 89.1423721313477 89.437530517578 92.8911361694336 95.2693405151367 96.9259567260742 97.1945266723633 99.273986816406 106.76725769043 111.957588195801 114.523445129395 129.786773681641 136.223220825195 138.569808959961 138.572769165039 142.438201904297 142.624557495117 140.379165649414 139.288803100586 149.028564453125 146.049728393555 130.246200561523 121.588752746582 109.72257232666 100.525413513184 94.2718124389648 78.6608123779297 71.7567443847657 69.762809753418 63.7410621643066 98.4216995239258 71.2066268920898 78.1115036010743 74.7970428466797 77.9428253173828
97.115020751953 101.358924865723 103.866165161133 111.618583679199 115.37329864502 102.512969970703 102.003349304199 99.4363250732422 93.8470840454102 71.4550247192383 70.2211761474612 64.4720687866211 65.4600830078125 66.2579040527344 88.9509887695313 91.5636367797851 94.7569732666016 97.904411315918 101.089790344238 103.829078674316 107.604316711426 108.645904541016 111.121139526367 113.511833190918 130.941040039062 136.745071411133 136.616455078125 142.569564819336 145.267120361328 139.082229614258 134.511047363281 138.054931640625 143.242248535156 140.756622314453 110.587135314941 109.467758178711 107.279602050781 99.1394958496094 85.48974609375 60.4417953491211 63.7475128173827 67.6875534057617 75.5432815551758 95.1285705566406 80.5219497680664 70.4221649169921 74.4438781738281 71.1336517333984
124.218711853027 139.001724243164 135.438385009766 143.700225830078 121.421104431152 120.48755645752 115.61840057373 111.954643249512 110.340644836426 99.651481628418 99.5086898803711 99.0067291259766 98.7493743896485 96.035774230957 88.6971130371094 85.5660705566406 86.4953308105469 87.7866134643555 86.3725357055664 93.3874359130859 92.8642959594725 96.960823059082 97.2250671386719 96.0626449584961 103.705642700195 105.000541687012 106.495697021484 103.972206115723 102.697792053223 98.5412445068359 98.5967254638671 102.59659576416 103.380065917969 102.579483032227 101.578285217285 97.4566726684575 85.5836410522461 80.4797515869141 80.0881958007812 83.8887405395508 84.1284179687501 82.931655883789 84.6378021240234 76.4613876342774 75.1068878173828 72.2352981567383 72.347900390625 64.8838272094727
123.845596313477 125.998344421387 127.552574157715 125.206748962402 117.483192443848 114.302886962891 111.894561767578 111.36351776123 110.512878417969 98.5802612304688 97.6125717163087 96.1353302001953 96.7798080444336 96.440414428711 86.8794403076172 89.1426467895509 84.7608947753906 87.5371932983398 88.2203598022461 96.409912109375 96.9475555419921 98.7420959472656 97.6194686889648 97.8839340209961 99.5226974487305 99.5474472045898 100.843727111816 102.300964355469 102.622734069824 101.739555358887 101.740249633789 104.802543640137 103.245460510254 93.4640426635742 79.0448532104492 74.0618896484372 81.3937149047852 81.6720504760742 83.752326965332 83.6528625488281 83.4499206542969 84.0564422607422 89.8591461181641 83.0201644897461 74.7525787353516 119.380050659182 66.9406051635742 66.7008361816406
121.92667388916 124.756622314453 122.758323669434 120.222206115723 112.265243530273 112.007423400879 111.801109313965 112.046127319336 111.964729309082 96.6483383178711 97.7476654052735 96.4287567138672 97.0520935058594 97.1080093383789 88.9782485961914 90.2925872802736 86.6842803955078 89.2930374145508 93.1417007446289 97.0969619750977 95.1265411376954 92.6312713623047 94.3834915161133 94.1867599487305 99.4413986206055 99.228057861328 103.280136108398 102.800804138184 107.361114501953 103.527153015137 100.708282470703 96.4499664306641 84.4624099731445 80.2350616455078 72.0038833618164 72.0367126464843 75.6357574462891 81.6073760986328 80.552375793457 83.3206558227539 108.538314819337 90.2974166870117 91.0170288085938 79.9526748657227 69.2222747802735 66.0369567871094 65.1652069091797 65.6267776489258
118.398292541504 118.62279510498 119.325698852539 118.945068359375 113.790267944336 114.364463806152 113.811828613281 111.97819519043 112.513191223145 97.8576965332031 97.5268783569336 97.4625473022461 99.0227432250977 99.4152145385742 89.5257263183594 90.0253982543946 88.6311492919922 89.7126541137695 93.5170669555664 95.1328201293945 91.9340209960938 91.8810729980469 93.8513336181641 97.8012008666992 104.245819091797 103.829071044922 107.42960357666 105.884460449219 98.9234313964844 84.1041488647461 79.9682312011719 79.0273361206055 79.1194534301758 78.532112121582 71.7149124145508 70.6936950683593 73.8579940795898 78.4638595581055 89.0039978027344 89.5405807495117 89.4347381591797 90.1451644897461 125.541275024414 71.8064651489258 66.4156341552734 66.4923553466797 66.6850509643555 64.7219085693359
116.925621032715 119.753280639648 120.787811279297 125.466209411621 113.620948791504 114.093688964844 113.594047546387 112.995460510254 111.754020690918 97.7572174072266 98.7442398071289 98.5933151245117 102.091743469238 100.569396972656 89.6144104003906 91.2473754882812 94.0774765014648 91.4405899047852 92.2909240722656 93.4778747558594 96.8213043212891 95.8546600341797 95.874137878418 99.503303527832 104.885246276855 105.359748840332 99.6447448730469 94.269775390625 86.1935272216797 75.6455764770508 76.884048461914 77.6526489257812 77.6673126220703 79.2622299194336 69.8257446289062 70.9074935913087 68.8567123413086 67.6116638183594 66.6694869995117 65.9406127929688 60.9225540161133 60.0190124511719 61.4684257507324 60.9832191467285 64.0674209594727 66.5848541259766 66.5307693481445 66.6798858642578
108.267715454102 107.517601013184 106.598526000977 106.003303527832 114.758224487305 113.749145507812 113.941360473633 114.930473327637 114.327003479004 126.343696594238 126.893013000488 130.201141357422 128.645080566406 127.783706665039 92.7604064941406 94.8676376342773 96.7026748657227 97.9277954101562 96.5512161254883 96.4211120605469 93.3925323486326 99.104362487793 95.042610168457 92.5829620361328 79.5013427734375 75.8492965698243 73.8688659667969 73.2993621826172 73.677604675293 70.8925094604492 69.1137619018554 69.8498077392578 69.2593460083008 69.1088562011719 57.0466766357422 55.8436012268066 56.2453231811524 201.813629150391 46.8212585449219 43.5243759155273 44.6402816772461 43.8149147033691 46.8791427612305 49.346508026123 57.442569732666 59.3922538757324 60.2151222229004 65.6441879272461
104.566902160645 104.218910217285 103.208587646484 101.936180114746 112.262680053711 115.315406799316 113.340492248535 113.597854614258 114.083137512207 124.029685974121 126.968002319336 128.321258544922 130.385513305664 131.709289550781 97.5690231323242 96.8856277465819 99.4754486083984 95.5860824584961 98.5481567382813 101.979393005371 91.8092956542973 80.8763961791992 70.7973251342773 67.5840759277344 69.6095352172852 70.236671447754 68.3451766967773 68.7423782348633 66.0967407226562 63.6091918945312 64.8937988281253 58.1276969909668 55.1309700012207 54.7204704284668 53.8687934875488 46.5296897888184 45.3702354431152 44.037109375 43.538631439209 43.4519462585449 45.2507362365721 50.3286361694336 52.7553596496582 52.0297966003418 59.5792961120605 65.1152572631834 71.14990234375 71.7261962890625
103.126945495605 103.549674987793 102.809532165527 102.807556152344 115.682647705078 116.266311645508 115.602592468262 115.3505859375 112.904113769531 128.322860717773 132.952209472656 132.797119140625 133.451431274414 136.33317565918 104.312126159668 106.299156188965 108.49877166748 106.855331420898 94.8885726928711 75.4534759521485 68.1667327880859 68.6790618896484 68.1029510498047 68.5908203125 67.9230194091797 65.2933197021484 66.5887145996094 66.9879302978516 82.3689117431641 54.5156364440918 53.0203323364258 53.1438941955566 78.9563522338867 43.249626159668 43.2276191711426 43.4730758666992 44.8652572631836 47.7191963195801 48.910572052002 53.4273948669434 53.743423461914 55.5566558837891 54.9907531738281 55.6427001953125 65.7701797485352 68.3635025024414 69.6815567016602 70.2429351806641
103.795707702637 102.780563354492 102.390823364258 102.404998779297 115.121757507324 113.021690368652 112.046585083008 113.81420135498 115.03392791748 136.768432617188 137.277618408203 136.72233581543 144.853302001953 148.017883300781 117.010887145996 117.774482727052 88.3980102539062 60.6150550842285 51.9820175170898 65.2021026611328 67.3428726196289 67.2405700683594 72.4465408325195 70.1897430419922 71.2402038574219 71.4342575073245 64.3464889526367 62.8285140991211 60.9302825927734 54.9755516052246 49.5447807312012 47.8587799072266 48.6115875244141 49.7284812927246 46.2548561096191 47.8118705749511 49.0908050537109 49.4522132873535 52.5431709289551 54.2962646484375 53.4316520690918 54.0655479431152 53.9024887084961 54.7118377685547 66.1108627319336 66.7161178588867 68.3202133178711 69.99169921875
