data/thuenen/dis.solea.24.max.asc
NCOLS 320
NROWS 120
XLLCORNER 2
YLLCORNER 53
CELLSIZE 0.025
NODATA_value -9999
[rows 21 to 41 of 120, columns 48 to 95 of 320]
-9999 -9999 -9999 -9999 -9999 -9999 -9999 -9999 -9999 -9999 -9999 -9999 -9999 -9999 -9999 -9999 -9999 -9999 -9999 -9999 -9999 -9999 -9999 -9999 -9999 -9999 -9999 -9999 -9999 -9999 -9999 -9999 -9999 -9999 -9999 -9999 -9999 -9999 -9999 -9999 -9999 -9999 -9999 -9999 -9999 -9999 -9999 -9999
-9999 -9999 -9999 -9999 -9999 -9999 -9999 -9999 -9999 -9999 -9999 -9999 -9999 -9999 -9999 -9999 -9999 -9999 -9999 -9999 -9999 -9999 -9999 -9999 -9999 -9999 -9999 -9999 -9999 -9999 -9999 -9999 -9999 -9999 -9999 -9999 -9999 -9999 -9999 -9999 -9999 -9999 -9999 -9999 -9999 -9999 -9999 -9999
-9999 -9999 -9999 -9999 -9999 -9999 -9999 -9999 -9999 -9999 -9999 -9999 -9999 -9999 -9999 -9999 -9999 -9999 -9999 -9999 -9999 -9999 -9999 -9999 -9999 -9999 -9999 -9999 -9999 -9999 -9999 -9999 -9999 -9999 -9999 -9999 -9999 -9999 -9999 -9999 -9999 -9999 -9999 -9999 -9999 -9999 -9999 -9999
-9999 -9999 -9999 -9999 -9999 -9999 -9999 -9999 -9999 -9999 -9999 -9999 -9999 -9999 -9999 -9999 -9999 -9999 -9999 -9999 -9999 -9999 -9999 -9999 -9999 -9999 -9999 -9999 -9999 -9999 -9999 -9999 -9999 -9999 -9999 -9999 -9999 -9999 -9999 -9999 -9999 -9999 -9999 -9999 -9999 -9999 -9999 -9999
-9999 -9999 -9999 -9999 -9999 -9999 -9999 -9999 -9999 -9999 -9999 -9999 -9999 -9999 -9999 -9999 -9999 -9999 -9999 -9999 -9999 6.22366404533386 6.20766162872314 6.76973485946654 7.32823896408081 7.88354682922363 8.03520107269292 6.77585792541504 6.08085155487061 6.00783920288086 4.63289356231689 4.1209387779236 3.74324011802673 2.48904061317446 1.81345760822296 1.71207666397095 2.14017200469971 2.06756067276001 2.041925907135 2.26166486740112 2.09927415847778 2.04844784736633 1.86395168304443 1.79615461826325 1.69160437583923 2.43306183815002 2.39886212348938 1.82190930843353
-9999 -9999 -9999 -9999 -9999 -9999 -9999 -9999 -9999 -9999 -9999 -9999 -9999 -9999 -9999 -9999 -9999 -9999 -9999 -9999 -9999 5.60404324531555 6.23966646194458 6.65386199951171 7.11309432983399 7.50233745574951 7.56816768646245 6.28455114364624 5.65041017532349 5.34598827362061 3.68460130691528 3.31948685646058 3.14571046829224 1.98446428775789 1.62308895587921 1.5353490114212 1.94334697723389 2.02545619010925 1.86093950271606 1.97904551029205 1.95303523540497 1.92737519741058 1.78999722003937 1.72616970539094 1.43593227863312 1.60222160816193 1.82109129428864 1.70337867736816
-9999 -9999 -9999 -9999 -9999 -9999 -9999 -9999 -9999 -9999 -9999 -9999 -9999 -9999 -9999 -9999 -9999 -9999 -9999 -9999 -9999 5.0364134311676 4.96842002868652 5.40175771713255 6.25556325912476 6.70356559753418 6.72165489196782 5.43786478042603 4.27028179168703 3.43260526657105 3.15157508850098 2.53052544593813 2.10521078109741 2.80352783203127 2.14228272438049 1.35775566101074 1.57296657562256 1.99684059619904 1.84676158428192 1.76229655742645 1.82842683792114 1.84783661365509 1.87634789943695 1.77813386917115 1.53624284267426 1.46282064914703 1.46163260936737 1.25045490264893
-9999 -9999 -9999 -9999 -9999 -9999 -9999 -9999 -9999 -9999 -9999 -9999 -9999 -9999 -9999 -9999 -9999 -9999 -9999 -9999 -9999 5.0364134311676 5.10440683364868 4.72812509536743 4.79361629486084 5.06910228729248 4.97182846069341 3.56998610496521 3.19324111938477 3.17037892341614 2.55801677703857 2.03383135795593 2.14713025093079 2.41348433494566 2.84679579734802 2.41358995437622 1.60452401638031 2.0834641456604 1.892298579216 1.98082053661346 1.86457526683807 1.88280987739563 1.93627154827118 2.04640531539919 1.55434453487396 1.53916156291962 1.47274959087372 1.17253255844116
-9999 -9999 -9999 -9999 -9999 -9999 -9999 -9999 -9999 -9999 -9999 -9999 -9999 -9999 -9999 -9999 -9999 -9999 -9999 -9999 -9999 4.58915734291077 4.07390785217285 4.21199083328248 3.79239797592163 4.14119577407837 4.31081676483159 3.12081098556519 2.4891541004181 2.23349595069885 2.43577337265015 2.35935497283935 2.46715092658997 2.50150895118711 3.06403708457947 3.08895993232727 2.19541311264038 2.13768267631531 2.01926493644714 2.1558780670166 2.02647852897644 1.9920072555542 2.0067446231842 1.99451184272767 1.83346092700958 1.72659194469452 1.71862483024597 1.18724489212036
6.12183952331543 6.83910655975342 6.27329111099243 6.23143291473389 6.08077335357666 6.06662130355835 6.27215003967285 6.57175827026367 6.60975980758667 6.54064178466797 6.51087999343872 6.7309627532959 6.90427875518799 7.14055490493775 7.07391166687012 7.23525381088257 7.92474412918091 7.25573015213013 7.58639287948608 7.75871753692627 7.44391345977783 7.72667789459229 6.21874809265137 6.09073305130005 5.82462310791016 5.61118173599243 5.52325439453128 4.67974376678467 4.58765077590942 4.67167329788208 4.43412923812866 4.37123155593875 3.47756743431091 3.35494804382324 3.3875777721405 3.95161938667297 4.97778749465942 1.78231763839722 1.60535871982575 1.59030437469482 1.59718894958496 1.47037637233734 1.55519568920135 1.51738917827606 1.5326691865921 1.09052753448486 1.10598134994507 0.83733731508255
6.1285834312439 6.15635347366333 6.17095613479614 6.61336278915406 6.19889116287232 6.21654176712036 6.23757171630859 6.78378057479858 6.7274250984192 6.2428674697876 6.40423202514649 6.51639938354492 6.62764120101929 6.68714809417724 6.90059614181519 7.16700410842896 7.32798433303833 6.98146152496338 7.03989458084107 6.85427904129028 7.68035173416138 8.6719446182251 6.02546787261963 5.82317447662354 5.71099519729614 5.91444683074951 5.77068710327153 4.63664245605469 4.46986675262452 3.85614800453186 4.02595663070679 3.6111650466919 3.47042727470398 3.47284960746765 3.39681339263916 3.41278266906738 3.94196343421936 1.96937000751495 1.46242666244507 1.44759798049927 1.45463895797729 1.39116895198822 1.58844137191772 1.43283200263977 1.45081198215485 1.20687031745911 1.0940603017807 0.952593684196472
6.07210111618042 5.98480319976807 5.94073915481567 6.1708345413208 6.10843372344971 6.40479516983032 5.94454908370972 6.53927707672119 6.71891593933106 6.3183798789978 6.21740055084229 6.34813785552979 6.45651340484619 6.38301801681517 7.1034574508667 7.23890495300293 7.65354013442993 6.77372789382935 6.67394304275512 7.16198444366455 7.61429786682129 7.85020685195923 6.56403303146362 6.54016494750977 6.31032466888428 5.96719455718994 6.05754184722908 3.92025876045227 3.98071455955506 3.86680102348328 3.66680932044983 3.47794032096863 3.32778358459473 3.36720156669616 3.54508495330811 3.6726086139679 4.2117223739624 3.72826409339905 1.90341138839722 1.7793083190918 1.69906628131866 1.60446739196777 1.4804220199585 1.46430194377899 1.42613697052002 1.36016702651978 1.03097236156464 1.0113719701767
6.1689019203186 6.18793344497681 5.99195384979248 6.24745082855224 6.37751722335815 6.19541358947754 6.17011213302612 6.12744569778442 6.76499176025392 6.05264711380005 6.25789737701416 6.31192922592163 6.53793859481811 6.83213376998901 6.81632423400879 7.21842384338379 7.20028638839722 6.69492053985596 7.15723133087157 7.60374736785889 7.71565771102905 8.10429382324219 6.95936775207519 6.51378297805786 6.54366588592529 6.43570899963379 6.26751852035531 4.01040077209473 4.17476415634155 4.20288610458374 3.90276575088501 3.92997264862061 3.68766164779663 3.7410967350006 3.93048024177551 4.16065454483032 4.25803422927856 2.89817571640015 2.43723773956301 1.88033604621887 1.76832127571106 1.70854961872101 1.67320871353149 1.62668895721436 1.5602400302887 1.5884040594101 1.17267036437988 1.15724229812622
6.35083103179932 6.26631498336792 5.9848051071167 5.99582958221435 6.11040019989014 6.20104646682739 6.42901945114136 6.49637174606323 6.3150863647461 5.80643510818481 5.85956907272339 6.63436365127564 6.34538316726685 6.61541938781737 7.13320112228394 7.17183446884155 7.14356851577759 6.95207118988037 7.3773078918457 7.75390577316284 8.16738033294678 8.13822841644287 6.93916654586792 7.02762079238892 7.02347087860107 6.87877893447876 6.81439304351814 4.73714923858643 4.68673372268677 4.61886692047119 4.46742391586304 4.38345813751222 4.16046094894409 4.18579578399658 4.20452928543091 4.26910352706909 4.40035963058472 2.84534859657288 4.06037044525154 1.9775013923645 1.8024582862854 1.79642832279205 1.79304265975952 1.71360766887665 1.67527437210083 1.62781298160553 1.33540034294128 1.16105437278748
6.52780485153198 6.81425046920776 5.87139654159546 5.97128009796143 5.7265887260437 5.95477771759033 6.27459621429443 5.30001974105835 5.1463851928711 4.88294553756714 4.75861263275146 5.15014934539795 4.79758596420288 4.90963029861451 4.753662109375 4.75716400146484 4.86645746231079 6.69140100479126 7.34077119827271 7.13980722427368 6.88367891311646 6.95805025100708 5.68179321289062 5.88500690460205 5.80068445205689 5.76537466049194 5.60052108764653 4.31897449493408 3.97116565704346 4.01972579956055 3.94993424415588 3.72962999343872 3.66580939292908 3.63372111320496 3.54456901550293 3.5760452747345 3.41417837142944 3.60303926467896 5.09729719161994 3.1454074382782 2.93672323226929 2.88490295410156 2.06492567062378 1.81667470932007 1.75639462471008 1.74048137664795 1.72575831413269 2.03904604911804
6.59707546234131 6.82370853424072 5.75598764419556 5.95733737945557 5.74472570419312 5.89595556259155 6.35759258270264 5.38317918777466 5.37034034729004 5.27341651916504 5.31479930877686 5.08891773223877 4.45769119262695 4.45558261871338 4.60796976089478 4.7789568901062 4.90888738632202 5.74081420898438 6.17801141738892 6.22187089920044 6.21894264221191 6.6802453994751 5.55239915847778 6.1016616821289 6.23923254013062 6.77806949615479 5.64896726608281 4.36322355270386 4.48130512237549 4.39224910736084 4.52791166305542 4.07811021804811 3.80012202262878 3.80776810646058 3.70037508010864 3.37137675285339 3.4354727268219 3.54466366767883 4.01312875747683 3.29357767105102 3.0188570022583 2.98691272735596 2.35306692123413 1.9812263250351 1.76971197128296 1.74754202365875 1.73303496837616 2.05248594284058
6.60829639434815 7.48452472686768 6.01785945892334 5.97925806045532 5.90535020828247 5.8126277923584 6.40398025512695 4.8153772354126 4.87425947189331 4.93985223770142 4.94608068466187 4.91050958633423 4.634521484375 4.77580738067627 4.79140615463257 4.84038019180298 4.91415739059448 6.14086437225342 6.32142782211304 6.07177495956421 5.82171821594238 6.20624303817749 5.2730917930603 5.68923282623292 5.36966276168823 5.40855550765991 5.26332044601444 4.27688646316528 4.02435255050659 3.99193429946899 4.04119443893433 3.69734096527098 4.22493505477905 3.63242363929749 3.64615559577942 3.8076503276825 4.05695486068726 4.06730222702026 4.52602815628054 4.03708982467651 3.82779097557068 3.45150661468506 3.20166444778442 2.28152370452882 1.97065770626068 1.87059271335602 1.87602436542511 2.10784077644348
7.64561653137207 7.9913821220398 6.1170539855957 6.07314682006836 5.77575874328613 5.76564264297485 6.06491708755493 4.73371887207031 4.69963121414184 4.76442575454712 4.79042482376099 5.00586318969727 4.84282112121582 4.75912380218506 4.94296455383301 4.97548055648804 5.37983322143555 6.14649534225464 5.69595766067504 6.05879688262939 6.01024436950684 6.14279937744141 5.25383234024048 5.49753046035767 5.3060131072998 5.34863090515137 5.18484592437748 4.25997447967529 4.03522443771362 3.9608952999115 3.97094988822937 3.67964100837706 4.04022979736328 3.87955403327942 3.86299395561218 3.90734696388245 4.04393243789673 4.21032619476318 4.46942853927614 4.05428647994995 4.14452981948853 3.7320830821991 3.42985272407532 2.87855958938599 2.74319624900818 2.16710233688354 2.27147555351257 2.50586271286011
7.64539432525635 7.71892499923706 5.73491048812866 5.41269063949585 5.45024251937866 5.7513337135315 5.63913249969483 4.36701822280884 4.37560081481933 4.70619487762451 4.83190155029297 4.94616460800171 4.75739669799805 4.71297216415405 4.87393522262573 5.22264766693115 5.46399021148682 5.94738864898682 5.99395561218262 5.60512256622314 6.03963327407837 6.19617366790771 4.92824554443359 5.24127960205079 4.95244550704956 4.98586559295654 4.86270523071292 4.10637283325195 4.07947587966919 3.97322225570679 4.05132627487183 3.79650592803954 3.98606634140015 3.86847734451295 3.70852971076965 3.73137474060059 3.74358034133911 3.80238366127014 4.23123788833619 3.91956424713135 3.67969298362732 3.78467893600464 3.72530388832092 3.44563722610475 3.01316595077515 2.77548909187317 2.71812796592712 2.61879110336304
6.20229196548462 6.06145811080933 5.23566579818725 4.56127500534058 4.23269987106323 4.04505300521851 4.47967433929443 4.25171804428101 4.14603567123413 4.3194694519043 4.43270826339722 4.66237354278564 5.81341314315796 5.76960134506225 5.85129356384277 6.08872079849243 5.74081897735596 4.39149427413941 3.90864324569702 3.84383940696716 3.9127197265625 4.16760110855103 2.95315623283386 2.76195478439331 2.66617488861084 2.71992325782776 2.57613134384151 3.68463158607483 3.75833439826965 3.86602473258972 3.91569256782532 3.74897527694701 4.0559515953064 3.83943343162537 3.82662534713745 3.87682199478149 3.89268279075623 6.09526205062866 6.32047462463384 4.94586181640625 4.60658645629883 5.11140203475952 4.90819072723389 4.88090801239014 4.82879304885864 4.72572183609009 4.43601417541504 3.88537216186523
6.02732086181641 6.21382761001587 5.10213756561279 4.47125339508058 3.88460159301758 3.88583064079285 4.01188945770264 3.7516040802002 3.64582037925719 4.10264301300049 4.07698726654053 4.22862195968628 6.3813648223877 6.19194078445434 6.50131034851074 5.89551067352295 5.88681173324585 3.9426600933075 3.78060364723206 3.80049157142639 3.88951110839844 3.8819477558136 2.82601594924927 2.66135096549988 2.30204224586487 2.14754295349121 2.17888307571407 3.42971229553223 3.62808895111084 3.66425204277039 3.84855270385742 3.7598407268524 4.22853422164917 4.15404176712036 4.12408494949341 4.2020263671875 4.03766393661499 6.27366685867309 6.68911504745489 5.04822111129761 4.67598819732666 4.94582509994507 5.04650974273682 4.90928173065186 4.80374765396118 4.86605310440063 4.7727632522583 3.89674353599548
