data/thuenen/dis.solea.min.23.asc
NCOLS 320
NROWS 120
XLLCORNER 2
YLLCORNER 53
CELLSIZE 0.025
NODATA_value -9999
[rows 21 to 41 of 120, columns 192 to 239 of 320]
1.43443334102631 1.44453799724579 1.37194037437439 1.4669497013092 1.43651473522186 1.61083567142487 2.11486530303955 2.0256335735321 2.41501522064208 2.72946023941041 2.97414898872375 2.56166100502014 2.2159481048584 2.30061173439026 2.29154205322265 2.2382493019104 2.00432848930359 1.69657707214355 1.3394969701767 1.3836716413498 1.65769171714783 1.94830799102783 2.40103721618652 2.66539144515991 2.58496999740602 2.90945935249329 2.86073756217957 2.87381172180176 2.67943501472472 3.10332703590393 3.12480497360229 2.87896132469177 2.76009202003479 3.07681584358212 3.94766521453861 4.94296455383301 5.11711263656616 4.56139612197876 4.23029327392577 4.41653156280516 3.9369535446167 4.67388582229614 4.3762412071228 8.14959812164305 8.60781478881836 8.7370491027832 4.76877355575562 4.75004482269287
1.33474969863892 1.40933537483215 1.28616762161255 1.14940667152405 1.42748773097992 1.39652073383331 1.59231603145599 2.06428742408752 2.40723538398742 2.57757735252381 2.80702590942383 2.87461018562317 2.90445756912231 2.14978981018066 2.22950744628906 2.26547622680664 2.14597249031067 1.79827439785004 1.40283727645874 1.47966432571412 1.6824723482132 2.07351398468018 2.55857658386231 2.66851997375488 2.67311477661133 2.70458078384399 2.82501888275146 2.87149095535278 2.74493503570555 3.0799503326416 3.12492489814758 2.88838934898377 2.80868673324585 3.08027029037475 3.16768789291385 4.06637573242188 5.50346851348877 4.86929655075073 5.19932460784915 4.48063468933104 4.09384155273438 3.69786858558655 4.42742347717285 5.3764305114746 5.53486251831054 5.35383081436157 4.64008045196533 5.00582838058472
1.2636296749115 1.3961466550827 1.30326962471008 1.14508867263794 1.14435160160065 1.41824376583099 1.42415499687195 1.67826294898987 2.44079899787903 2.51243758201602 3.20152401924133 2.79589915275574 2.51809525489807 2.60254120826722 2.25561261177062 1.962571144104 1.57422471046448 1.55277836322784 1.46332895755768 1.49447572231298 2.96503400802612 2.21264171600342 2.86253261566162 2.95188570022583 2.88392066955566 2.64313697814941 2.7647876739502 3.01991629600525 2.91090536117553 3.19011378288269 3.22064399719238 2.94450688362122 2.77463889122009 3.15171623229981 3.10861968994141 3.23179006576538 4.4884181022644 5.22864866256714 5.80541086196904 4.5144190788269 4.26062870025635 4.45296001434326 3.31379413604736 4.61415958404541 4.68966865539551 4.7468523979187 4.74430704116821 4.25094032287598
1.28215396404266 1.44233334064484 1.26740729808807 1.15613400936127 1.13143873214722 1.21445167064667 1.15688633918762 1.39572167396545 3.53125429153446 2.55989265441895 2.63210391998291 3.05214214324951 2.54680895805359 2.52767229080201 2.31863331794737 1.96523356437683 1.65103375911713 1.32492232322693 0.867745339870444 1.11660194396974 1.38255500793457 2.58278894424439 3.63384342193604 3.39997601509095 3.29748511314392 3.17258358001709 3.31308102607727 3.19636607170105 2.94909477233886 3.25869631767273 3.3497200012207 2.92965626716614 2.89359331130981 3.33515000343324 3.10033321380616 3.22574186325073 3.57210516929626 4.30001020431519 6.92648601531989 5.14658403396605 4.83603143692017 4.79793691635132 3.97903633117676 5.2392897605896 5.17837858200075 5.68396139144897 6.30946016311646 5.4237265586853
0.557168006896973 0.959083497524261 1.13690996170044 0.723006010055542 0.595707654953003 0.647280156612396 0.574236154556274 0.458150148391724 2.07674002647398 2.63161087036136 3.39548492431641 2.97228574752808 3.22499418258667 2.00338196754456 1.8397500514984 1.49305665493011 1.3389093875885 1.36753141880035 0.825291693210597 0.949369370937351 1.05322074890137 1.07760334014893 0.950951278209686 1.02493834495545 0.987453341484069 0.964567005634308 0.777459025382996 0.888457357883453 1.15741634368895 1.47479128837587 1.82157528400421 1.08067572116852 0.979502320289612 2.65170407295227 2.58099341392515 2.04733753204346 1.68716430664062 1.05545437335968 2.42725706100464 2.46119809150702 4.19405889511108 3.05448174476624 2.95765399932861 2.99454569816589 2.93690299987792 2.71150803565979 2.89278793334961 3.92151165008545
0.431884318590164 0.837733328342438 1.5319664478302 0.862459361553192 0.531726837158203 0.442180156707764 0.551018118858337 0.672772169113159 1.85948240756987 2.36881399154669 4.04862260818481 2.73305511474609 2.39995074272156 1.69786727428436 1.68951308727265 1.83668899536133 1.33021783828735 1.35622751712799 0.892144262790683 0.795970618724823 0.798167288303375 0.884711265563965 1.0410475730896 0.531652331352231 0.607432007789606 0.432787001132965 0.392948985099792 0.451032996177673 0.620171010494194 1.68060171604159 2.49181461334229 1.05986070632935 0.96684068441391 2.57651495933532 2.697199344635 2.52960634231567 2.49808645248413 0.745807647705078 1.50277936458588 1.48610329627994 2.35698843002319 2.725013256073 2.67913436889648 3.02420520782471 2.86310958862305 3.07423281669617 3.17683553695679 3.43592190742493
0.951168358325958 0.985857665538788 1.0438871383667 0.489936470985413 0.555920124053955 0.587665140628815 0.820547163486481 0.706416964530945 1.54476284980774 1.40856909751893 1.55300390720367 1.49395382404327 1.46724486351013 1.60156965255738 1.52853035926819 1.53901636600494 1.37291502952576 1.40451693534851 0.948089957237248 0.838394939899444 0.831315934658051 0.780322909355164 0.953166246414185 0.426423996686934 0.464790672063829 0.493254989385605 0.387163668870926 0.35338032245636 0.428743660449951 1.28368699550631 2.0080246925354 1.76470768451691 1.3559672832489 2.55777549743652 2.5121340751648 2.54011011123657 2.68010759353638 2.01032567024231 2.40336441993717 1.39209365844728 1.68781769275665 2.84007167816162 2.56007075309753 2.9182379245758 2.96150469779968 3.0155200958252 3.17849898338318 3.61834287643433
0.913085997104645 0.618739664554596 0.700509309768677 0.361791461706161 0.436887472867966 0.623051822185516 0.662036061286926 0.567768692970276 1.41495227813722 1.0392210483551 0.882317185401917 0.724323153495789 1.27223420143127 1.2101411819458 1.2989627122879 1.3364874124527 1.3502231836319 1.27719449996948 0.924116730690002 0.937370419502258 0.927007436752319 0.86429226398468 1.02948427200317 0.696113348007211 0.456982672214508 0.466258674860001 0.466217994689941 0.467127323150635 0.306246340274782 1.12812030315402 1.80951404571533 1.71693098545074 1.6078976392746 2.85445117950441 2.48550367355347 2.58545970916748 2.77498936653137 2.51995658874512 2.37791132926941 2.25641632080076 1.71101868152618 2.1256046295166 2.67859697341919 2.99785923957825 3.00823569297791 3.12396597862244 3.31413245201111 4.27641201019287
0.67611163854599 0.735610663890839 0.674425661563873 0.489839673042297 0.601923048496246 0.547030389308929 0.483474045991898 0.479659706354141 1.21082508563995 1.23117268085479 0.968144536018372 1.10258460044861 1.63374733924866 1.36617553234101 1.28041779994965 1.38710868358612 1.54237878322601 1.67075932025909 0.856147944927212 0.955458581447597 0.83544659614563 0.833682298660278 0.953005611896515 0.59682166576386 0.446881651878361 0.566796004772186 0.531288027763367 0.542413651943207 0.359029322862599 1.09650135040285 1.63792872428894 1.53141832351685 1.67729294300079 2.84131669998169 2.68855357170105 2.6875262260437 2.80820918083191 2.27759861946106 2.42700195312499 2.63299036026002 2.90625667572021 2.33075404167175 2.70694208145142 2.95895624160766 3.10215640068055 3.18125128746033 3.51917457580566 4.26300477981567
0.571793675422668 0.667275011539459 0.758745670318604 0.834047317504883 0.777790009975433 0.668963015079498 0.544173657894135 0.613384008407593 0.404387563467024 0.466558545827856 0.194252550601959 0.0995893329381943 0.333415329456329 0.859723567962644 0.912909865379347 1.28662145137787 1.22816026210785 1.06631600856781 0.600287616252899 0.59425294399261 0.460192948579788 0.454908967018127 0.576760947704315 1.26081335544587 1.13221204280853 1.10557734966278 1.21808898448944 1.22279596328735 2.70426654815671 3.38580489158631 3.58231520652771 3.59946036338806 3.62517404556274 6.25205850601198 5.75182723999023 5.55499744415283 5.89420366287231 4.14163112640381 3.69270396232605 3.63362288475038 3.98070955276489 3.68528532981873 3.99326133728027 4.81210613250732 4.85225105285644 4.81953382492065 5.50197649002075 5.28093528747559
0.919247329235077 1.1057813167572 1.01423537731171 0.97828608751297 0.800672113895416 0.731112778186798 0.728607773780823 0.703880786895752 0.610194802284242 0.579177141189565 0.280259042978287 0.355249017477035 0.361089795827866 0.58873009681701 0.773156106472015 0.760759949684143 0.945477426052094 0.953911423683167 0.594483315944671 0.599058687686918 0.550865352153778 0.579627990722656 0.611863017082214 1.23321604728699 1.15642297267913 1.0248099565506 1.08598697185516 1.11540162563324 2.79333400726315 3.59859442710876 3.49452304840088 3.51800990104675 3.53365874290466 6.18179178237918 5.47692823410034 5.43259716033936 5.36730241775513 4.14452123641968 3.65435075759886 4.10320425033567 3.43757152557373 4.37494421005249 4.10559225082397 4.84404039382934 4.89643335342407 4.92199516296387 5.71316432952881 5.28862810134888
1.31661510467529 1.25423610210419 1.1880065202713 1.05514919757843 0.985097885131836 1.22038459777832 1.24134624004364 0.968520224094391 0.654271900653841 0.605163693428035 0.49009570479393 0.3350590467453 0.33205372095108 0.635991692543029 0.667175710201263 0.659135520458221 1.00170373916626 1.34120905399323 1.08396637439729 0.841867029666894 0.646078646183014 0.498805344104767 0.621546685695648 1.06932997703552 1.03703534603119 1.04946231842041 1.08752799034119 1.19478499889374 3.17507791519164 3.51974844932556 3.3881630897522 3.38931441307068 3.33810067176819 5.55711317062377 5.69969844818115 5.50663709640503 4.30805206298828 4.53628778457642 4.59105491638184 4.34554815292357 3.86296224594116 4.08077335357666 3.99123001098633 4.84421920776367 4.84563159942628 5.00518608093262 5.53702783584595 5.227858543396
1.55397546291351 1.43273115158081 1.26000952720642 1.00853455066681 0.955041885375977 0.957047581672668 0.921490252017975 0.949433267116547 0.688234210014345 0.637782156467438 0.657129168510437 0.68964147567749 0.460921138525009 0.644701898097989 0.733037829399112 0.815805852413177 0.790106534957886 0.926280319690704 0.944977641105655 0.853533029556272 0.790742993354797 0.929656982421875 1.00743865966797 1.24770200252533 1.31258630752564 1.32943296432495 1.35021638870239 1.44498634338379 3.83956027030943 4.19920825958252 4.13445234298706 3.57063174247742 3.4519157409668 5.38746118545525 7.30153036117549 6.08343744277954 4.85424375534058 5.7602071762085 4.09323310852052 3.8066828250885 3.82212567329407 3.93868184089661 4.07644605636597 4.95284843444825 4.83012485504151 5.03187084197998 5.2947211265564 5.31320333480835
1.37895786762238 1.17224419116974 0.993943452835083 0.786482214927673 0.846371471881866 0.9685338139534 0.892776787281036 0.952207803726196 0.709225118160245 0.771059811115264 0.742240130901337 0.416301816701889 0.447534143924713 0.473808288574216 0.55767685174942 0.543872177600861 0.410825371742249 0.38848939538002 1.02485597133635 1.43548631668091 1.59401965141296 1.20850801467896 1.50318336486816 1.77084898948669 1.8134343624115 1.80922794342041 2.03016304969788 2.16368508338928 5.4642543792724 7.0870914459228 5.73427677154541 4.61106252670288 4.23666191101074 6.45001173019405 7.54658889770532 14.340630531311 6.2170090675354 5.58417415618897 4.13605356216432 3.89186358451843 3.85701489448547 3.90929913520813 4.06053113937378 5.01027393341065 4.90221643447877 5.18450546264649 5.38233613967896 4.64370822906494
1.08324718475342 0.978590130805969 0.848040163516998 0.612184822559357 0.49210113286972 0.549245834350586 2.02051186561584 0.709263801574707 1.15573894977568 1.60746860504151 1.88794219493866 1.5384875535965 1.07932925224304 1.02210783958435 1.04453313350677 0.958219468593598 1.14083349704742 1.08418750762939 2.18867540359497 2.30389523506165 2.41447997093201 2.50558733940125 2.55099129676819 1.36534762382508 1.21700894832611 1.11208963394165 0.981887638568878 1.13474094867706 1.98392200469966 3.20874691009522 3.27894425392151 2.47566223144531 2.38553428649902 2.5679383277893 2.73335671424875 5.26397466659546 4.61914205551147 4.20685148239136 4.61901140213013 4.50332832336426 4.42799234390259 4.49647188186646 5.07410621643066 5.58251714706421 5.53849744796753 5.44466066360474 5.27341890335083 4.7291259765625
0.867672681808472 0.822669684886932 1.0386233329773 0.59290999174118 0.600224673748016 1.39740633964539 1.59659266471863 1.50380396842957 1.65201270580292 1.70439743995667 1.86133122444153 1.80630719661713 1.43329560756683 1.17215514183045 1.01625013351441 1.12659585475922 1.20084285736084 1.25950849056244 2.23281931877134 2.81783604621888 3.08304858207703 3.60667395591736 2.75734925270081 1.28058063983918 1.20686900615691 0.968743681907654 0.919406354427338 0.810147345066071 1.78808832168574 3.35707855224604 1.93867468833923 1.99226069450378 2.23658204078674 2.24495196342464 3.55692052841189 4.29611921310425 4.60317230224609 4.0904541015625 4.75560331344604 4.98682737350463 4.6246018409729 4.75851392745972 4.84588289260864 5.17216444015503 5.26964378356933 5.06006002426147 5.0367431640625 4.32489538192749
1.0543886423111 1.04099035263062 1.77737259864807 1.6110166311264 1.54592370986938 1.63313031196594 1.68491733074188 1.69996237754822 1.78914844989776 1.92268478870391 1.66398310661316 1.89972877502441 1.67557847499847 1.99353909492495 1.40842008590698 1.38601243495941 1.35349380970001 1.71679294109345 2.39597392082213 2.90417599678039 2.69236660003662 2.81254696846008 2.48068356513977 1.32194328308105 1.56747722625733 1.61785101890564 2.291827917099 2.34652090072632 2.99414992332458 2.98599433898926 3.19096755981445 2.9692816734314 3.06928992271423 3.21467113494868 4.4834446907044 5.91961050033569 5.41376447677612 4.08729648590088 4.81854963302613 4.721022605896 4.77232885360718 5.11701965332031 4.59862899780273 5.04582548141479 5.11711072921752 4.88828420639038 4.96672821044922 4.48272228240967
1.77213251590729 1.95394062995911 1.93846261501312 1.71311497688293 1.65646839141846 1.69707727432251 1.63525938987732 1.8134046792984 1.79981112480163 2.08074450492859 2.10480403900146 1.88583981990814 1.9211790561676 2.42692971229553 2.35029506683346 1.36053049564362 1.18073046207428 1.16617786884308 2.11737775802611 2.40735697746278 2.7315948009491 2.74015426635742 2.80988574028015 1.52018165588379 1.62916672229769 2.24919557571411 2.43856644630432 6.00654697418213 7.12282228469848 7.33174276351933 8.4956750869751 8.41519832611084 9.26920986175537 9.90729427337666 4.25429773330694 5.93357229232788 5.38303756713867 4.06452083587646 5.19583368301393 4.81462526321413 5.37494087219238 5.13962268829346 4.50536775588989 4.77026844024656 5.28096437454222 4.8738317489624 4.5373363494873 4.94847059249878
1.96148920059204 2.0349760055542 2.0660195350647 1.74264633655548 1.717489361763 1.81134295463562 1.93146467208862 1.98081803321838 2.21009206771851 2.0402936935425 2.50304579734802 2.13771820068359 1.62785971164703 1.22894883155823 1.09281611442566 1.09128713607788 0.977014422416687 1.17231547832489 2.06088256835937 2.11612176895144 2.80867624282837 2.64423632621765 2.54614496231079 1.36056804656982 1.37727165222169 1.69244301319122 1.86746501922607 2.41213893890381 3.07174873352037 6.91319751739508 8.5253381729126 8.36338520050049 8.97719669342041 10.8883981704714 4.30733728408819 5.90702438354492 5.28069877624512 3.88807988166809 5.00519752502441 5.20218896865847 5.75872611999512 5.12069272994995 4.389000415802 4.70015335083008 4.51118087768556 4.84629821777344 5.04084587097168 4.03042936325073
2.18933248519898 2.28109192848206 2.28603720664978 1.93502020835876 1.94036722183228 2.12383460998535 1.51512885093689 1.52722465991974 1.62952840328217 1.53641474246977 1.10629045963287 1.09271240234375 0.927671790122986 1.3120344877243 1.30654108524323 1.31276452541351 1.35663795471191 1.46766495704651 1.75002896785736 1.86668097972869 1.7270096540451 1.94322597980499 2.29009008407593 5.60250186920171 4.17397451400759 4.81696510314941 4.91610479354858 4.73388671875 4.77822971343982 8.11678886413581 9.97791767120361 9.8874454498291 10.5994434356689 14.1242618560793 8.74630165100103 10.2486562728882 9.25718975067139 7.92310523986816 5.80664777755737 5.9559874534607 6.26291656494141 6.06948041915894 5.31005716323853 4.74652814865113 4.63919544219973 5.41577911376953 3.87338256835938 3.30660510063171
2.41033387184143 2.37001419067383 2.41638851165771 2.16346120834351 2.16570615768433 1.47654938697815 1.55746138095856 1.35141003131866 1.12888240814209 1.07637679576874 1.03951930999756 1.0519073009491 1.00826013088226 1.33581304550171 1.36854195594787 1.29739332199097 1.38108360767365 1.53760004043579 1.70957267284393 1.69971895217896 1.84880769252777 1.85750937461853 2.1980607509613 4.73272800445557 4.56901884078979 4.43982315063477 4.77941179275513 4.79501628875732 4.17972421646116 4.67678356170672 9.70419406890869 10.4876413345337 11.3275556564331 13.999185562134 8.8704109191895 10.179087638855 9.19448375701904 7.96864414215088 6.27783250808715 6.35317754745482 5.84911155700684 5.71889686584473 5.40787839889526 4.91366195678709 5.39673233032221 3.85523915290832 2.85196900367737 2.74545121192932
