data/thuenen/dis.solea.min.23.asc
NCOLS 320
NROWS 120
XLLCORNER 2
YLLCORNER 53
CELLSIZE 0.025
NODATA_value -9999
[rows 42 to 62 of 120, columns 240 to 287 of 320]
2.39861917495729 2.25261545181273 2.04244804382324 3.5014750957489 4.05355215072632 1.57248008251194 1.08057272434232 0.690960824489594 0.931172966957092 1.02046847343445 0.661466777324709 0.205591231584545 0.145855978131294 -9999 0.120593219995499 1.37167239189148 1.29710400104522 1.17576467990875 1.10879147052765 1.2002626657486 5.40964889526369 5.10764694213865 4.73669958114624 4.74486064910889 4.4028697013855 4.13743495941162 -9999 -9999 -9999 -9999 -9999 -9999 -9999 -9999 -9999 -9999 -9999 -9999 -9999 -9999 -9999 -9999 -9999 -9999 -9999 -9999 -9999 -9999
2.21579360961915 2.08547854423523 2.04944181442261 3.86544823646545 3.84388279914856 1.50002837181093 1.24372673034663 0.485905379056931 0.848628222942352 0.934235632419586 0.536382138729121 0.173142254352568 -9999 -9999 0.120593219995499 4.52142858505263 2.57673597335806 1.1799978017807 1.10855042934418 1.20250236988068 5.28545856475834 4.77450132369993 4.47819185256958 4.54944372177124 4.57156801223755 -9999 -9999 -9999 -9999 -9999 -9999 -9999 -9999 -9999 -9999 -9999 -9999 -9999 -9999 -9999 -9999 -9999 -9999 -9999 -9999 -9999 -9999 -9999
2.1395623683929 2.70414686203002 2.57132077217102 3.66116571426392 3.53713536262512 1.50227618217469 1.32402467727659 1.01386320590973 0.937216877937317 1.00393712520599 0.719118475914051 0.0183630846440847 -9999 -9999 -9999 4.52142858505248 4.70691442489622 4.4321608543396 4.02150869369507 3.69422793388367 6.75738954544068 6.70092821121215 6.64664649963379 4.54944372177124 -9999 -9999 -9999 -9999 -9999 -9999 -9999 -9999 -9999 -9999 -9999 -9999 -9999 -9999 -9999 -9999 -9999 -9999 -9999 -9999 -9999 -9999 -9999 -9999
3.20605635643008 2.86691045761106 2.52798414230347 3.6128146648407 3.64138102531433 2.98169994354252 2.36974573135372 1.84928548336029 1.88942301273346 1.96958959102631 0.180316165089536 1.19002783298498 2.00760746002197 2.41284894943237 3.07074666023254 4.18824768066406 4.22533082962034 3.89331865310669 3.4387366771698 3.38738369941711 5.355694770813 5.13753175735475 5.31234931945801 5.55994367599487 -9999 -9999 -9999 -9999 -9999 -9999 -9999 -9999 -9999 -9999 -9999 -9999 -9999 -9999 -9999 -9999 -9999 -9999 -9999 -9999 -9999 -9999 -9999 -9999
2.56015253067017 2.52279210090638 2.60782074928284 3.05483222007751 3.70186734199524 2.11770081520081 2.02415347099304 1.98251640796661 1.81310200691223 1.86210536956787 0.253218829631812 2.12388312816619 2.00760746002197 2.66253852844238 3.13322758674622 4.18824768066406 4.22533082962034 3.89331865310669 3.4387366771698 3.47755217552185 5.05889320373535 5.09395360946656 5.21900367736816 5.46517133712769 5.33894824981689 -9999 -9999 -9999 -9999 -9999 -9999 -9999 -9999 -9999 -9999 -9999 -9999 -9999 -9999 -9999 -9999 -9999 -9999 -9999 -9999 -9999 -9999 -9999
2.47485661506653 2.45667910575867 2.54231190681458 2.60433483123779 2.47161817550659 2.21506452560423 2.44092941284177 2.00515246391296 2.08841753005981 1.75649690628052 0.0664275586605084 2.13955175876618 2.24015879631042 2.73929476737976 3.45311212539673 4.22230195999145 4.26385545730589 4.04018115997314 3.64057302474976 3.71433997154236 5.19315814971924 5.20289373397829 5.49418067932129 5.44751930236816 5.33894824981689 5.5978899002075 -9999 -9999 -9999 -9999 -9999 -9999 -9999 -9999 -9999 -9999 -9999 -9999 -9999 -9999 -9999 -9999 -9999 -9999 -9999 -9999 -9999 -9999
3.17981219291691 2.53668785095214 2.4761176109314 2.59438967704773 2.59356284141541 1.89901018142698 2.14861822128301 2.89613604545593 1.94248950481415 0.914200246334076 0.0335823334753502 2.13955175876617 2.03894472122192 3.03750944137573 3.41156506538391 4.25034999847413 4.10751056671141 3.85615921020508 3.65455746650696 3.88625073432922 5.19799852371215 5.36301422119141 5.43532800674438 5.4461464881897 5.51858949661255 5.90052223205566 5.89688205718994 -9999 -9999 -9999 -9999 -9999 -9999 -9999 -9999 -9999 -9999 -9999 -9999 -9999 -9999 -9999 -9999 -9999 -9999 -9999 -9999 -9999
3.1897456645966 2.53650641441345 2.52920818328857 2.75257611274719 2.83983373641968 1.33646309375765 1.08825576305392 1.39849674701691 1.47451937198639 1.368279337883 0.079528763890268 1.23738931119436 0.435833901166916 2.78404641151428 3.27583718299866 3.77711367607118 3.62491226196285 3.1058201789856 3.13504862785339 3.22934174537659 4.76368856430063 3.48834705352794 5.01862239837646 5.22988939285278 5.328848361969 5.59717655181883 5.89728879928589 5.88240528106689 -9999 -9999 -9999 -9999 -9999 -9999 -9999 -9999 -9999 -9999 -9999 -9999 -9999 -9999 -9999 -9999 -9999 -9999 -9999 -9999
1.82487869262696 1.69996082782746 1.84273159503937 1.89270389080048 1.97747850418091 0.204958260059356 0.217753544449798 0.108662024140358 0.109500788152218 0.232552245259285 1.4286584854126 1.34116816520691 1.38160789012909 1.83234989643097 3.05040001869202 4.0276384353638 -9999 -9999 -9999 -9999 -9999 -9999 2.12730032205582 2.52546310424805 3.1601243019104 3.8116557598114 3.82868337631226 3.9834578037262 -9999 -9999 -9999 -9999 -9999 -9999 -9999 -9999 -9999 -9999 -9999 -9999 -9999 -9999 -9999 -9999 -9999 -9999 -9999 -9999
1.77129662036894 1.94653463363646 1.73322057723999 1.88756728172302 1.8627153635025 0.289041876792921 0.101854689419266 0.0555400550365448 0.0442628189921379 0.0253614522516727 1.33636009693146 1.3411681652069 1.17766153812408 0.878475904464722 1.07278323173523 3.03904843330384 2.99187469482416 -9999 -9999 -9999 -9999 -9999 1.71246683597565 1.72913753986359 3.04643750190735 3.80703568458557 3.76815581321716 3.96937441825867 4.00885629653931 -9999 -9999 -9999 -9999 -9999 -9999 -9999 -9999 -9999 -9999 -9999 -9999 -9999 -9999 -9999 -9999 -9999 -9999 -9999
1.86048865318297 1.9950896501541 1.86472916603088 1.92808830738068 2.03817844390869 0.349907815456411 0.062825977802274 0.0259302612394095 0.0232654996216297 0.0366309285163879 1.09210896492007 0.751828312873845 0.812914669513702 0.923900157213211 0.929811179637909 3.06227946281434 2.99187469482416 2.13408541679382 2.02165961265564 1.65665340423584 1.54213917255401 1.59862053394318 1.71573781967163 1.69579613208771 3.16699743270874 3.79433584213257 3.75763916969299 4.00412178039551 4.11775493621826 3.9392077922821 -9999 -9999 -9999 -9999 -9999 -9999 -9999 -9999 -9999 -9999 -9999 -9999 -9999 -9999 -9999 -9999 -9999 -9999
1.42626225948329 2.03384041786196 2.28450107574463 2.03808403015137 2.2811975479126 0.352621346712131 0.0946723446249911 0.0237064994871616 0.0256358329206705 0.0341978333890438 0.68240481615066 0.754675149917607 -9999 0.923900157213211 0.917989134788513 3.34007000923158 3.19509005546564 2.31924438476562 2.02165961265564 1.65665340423584 1.54213917255401 1.59862053394318 1.71573781967163 2.50439763069153 3.14259934425354 3.7886393070221 3.75763916969299 4.13547325134277 4.20479679107666 4.02987432479858 -9999 -9999 -9999 -9999 -9999 -9999 -9999 -9999 -9999 -9999 -9999 -9999 -9999 -9999 -9999 -9999 -9999 -9999
1.35887074470515 2.04555559158328 2.37898564338684 2.1248505115509 2.27572345733643 0.263929247856142 0.242631256580337 0.020439499989152 0.0328098796308041 0.0409801676869392 0.693696141242978 0.73133248090744 0.71966952085495 -9999 0.917989134788513 3.42386460304259 3.66373276710504 2.76934432983398 1.9378182888031 1.83835470676422 1.63190650939941 1.69554448127752 2.48857450485229 2.50439763069153 3.14259934425354 3.78863930702208 3.96828508377075 4.18555402755737 4.2422776222229 4.00374698638916 -9999 -9999 -9999 -9999 -9999 -9999 -9999 -9999 -9999 -9999 -9999 -9999 -9999 -9999 -9999 -9999 -9999 -9999
1.697390794754 2.10028743743898 2.34052062034607 2.1531834602356 2.00901055335999 0.389028668403639 0.199948772788035 0.0268539991229773 0.04012680798769 0.0795201435685158 0.495752215385443 0.410135358572006 0.406151115894318 0.376251101493835 0.41644486784935 0.370556056499481 0.365963816642762 0.381679832935333 0.622532069683075 0.959464430809021 2.81999564170838 2.80000519752505 3.22729921340942 3.40164804458618 3.68354249000549 4.04797315597534 4.01327133178711 4.02010202407837 4.089280128479 4.06729459762573 -9999 -9999 -9999 -9999 -9999 -9999 -9999 -9999 -9999 -9999 -9999 -9999 -9999 -9999 -9999 -9999 -9999 -9999
2.22703695297241 2.22743511199955 2.69772338867187 2.65109133720398 2.26282978057861 0.405309140682233 0.221522778272617 0.0548739992082119 0.0277773328125477 0.0362506657838821 0.357879459857941 0.353817015886307 0.363511115312576 0.411035269498825 0.41644486784935 0.281283825635905 0.346117526292801 0.352323532104492 0.372193157672882 0.475912004709244 2.23459386825558 2.76503348350529 3.29359722137451 3.43479204177856 3.79938244819641 4.04975318908691 4.06732320785522 4.09229326248169 4.09381151199341 4.09339189529419 -9999 -9999 -9999 -9999 -9999 -9999 -9999 -9999 -9999 -9999 -9999 -9999 -9999 -9999 -9999 -9999 -9999 -9999
2.62900972366332 2.82589507102966 2.71812915802002 2.72688579559326 2.67637515068054 0.537936806678797 0.181458994746203 0.106487669050694 0.032545667141676 0.0287056658416986 0.327470153570173 0.361702293157577 0.353330940008163 0.341941595077515 0.408621549606323 0.23064528405666 0.285565286874777 0.3740254342556 0.355775713920593 0.479178726673126 2.30211162567139 2.30311155319223 3.6064555644989 3.50917220115662 3.89322233200073 4.09066963195801 4.12511825561523 4.08626174926758 4.10069513320923 4.11810684204102 -9999 -9999 -9999 -9999 -9999 -9999 -9999 -9999 -9999 -9999 -9999 -9999 -9999 -9999 -9999 -9999 -9999 -9999
2.71628260612487 2.89179158210756 3.14349031448364 3.11724328994751 3.02671980857849 0.523143827915207 0.303589612245547 0.120431967079639 0.033095333725214 0.0277303326874971 0.307164192199702 0.384061485528941 0.311505556106567 0.339651674032211 0.383786618709564 0.235752165317532 0.281805485486987 0.31960728764534 0.355775713920593 0.502380013465881 2.37036180496216 2.30311155319223 3.6064555644989 3.60122203826904 3.94303250312805 4.09066963195801 4.12511825561523 4.08626174926758 4.12512397766113 4.13130664825439 -9999 -9999 -9999 -9999 -9999 -9999 -9999 -9999 -9999 -9999 -9999 -9999 -9999 -9999 -9999 -9999 -9999 -9999
4.66633033752453 3.05622267723084 3.08653259277344 3.80318737030029 3.40794038772583 0.450556457042704 0.310234844684601 0.313857287168503 0.0354541912674904 0.00323999999091029 0.314482539892189 0.41988790035247 0.311056226491928 0.330621689558029 0.351098239421844 0.260299116373061 0.277911454439168 0.351486772298813 0.543909341096878 0.585438668727875 2.49779868125911 3.19149279594425 3.70170998573303 3.60122203826904 -9999 -9999 -9999 4.12409257888794 4.12782526016235 4.14594888687134 -9999 -9999 -9999 -9999 -9999 -9999 -9999 -9999 -9999 -9999 -9999 -9999 -9999 -9999 -9999 -9999 -9999 -9999
17.7427787780763 15.7342891693116 16.9202194213867 15.076696395874 15.2408304214478 0.818234443664577 0.447090804576866 0.332348525524139 0.532002091407776 0.0407563336193562 0.148959890007969 0.19723837077618 0.242387011647224 0.276969879865646 0.290072560310364 0.415520817041395 0.444063246250169 0.667693316936493 0.598446488380432 0.701868295669556 1.99931764602646 4.18511056900024 4.09830331802368 4.15941572189331 4.32221126556396 4.65479898452762 4.20216512680054 4.05955219268799 3.98047780990601 3.87480306625366 -9999 -9999 -9999 -9999 -9999 -9999 -9999 -9999 -9999 -9999 -9999 -9999 -9999 -9999 -9999 -9999 -9999 -9999
34.5045280456546 29.9543037414551 29.8843879699707 28.1583423614502 24.3905143737793 4.7935519218448 0.378027856349941 0.327643185853958 0.311914652585983 0.193268910050392 0.231199651956555 0.28164836764336 0.334226399660111 0.315918862819672 0.313942044973373 0.431593000888824 0.443422764539727 0.558915615081787 -9999 1.02803647518158 2.97240161895746 3.84759211540224 4.06070375442505 4.25140428543091 4.32221126556396 4.65479898452763 4.06714534759521 3.86853265762329 3.86092829704285 3.87035226821899 -9999 -9999 -9999 -9999 -9999 -9999 -9999 -9999 -9999 -9999 -9999 -9999 -9999 -9999 -9999 -9999 -9999 -9999
35.5129280090327 43.0980072021486 45.4221954345703 39.4210014343262 37.7597274780273 6.35810422897378 0.855482697486844 0.379554003477097 0.728576600551605 1.27042436599731 0.440378218889239 0.400918066501613 0.33362141251564 0.322780519723892 0.291276931762695 0.435700327157974 0.441606760025033 0.561753153800964 0.623615443706512 1.04369866847992 3.03708529472346 3.79256010055544 4.04537057876587 4.0298171043396 4.32535934448242 3.98101854324342 3.86472368240356 3.83235597610474 3.84073948860168 3.85858225822449 -9999 -9999 -9999 -9999 -9999 -9999 -9999 -9999 -9999 -9999 -9999 -9999 -9999 -9999 -9999 -9999 -9999 -9999
