data/thuenen/dis.solea.24.max.asc
NCOLS 320
NROWS 120
XLLCORNER 2
YLLCORNER 53
CELLSIZE 0.025
NODATA_value -9999
[rows 84 to 104 of 120, columns 96 to 143 of 320]
13.9669942855835 14.8093280792236 14.2875576019287 14.0535249710083 15.9921264648438 16.7807312011719 17.0780830383301 17.3142147064209 19.4828834533691 24.2248859405518 23.1827812194824 22.9262790679932 23.0626201629639 22.8012046813965 22.6886577606201 21.956127166748 22.2396183013916 22.3780937194824 22.6910667419434 22.2158908843994 22.5011081695557 22.470178604126 22.9403419494629 22.7383289337158 21.605375289917 21.651876449585 21.6525173187256 21.0513744354248 20.6164093017578 19.1499633789062 19.1024036407471 18.4487342834473 18.4771919250488 18.3893032073975 21.4011764526367 21.1861763000488 21.6592922210693 21.7181453704834 21.2181816101074 20.9128475189209 21.4132900238037 21.6582851409912 21.5121726989746 21.8674983978272 21.8343124389648 22.1035385131836 22.772274017334 22.5543842315674
19.6919956207275 19.8330173492432 19.6409759521484 20.1175594329834 20.1312026977539 21.8273811340332 22.9659461975098 24.7037544250488 23.385950088501 25.6146373748779 25.2898406982422 24.7111740112305 24.8453769683838 25.0349502563477 25.7366733551025 25.790205001831 26.6671733856201 26.8059558868408 26.5116024017334 24.6009883880615 24.5932674407959 24.8892574310303 24.6127300262451 24.0600681304932 22.8970947265625 22.8377685546875 22.4983234405518 22.7672748565674 23.5072898864746 23.1869163513184 22.4595756530762 22.4352588653564 22.4686336517334 22.7632541656494 21.1223011016846 20.8819484710693 20.87744140625 20.7825355529785 20.6103248596191 20.773530960083 20.6780204772949 20.2177982330322 19.7112236022949 18.4975929260254 16.2789707183838 16.3371448516846 16.8050689697266 17.5766944885254
20.0805931091308 20.7069034576416 20.6079578399658 25.5441513061523 24.6732635498047 25.4798393249512 25.5580978393555 25.391622543335 24.616382598877 27.3816986083984 27.3668212890625 27.5094337463379 28.2907619476318 25.6899089813232 27.4329605102539 28.7316570281982 28.8349990844727 28.2740345001221 28.5915336608887 25.0956954956055 24.4222316741943 24.3630523681641 23.9809589385986 23.7239513397217 22.760612487793 22.6799049377441 22.7781524658203 23.4397830963135 23.3338565826416 22.8023319244385 22.2566890716553 22.5114402770996 22.6464176177978 22.7893524169922 21.755651473999 21.6907138824463 22.096363067627 21.1096630096436 20.8901710510254 21.2532367706299 20.9231815338136 17.9963283538818 16.5193519592285 16.2500476837158 14.291374206543 14.0227499008179 13.6077260971069 13.853138923645
20.1196155548095 22.9353256225586 25.3393268585205 26.1663722991943 25.1581554412842 25.0411319732666 24.6829090118408 24.1410427093506 24.8318748474121 27.8357086181641 27.5041313171387 27.9328804016113 29.3998222351074 30.7106227874756 31.6671676635742 27.8117866516113 27.2097187042236 26.7204055786133 26.6779136657715 25.4130306243896 25.8571662902833 24.6302547454834 24.3216571807861 24.286340713501 23.1214275360107 22.6612701416016 23.0444316864014 23.2411193847656 22.3482685089111 22.295223236084 22.6876983642578 22.7802963256836 23.2560386657715 22.9874515533447 21.5070838928223 21.9854717254639 20.9270057678223 20.4682865142822 18.8139915466309 16.652702331543 15.6887788772583 15.2378673553467 15.4422216415405 15.3062572479248 12.780837059021 12.3049955368042 11.2736387252808 10.5723295211792
23.1039199829102 23.2394981384277 26.1956329345703 27.3207473754883 24.7152309417725 24.7499980926513 25.2932052612305 25.5504741668701 25.5197620391846 28.1624546051025 30.2726955413818 31.3053741455078 30.1443653106689 29.389289855957 30.3463382720947 30.1035461425782 26.7958488464355 25.8911781311035 25.5601100921631 24.4261035919189 24.3603286743164 24.6364440917969 24.511043548584 24.1702613830566 23.5890083312988 24.5423488616943 24.7969837188721 23.7802219390869 22.6612110137939 23.1634788513184 23.1507320404053 23.2127552032471 22.8547325134277 22.7696056365967 21.6146049499512 20.975555419922 17.7824611663818 17.1312446594238 17.033296585083 15.6086463928223 14.4044675827026 14.5477809906006 12.3308525085449 12.3022785186768 8.98024749755859 8.88618373870852 8.18764591217041 8.65811538696289
23.3891792297362 26.3007316589355 28.253454208374 27.1140804290771 25.2123737335205 25.4641532897949 25.2677459716797 26.6621074676514 28.7883129119873 31.2852191925049 31.0688953399658 30.2998809814453 29.0639038085938 29.2563972473145 28.3820972442627 28.6777858734131 28.8905735015869 25.6498794555664 25.9503173828125 24.3466453552246 24.3117294311523 24.1739616394043 23.9483871459961 24.6242256164551 24.1445770263672 23.6019325256348 23.5883712768555 23.052885055542 24.1665554046631 23.7671146392822 23.3960304260254 23.1097354888916 23.1212596893311 21.6448955535889 19.260217666626 17.5642261505127 17.0882587432861 16.8270721435547 16.8903160095215 14.1916885375977 14.3397445678712 11.5866241455078 11.3309106826782 11.0287342071533 8.51948547363281 8.49212741851807 8.28001022338867 8.33164024353028
33.8414344787597 34.3234634399414 33.7834777832031 33.0774917602539 30.8336620330811 31.8262672424316 33.6010322570801 33.0432014465332 33.2246627807617 31.8103885650635 31.7490844726563 31.0395259857178 30.8264770507812 29.4268074035645 28.8062191009521 28.2014751434326 28.4191722869873 29.3491802215576 27.0830497741699 30.2475051879883 29.2581748962402 29.6190948486328 29.6428184509277 29.6242771148682 32.5178909301758 30.9965019226074 31.3877811431885 31.6012401580811 31.1130599975586 35.7206039428711 35.040252685547 30.4094848632812 24.8791790008545 24.3836555480957 18.5697555541992 17.785343170166 17.7010936737061 18.0144863128662 16.6948013305664 12.9169816970825 10.1996355056763 10.0834636688232 9.70926570892334 9.57761001586914 8.66799640655518 8.73605632781984 8.2337875366211 7.77569770812988
34.0635299682617 33.506763458252 35.7998046875 36.2715339660645 33.1316833496094 33.6858978271485 32.6110572814941 32.6294326782227 32.6506233215332 31.7292938232422 31.7969341278076 31.4166870117188 30.7825031280518 28.0866985321045 28.0238399505615 27.7962741851807 27.6618919372559 27.8631649017334 27.9597797393799 29.2100791931152 29.3294010162353 29.6301612854004 29.8213005065918 29.8349781036377 31.2882537841797 31.1700897216796 32.360050201416 30.7879371643066 31.4321117401123 34.8252372741699 36.0699348449708 34.0608024597168 27.1384315490723 24.3815479278564 18.3075275421143 18.0587100982666 18.4959373474121 17.3010139465332 17.2581024169922 10.3438873291016 9.90281772613525 9.92815685272217 9.58958721160889 9.14337825775146 7.23592567443848 6.27547359466552 6.38771677017212 6.57509422302246
33.9862289428711 32.9679946899414 32.4309692382812 33.3441619873047 30.8958530426025 31.5921039581298 32.5576095581055 32.9929389953613 32.2994194030762 31.3888473510742 31.7937488555909 30.6537113189697 29.5248260498047 28.4019584655762 28.2204761505127 27.8349342346191 27.8086490631104 27.9216289520264 28.0445156097412 29.4645576477051 30.0678462982178 30.0545215606689 29.8439044952393 29.3428039550781 30.2362518310547 30.0705223083496 30.5629024505615 32.2846183776855 31.7294864654541 35.8704261779785 35.9636039733884 42.7724571228027 27.8232421875 24.4719219207764 17.1710338592529 16.7411403656006 15.1910905838013 14.6935958862305 13.9514923095703 9.8410530090332 9.98743057250979 9.22319889068604 8.60341453552246 7.39821910858154 6.20670938491821 4.99421215057373 5.00119972229004 5.32006597518921
34.6731491088867 34.9637870788574 33.9277267456055 32.9113006591797 30.6781482696533 32.9616050720215 32.2241744995117 32.1336479187012 31.9780101776123 31.2797508239746 31.19095993042 30.1446647644043 29.7070808410645 28.4101905822754 27.8740673065186 27.9009838104248 27.5535125732422 27.3553028106689 27.824182510376 30.4444141387939 31.9072208404541 31.9976387023926 31.3826770782471 29.703784942627 28.7202796936035 28.6921672821045 28.0733070373535 27.6972713470459 27.8527412414551 30.706356048584 31.2258644104005 29.4026527404785 24.208101272583 22.2574234008789 16.3205509185791 15.6043252944947 15.0097770690918 13.6685218811035 13.4689483642578 8.94760131835938 7.84531021118167 7.09561014175415 6.76507568359375 6.74431467056274 4.81342077255249 4.86518096923829 4.66671180725098 4.75166654586792
34.0713119506836 33.8280296325684 33.82470703125 35.2134628295899 33.7140769958496 34.3206443786622 31.8876171112061 31.3203144073486 31.3546504974365 30.6179332733154 30.8224124908448 28.903377532959 29.9704399108887 28.8858127593994 28.7934112548828 27.55668258667 26.4114379882812 26.5204467773438 27.1008625030518 29.2908458709717 28.5828666687011 29.3592338562012 29.2730350494385 27.221263885498 27.3360080718994 26.3835411071778 25.1973915100098 24.2494106292725 24.8283309936523 25.7478713989258 23.9096946716311 17.0917892456055 16.3527927398682 14.8636236190796 10.9513130187988 11.3771858215332 11.0348567962646 10.4129686355591 9.86756610870361 6.58293771743774 6.19601964950565 5.11264181137085 4.92841625213623 5.14363050460815 4.80390119552612 4.51362180709838 4.81319808959961 4.82497024536133
27.7692909240722 28.4022769927979 30.7115840911865 31.8403358459473 34.8218803405762 33.1595916748047 33.084342956543 32.4764251708984 32.3615188598633 33.3539199829102 33.2824096679688 30.9672355651855 31.3444995880127 31.344259262085 33.4977722167969 33.8733139038085 35.396411895752 32.2913246154785 27.9401969909668 12.8331050872803 8.82532119750978 8.55010890960693 8.58160495758057 8.24503707885742 9.18854427337646 8.76274013519287 8.68541431427002 8.64711666107178 7.76296615600586 6.42768049240112 6.38988971710206 6.12574005126953 4.60498476028442 4.35830545425415 2.469975233078 2.33370018005373 1.87671101093292 2.4203028678894 2.14651799201965 2.09338903427124 1.96044981479645 2.01686811447144 3.08992910385132 1.7344628572464 2.09997820854187 1.9394645690918 1.91752731800079 1.87743079662323
29.017593383789 29.8044109344482 31.4702377319336 33.2017974853516 33.3961334228516 32.4255065917969 32.6621246337891 31.6095848083496 29.7439632415772 31.6051635742188 31.4769668579102 31.1577548980713 30.2840023040771 27.852668762207 26.2968769073486 22.2085971832276 21.0359935760498 19.8750286102295 18.7409057617188 8.31033420562744 8.59127998352051 8.64136600494385 8.11790180206299 8.18434047698975 8.54463005065918 8.55062484741212 8.22870540618896 7.50419664382935 7.15131378173828 6.22260475158691 6.45663309097298 4.22359561920166 3.78315806388855 3.7248477935791 1.88109123706818 1.66058361530305 1.37956297397614 1.29483294487 1.01505148410797 1.90802276134491 1.7687175273895 2.42032766342163 1.77778446674347 1.58512818813324 1.52526021003723 1.71799993515015 1.70990860462189 1.74463152885437
25.0851669311523 27.4323215484619 25.9773197174072 26.407398223877 28.5487575531006 28.4740219116211 29.1333866119385 28.1663074493408 29.0212898254395 29.8103523254395 27.0736179351807 26.5257263183594 22.1579265594482 22.5493679046631 22.0510177612305 20.9639167785645 20.869119644165 19.6688919067383 19.679349899292 8.02101993560791 8.3276243209839 7.87097644805908 8.30153751373291 7.807870388031 8.16917896270752 8.31459808349611 7.80390310287476 7.08115911483765 7.1614260673523 6.34631967544556 4.76758241653447 3.5597996711731 3.46838879585266 3.13231730461121 1.68463730812073 1.27929759025574 1.18254625797272 0.731746792793274 0.782931447029114 1.29581844806671 1.90725326538087 1.68673181533813 1.53851616382599 1.57768678665161 1.61714720726013 1.53266119956969 1.92824709415436 1.59553277492523
19.4079475402832 20.6987686157227 20.7044124603271 20.6591815948486 21.6657562255859 23.3982334136963 24.1535339355469 24.0778160095215 22.909538269043 21.1734714508057 20.9071617126465 20.2196846008301 21.1316184997559 19.9701309204102 20.7856197357178 19.9502563476563 19.8159313201904 19.795389175415 19.0744781494141 8.49853515625 8.0660343170166 8.03351306915283 7.47565126419067 7.42311763763428 8.24579906463623 8.17526721954348 7.37805652618408 7.71525287628174 7.86336278915405 7.16424655914307 3.58049035072327 3.46830916404724 3.18919014930725 2.99172163009644 1.3121292591095 1.17182898521425 0.690578162670135 0.653179466724396 0.595351815223694 1.09250450134277 1.46433019638063 1.17724108695984 1.38753747940063 1.76249575614929 1.75279355049133 2.33051681518554 2.38933920860291 1.73749470710754
20.6935253143311 20.3876419067383 20.1540794372559 19.5031261444092 21.2240657806396 22.9020118713379 23.1243858337402 22.6991157531738 21.8245830535889 19.7080364227295 19.2737197875977 18.4668941497803 18.9392681121826 18.303316116333 19.1841106414795 19.2351741790771 19.2683086395264 19.4064788818359 18.4026660919189 7.81542253494263 7.27300119400025 7.08017110824585 7.12879371643066 7.47621583938599 7.62493705749512 7.21520185470581 7.19952535629272 7.2749547958374 7.42236185073853 4.01241683959961 3.69239902496339 3.30865693092346 3.13096928596497 3.12826299667358 1.50827717781067 1.56936168670655 1.38153839111328 0.951306641101837 1.45771849155426 0.72409200668335 0.127069994807236 0.321883648633957 0.298832714557648 1.5266922712326 1.12746810913086 0.543808102607728 0.520278751850128 0.591913998126984
23.009168624878 20.3134269714355 19.5318431854248 18.7939548492432 20.9563522338867 21.4423522949219 21.4696426391602 21.2880020141602 20.711555480957 15.0577850341797 14.0861330032349 13.4529504776001 13.2844095230103 13.1398277282715 10.0665321350098 9.84128284454346 9.87011337280273 9.59379768371582 9.1692361831665 7.08906602859497 7.03518438339233 7.06638813018799 7.25131702423096 6.8865818977356 5.93489551544189 5.87271881103517 5.58925008773804 4.91601228713989 3.34055066108704 4.81751918792725 4.76700115203862 3.46527290344238 2.48688817024231 0.629447281360626 0.141902253031731 0.117506943643091 0.187868237495422 0.57873272895813 0.632647275924683 0.695127010345459 0.274798691272733 0.353437572717667 0.331924200057983 0.306173950433731 0.644477546215057 0.594850838184359 0.537010312080383 0.754457473754883
22.6916465759278 20.8807239532471 18.81374168396 18.103063583374 20.2908630371094 21.1270980834961 21.3811092376709 20.7193908691406 20.6281490325928 13.7608060836792 13.4751377105713 13.49680519104 13.2235269546509 13.2616004943848 9.16833114624023 9.30470561981202 9.16832542419434 9.23982334136963 9.52221775054932 7.61387920379639 7.4815354347229 7.45856332778931 6.99744129180908 6.11438274383545 5.65267515182495 5.31175184249877 5.59022426605225 3.54118537902832 3.13837718963623 4.51061487197876 3.22496199607857 1.06587398052216 0.21716845035553 0.742468118667603 0.322338402271271 0.286759883165351 0.52001816034317 0.780478298664093 0.447989195585251 0.336705327033997 0.130103588104244 0.25601989030838 0.333646923303604 0.446483224630356 0.724204242229462 0.77305662631989 0.651512563228607 0.902407348155975
24.2312145233156 20.6909847259521 19.7297286987305 18.668306350708 18.2046184539795 18.0193653106689 18.1284980773926 18.3566474914551 18.0803852081299 13.4434947967529 13.0893878936768 12.9535636901855 12.6115636825562 12.727689743042 9.12115859985352 8.98433780670166 9.07161426544189 9.23124504089355 9.28794288635254 7.20207118988037 6.63645601272585 6.02411270141602 6.04355621337891 5.95708274841309 5.48139190673828 4.55002403259285 2.30581831932068 0.957418799400329 0.112241335213184 0.460425913333893 0.387535750865936 0.410380005836487 0.332324683666229 0.311062335968018 0.583211839199066 0.608799397945416 0.258571237325668 0.504977703094482 0.475162386894226 0.327806502580643 0.164563909173011 0.184455543756485 0.478609532117844 0.557609677314758 0.619084060192108 0.668847024440771 0.513066232204437 0.693165421485901
23.8123550415039 23.7153263092041 20.5409889221191 19.8725128173828 18.1884574890137 17.6058216094971 17.068603515625 17.0171070098877 17.4565715789795 12.7331562042236 12.915322303772 12.7805624008179 12.4076375961304 12.3047647476196 8.76833248138428 8.35990619659425 8.01132106781006 7.6929783821106 7.43309354782104 5.63883447647095 6.14236879348754 6.30668306350708 6.66502571105957 5.49735593795776 1.63990902900696 1.1736298799515 0.504476368427277 0.281473845243454 0.251463651657104 0.288082331418991 0.366873741149902 0.38759258389473 1.40057837963104 0.888984501361847 0.88029682636261 0.823238193988803 0.743500053882599 0.504977703094482 0.475162386894226 0.327806502580643 0.164563909173011 0.184455543756485 0.478609532117844 0.557609677314758 0.619084060192108 0.668847024440762 0.767322659492493 0.732696294784546
24.1407928466797 24.0168952941895 23.2325706481934 19.6775684356689 18.338228225708 17.3144187927246 17.1945495605469 16.9496269226074 17.2567672729492 12.6554708480835 12.6309423446655 12.4109344482422 12.0926933288574 11.5531568527222 7.63801431655884 7.47648382186894 6.25164794921875 5.44856834411621 5.07264852523804 5.07938480377197 5.23579406738279 5.86920833587646 4.2597222328186 3.9719250202179 0.362836956977844 0.279672354459762 0.307597994804382 0.282670676708221 0.41863951086998 1.16374957561493 0.701079428195965 0.38759258389473 1.40057837963104 0.888984501361847 0.88029682636261 0.823238193988803 -9999 -9999 1.19939494132996 1.04907262325287 0.968007802963274 0.492684274911881 0.444651275873184 0.566605389118195 0.76720267534256 0.638708651065823 0.746068358421326 0.878782629966736
