data/thuenen/dist_ran.forest_pleuronectes.platessa_winter.asc
NCOLS 260 
NROWS 120 
XLLCORNER -3 
YLLCORNER 51 
CELLSIZE 0.05 
NODATA_value -9999 
[rows 46 to 68 of 120, columns 106 to 158 of 260]
44.9215624484442 44.9215624484442 49.2551135498713 49.2551135498713 51.9799927964558 51.9799927964558 57.5144290759957 57.5144290759957 51.9133935904994 51.9133935904994 46.3581338244808 46.3581338244808 55.533650258187 55.533650258187 65.2706264469074 65.2706264469074 62.7229190323527 62.7229190323527 65.7038839698416 65.7038839698416 72.6062838251088 72.6062838251088 67.3044042194313 67.3044042194313 77.3351988359124 77.3351988359124 66.3751762221897 66.3751762221897 72.5415443909096 72.5415443909096 79.5381051415444 79.5381051415444 83.9634943318826 83.9634943318826 93.157646662363 93.157646662363 89.3363714950264 89.3363714950264 65.9029910905563 65.9029910905563 108.101360952423 108.101360952423 93.8478701584834 93.8478701584834 101.254136264425 101.254136264425 109.789536284312 109.789536284312 118.345150488906 118.345150488906 126.282751547061 126.282751547061 127.163975034844
48.5164139970127 48.5164139970127 54.4793689808335 54.4793689808335 45.8484676064162 45.8484676064162 41.8042234665971 41.8042234665971 48.141384370088 48.141384370088 51.5473904246477 51.5473904246477 55.7999551839147 55.7999551839147 70.7156737197935 70.7156737197935 70.4485069301691 70.4485069301691 68.5032916577807 68.5032916577807 65.009705939096 65.009705939096 59.2377398642006 59.2377398642006 69.3183087870598 69.3183087870598 79.3720184007642 79.3720184007642 78.6983517343339 78.6983517343339 85.2531952810803 85.2531952810803 86.711987491871 86.711987491871 91.9583064886993 91.9583064886993 92.5839337455526 92.5839337455526 91.3756402318328 91.3756402318328 114.428532927769 114.428532927769 79.9797615085759 79.9797615085759 75.2589652492122 75.2589652492122 102.481959565824 102.481959565824 114.135793887217 114.135793887217 106.816692759593 106.816692759593 117.318629560067
48.7539005590541 48.7539005590541 54.3567230605193 54.3567230605193 63.7840827073929 63.7840827073929 28.1607178079567 28.1607178079567 47.2650395620941 47.2650395620941 50.9351924683224 50.9351924683224 61.7630605186718 61.7630605186718 72.7279375860844 72.7279375860844 71.1269448928716 71.1269448928716 65.9024862293102 65.9024862293102 63.2905765993896 63.2905765993896 57.5011036001093 57.5011036001093 60.8827735216422 60.8827735216422 71.3964547897906 71.3964547897906 69.8150599919122 69.8150599919122 78.9667159331168 78.9667159331168 87.4962284321501 87.4962284321501 92.9603319006034 92.9603319006034 96.8750916235082 96.8750916235082 93.0682194224225 93.0682194224225 99.5026852029874 99.5026852029874 86.0787063778082 86.0787063778082 93.1199425832737 93.1199425832737 106.49067406084 106.49067406084 108.577290330067 108.577290330067 115.919091384902 115.919091384902 121.909368003778
49.6139567791608 49.6139567791608 55.4218005837635 55.4218005837635 52.9533202398241 52.9533202398241 48.8960238329359 48.8960238329359 49.1564895043132 49.1564895043132 55.6474239353273 55.6474239353273 71.3796173424295 71.3796173424295 76.9784660802978 76.9784660802978 79.479922950099 79.479922950099 67.3080305118108 67.3080305118108 53.6579802428649 53.6579802428649 32.1622863009078 32.1622863009078 55.9047361433708 55.9047361433708 61.7848590892234 61.7848590892234 67.2837077472556 67.2837077472556 67.6216592802704 67.6216592802704 82.1484877737507 82.1484877737507 90.4916450132681 90.4916450132681 92.6614822298308 92.6614822298308 92.1007198443133 92.1007198443133 95.4664924783263 95.4664924783263 94.9831290975741 94.9831290975741 102.815779122338 102.815779122338 109.400715131969 109.400715131969 112.101872005776 112.101872005776 113.944156945122 113.944156945122 116.571207103826
47.9637918766399 47.9637918766399 51.2817896344781 51.2817896344781 53.1348291639083 53.1348291639083 50.6085716890054 50.6085716890054 59.5297699005966 59.5297699005966 57.1516525239745 57.1516525239745 63.4968407775913 63.4968407775913 74.0498393458638 74.0498393458638 76.639941826439 76.639941826439 65.5938667147231 65.5938667147231 60.9883297989922 60.9883297989922 65.7946730264019 65.7946730264019 69.8106500617789 69.8106500617789 70.1867957786614 70.1867957786614 63.4280123134389 63.4280123134389 73.0449150179515 73.0449150179515 80.5054855965145 80.5054855965145 78.2605582899933 78.2605582899933 83.6407427595233 83.6407427595233 91.0680076567673 91.0680076567673 100.825690298819 100.825690298819 98.9639354682679 98.9639354682679 104.978757892501 104.978757892501 112.648640855066 112.648640855066 114.955197788416 114.955197788416 126.763605822959 126.763605822959 124.895034960622
48.3429595006994 48.3429595006994 51.5447088928726 51.5447088928726 54.3289144156745 54.3289144156745 57.1698936140511 57.1698936140511 65.8445216922727 65.8445216922727 63.6290085513293 63.6290085513293 66.6839570837431 66.6839570837431 95.7882260267402 95.7882260267402 67.0092960699345 67.0092960699345 64.8585934206086 64.8585934206086 57.2768772825418 57.2768772825418 74.4631545187466 74.4631545187466 63.8283777625369 63.8283777625369 72.5548055762867 72.5548055762867 58.1697519951776 58.1697519951776 74.4160496365035 74.4160496365035 82.8729353594462 82.8729353594462 83.3181015687212 83.3181015687212 87.4356167712471 87.4356167712471 93.2280654382471 93.2280654382471 104.42703160987 104.42703160987 109.525130260059 109.525130260059 110.6405770693 110.6405770693 120.860923230952 120.860923230952 121.160496933696 121.160496933696 127.224194142282 127.224194142282 116.618326716242
48.8123135416905 48.8123135416905 55.9264376690423 55.9264376690423 56.2592781889815 56.2592781889815 74.747815339902 74.747815339902 60.0939188298973 60.0939188298973 65.273547634257 65.273547634257 77.272444798874 77.272444798874 98.2249395832027 98.2249395832027 61.175420755021 61.175420755021 69.4570796110856 69.4570796110856 59.8234160977674 59.8234160977674 70.3525957744065 70.3525957744065 62.0040331905389 62.0040331905389 63.9620847429154 63.9620847429154 82.8647877387844 82.8647877387844 85.1865913885761 85.1865913885761 84.5746182526986 84.5746182526986 85.2738066095191 85.2738066095191 89.699244097445 89.699244097445 94.9715685616564 94.9715685616564 110.147994673883 110.147994673883 111.561601849288 111.561601849288 110.236261305279 110.236261305279 115.796762983319 115.796762983319 115.829434169145 115.829434169145 114.702164307543 114.702164307543 99.1627478063997
48.4222205119444 48.4222205119444 53.8297723379306 53.8297723379306 52.3488725396874 52.3488725396874 55.3244564439554 55.3244564439554 41.0141946665214 41.0141946665214 60.2063700841734 60.2063700841734 74.5671712989209 74.5671712989209 55.114625060269 55.114625060269 62.7669509917627 62.7669509917627 45.8260902047196 45.8260902047196 39.7045469691806 39.7045469691806 49.191290353055 49.191290353055 38.8443137521311 38.8443137521311 57.2912092026763 57.2912092026763 87.4291632612332 87.4291632612332 83.0701805619826 83.0701805619826 86.5641717851242 86.5641717851242 80.193826499805 80.193826499805 88.8724862685895 88.8724862685895 97.1980413609174 97.1980413609174 112.89733947182 112.89733947182 119.148362993081 119.148362993081 115.723628215042 115.723628215042 114.851652311805 114.851652311805 112.227896700038 112.227896700038 99.5587344368227 99.5587344368227 87.8609404987101
49.4519028689942 49.4519028689942 48.7784599163287 48.7784599163287 45.4139474743448 45.4139474743448 41.1573435759923 41.1573435759923 50.7763745583423 50.7763745583423 107.189956808603 107.189956808603 61.8525586671766 61.8525586671766 54.5596818306192 54.5596818306192 47.6489828043405 47.6489828043405 50.0455197231769 50.0455197231769 38.6898166121504 38.6898166121504 6.46575076939469 6.46575076939469 46.506477174497 46.506477174497 63.5915212735829 63.5915212735829 81.9504514506144 81.9504514506144 78.1055245833132 78.1055245833132 78.0054985388823 78.0054985388823 79.6863833504283 79.6863833504283 95.0456298071542 95.0456298071542 102.316813094666 102.316813094666 107.260757902353 107.260757902353 115.527326635923 115.527326635923 146.573499890197 146.573499890197 112.431388526467 112.431388526467 101.67465322322 101.67465322322 93.4522818843988 93.4522818843988 80.7037193918734
49.0294126206695 49.0294126206695 49.0235483432293 49.0235483432293 47.1701306319096 47.1701306319096 51.3720805998213 51.3720805998213 78.8671204664751 78.8671204664751 94.7444924713682 94.7444924713682 65.4329600152903 65.4329600152903 76.9257544258497 76.9257544258497 58.3732551921444 58.3732551921444 91.2940794597883 91.2940794597883 78.6394259694041 78.6394259694041 48.8216792569741 48.8216792569741 60.6985667235832 60.6985667235832 62.6274067063633 62.6274067063633 70.7628833595531 70.7628833595531 74.6056750160031 74.6056750160031 75.9809047445788 75.9809047445788 74.9204555915765 74.9204555915765 91.7823579742483 91.7823579742483 99.8602758863804 99.8602758863804 99.4459475087829 99.4459475087829 104.49333473844 104.49333473844 108.536837938115 108.536837938115 94.7838148751452 94.7838148751452 85.1713786080743 85.1713786080743 77.087995259169 77.087995259169 75.9164557197625
37.3046725136743 37.3046725136743 49.7631953954266 49.7631953954266 68.7103979298217 68.7103979298217 50.7748321279262 50.7748321279262 46.8988910882479 46.8988910882479 78.7508256909264 78.7508256909264 66.8484431216618 66.8484431216618 67.3665392487171 67.3665392487171 58.7871553646343 58.7871553646343 68.2791447931424 68.2791447931424 82.2229242607047 82.2229242607047 55.4587690921082 55.4587690921082 47.3693511669005 47.3693511669005 62.5566044880748 62.5566044880748 54.2392440239423 54.2392440239423 82.4866508961413 82.4866508961413 74.5249240441689 74.5249240441689 77.7320008454877 77.7320008454877 91.1276608466258 91.1276608466258 91.2769114138449 91.2769114138449 96.6884816998339 96.6884816998339 82.3130003849825 82.3130003849825 84.308206403128 84.308206403128 62.984163032042 62.984163032042 64.1164244012077 64.1164244012077 75.3149055669447 75.3149055669447 78.7571950601635
55.5473960329933 55.5473960329933 52.0436345659233 52.0436345659233 45.5723328472114 45.5723328472114 49.3651427123616 49.3651427123616 45.7330110663816 45.7330110663816 76.6258204478413 76.6258204478413 76.8112620054866 76.8112620054866 63.6641106811448 63.6641106811448 46.4660530145053 46.4660530145053 71.7222107428928 71.7222107428928 84.4325426045916 84.4325426045916 60.3854961781579 60.3854961781579 57.6735271818704 57.6735271818704 64.9314712863068 64.9314712863068 78.8357295765767 78.8357295765767 83.0098922248252 83.0098922248252 81.6252690524478 81.6252690524478 69.1828310498566 69.1828310498566 77.2644323773444 77.2644323773444 79.9097725752591 79.9097725752591 83.4961914478596 83.4961914478596 69.7994610680888 69.7994610680888 70.9475546433507 70.9475546433507 35.8540904279069 35.8540904279069 62.8863257304236 62.8863257304236 85.6460415942746 85.6460415942746 98.27932424782
71.9290431613967 71.9290431613967 45.0384698323669 45.0384698323669 44.6315703072603 44.6315703072603 50.0040805668181 50.0040805668181 72.2880758121402 72.2880758121402 47.1589721433673 47.1589721433673 86.1242842358164 86.1242842358164 65.6636083986364 65.6636083986364 68.8851023614474 68.8851023614474 73.9107890866075 73.9107890866075 68.8424341013292 68.8424341013292 53.9987591855311 53.9987591855311 57.829489263949 57.829489263949 63.8131614087291 63.8131614087291 82.7718286535571 82.7718286535571 111.908763754355 111.908763754355 100.775092225969 100.775092225969 86.9584117595016 86.9584117595016 96.3986804082736 96.3986804082736 51.0242635118004 51.0242635118004 67.1205676746289 67.1205676746289 58.5731204651404 58.5731204651404 64.8020286389966 64.8020286389966 56.4418189578631 56.4418189578631 74.4767557622583 74.4767557622583 91.2929652217653 91.2929652217653 118.944818280159
55.0047629225408 55.0047629225408 53.439914077614 53.439914077614 42.4248164880677 42.4248164880677 41.4914655238827 41.4914655238827 61.1009552440069 61.1009552440069 46.5511592001807 46.5511592001807 76.7377348438062 76.7377348438062 74.5676603592943 74.5676603592943 71.3729903886397 71.3729903886397 76.3642289222957 76.3642289222957 70.9640279065482 70.9640279065482 49.3212148315136 49.3212148315136 65.2500580287631 65.2500580287631 84.4900409983532 84.4900409983532 93.0234604581619 93.0234604581619 120.976259725848 120.976259725848 106.384196215156 106.384196215156 87.2678638084315 87.2678638084315 64.9919105852041 64.9919105852041 50.2117531930983 50.2117531930983 56.6810212228715 56.6810212228715 65.305947040513 65.305947040513 66.9637799036115 66.9637799036115 84.6256713977189 84.6256713977189 98.3299574345132 98.3299574345132 114.37455743821 114.37455743821 125.741358452157
60.7016213084674 60.7016213084674 65.1770613133252 65.1770613133252 54.5163741136432 54.5163741136432 53.4381862492428 53.4381862492428 62.7107575666997 62.7107575666997 66.7062569103988 66.7062569103988 69.22556028107 69.22556028107 59.6615812937634 59.6615812937634 68.8998235383697 68.8998235383697 85.510900149073 85.510900149073 96.6002846542416 96.6002846542416 74.821321283041 74.821321283041 87.6420351143115 87.6420351143115 86.4225364893234 86.4225364893234 84.300768821113 84.300768821113 107.026622827376 107.026622827376 91.267170495964 91.267170495964 75.7677222098347 75.7677222098347 68.5471241846818 68.5471241846818 68.1569818003795 68.1569818003795 71.2164399361409 71.2164399361409 73.4000414889386 73.4000414889386 90.1249963771776 90.1249963771776 91.8070794136963 91.8070794136963 114.151337443206 114.151337443206 135.215329806523 135.215329806523 122.716741277627
45.2267089635856 45.2267089635856 49.462471913357 49.462471913357 41.5741860005419 41.5741860005419 48.6703943970539 48.6703943970539 64.9803864862861 64.9803864862861 70.5843780773296 70.5843780773296 77.7342285714475 77.7342285714475 70.7381622041548 70.7381622041548 59.3359006711943 59.3359006711943 79.3910659045378 79.3910659045378 107.607599093351 107.607599093351 94.3915444552304 94.3915444552304 110.425772764025 110.425772764025 114.743226338249 114.743226338249 109.174237482013 109.174237482013 112.131456135105 112.131456135105 103.425370620177 103.425370620177 83.5873861500502 83.5873861500502 73.1488596477884 73.1488596477884 77.7583046185485 77.7583046185485 80.4006453667447 80.4006453667447 86.6129786622078 86.6129786622078 104.028560343373 104.028560343373 113.810759881938 113.810759881938 136.423215728252 136.423215728252 91.6378137774631 91.6378137774631 90.9285064277888
51.3636418406599 51.3636418406599 62.6761318957532 62.6761318957532 52.6179013687274 52.6179013687274 29.848802173347 29.848802173347 50.97165002203 50.97165002203 66.9433244175173 66.9433244175173 82.8047036292093 82.8047036292093 46.8504373190864 46.8504373190864 66.368561190279 66.368561190279 68.367757997977 68.367757997977 103.778685701815 103.778685701815 130.827191826355 130.827191826355 120.352738237582 120.352738237582 115.160968465046 115.160968465046 109.536994951094 109.536994951094 123.012072187559 123.012072187559 81.4132557425032 81.4132557425032 81.2687952870807 81.2687952870807 79.8271392705998 79.8271392705998 80.1103112569517 80.1103112569517 87.5210940436679 87.5210940436679 101.125317653565 101.125317653565 110.203703387838 110.203703387838 141.671512174333 141.671512174333 161.438026991205 161.438026991205 85.8755942330864 85.8755942330864 70.3616281056676
55.3950648311409 55.3950648311409 68.605578554737 68.605578554737 40.7452776906634 40.7452776906634 54.3284974579018 54.3284974579018 44.5560615242997 44.5560615242997 74.7470685680209 74.7470685680209 93.6410783240374 93.6410783240374 81.655192482964 81.655192482964 77.2491618896495 77.2491618896495 74.4139807764807 74.4139807764807 106.656715294737 106.656715294737 133.284696238874 133.284696238874 143.572881259096 143.572881259096 125.773778696004 125.773778696004 128.290524599843 128.290524599843 84.7570882595885 84.7570882595885 84.0711953419197 84.0711953419197 96.3164318437719 96.3164318437719 83.3632614989532 83.3632614989532 85.4728125124357 85.4728125124357 96.3399517559148 96.3399517559148 101.514826786329 101.514826786329 118.30547534031 118.30547534031 132.142031254579 132.142031254579 91.2170613858363 91.2170613858363 70.240368298715 70.240368298715 52.0277719255972
53.039473450726 53.039473450726 62.7176513070068 62.7176513070068 66.588895612143 66.588895612143 63.3258286615607 63.3258286615607 73.5914567009791 73.5914567009791 136.636085837222 136.636085837222 98.993577166082 98.993577166082 117.446054678612 117.446054678612 109.995986897542 109.995986897542 105.943411863696 105.943411863696 102.317967841591 102.317967841591 166.322417432551 166.322417432551 153.623625071855 153.623625071855 131.844565860066 131.844565860066 131.680112353532 131.680112353532 104.251574186907 104.251574186907 98.2477398311459 98.2477398311459 97.443338122206 97.443338122206 99.7740457037025 99.7740457037025 105.731502033958 105.731502033958 108.13262754824 108.13262754824 104.279471328913 104.279471328913 113.013137898383 113.013137898383 91.4592251461818 91.4592251461818 67.4847141405922 67.4847141405922 42.0994713556785 42.0994713556785 41.2721619596397
45.4608336453689 45.4608336453689 44.6635403141103 44.6635403141103 72.7059216023991 72.7059216023991 78.0356452438763 78.0356452438763 105.307878547427 105.307878547427 96.4688034554004 96.4688034554004 118.072711580033 118.072711580033 133.721085961325 133.721085961325 132.142924073939 132.142924073939 118.141516899205 118.141516899205 138.426324909292 138.426324909292 197.704624782523 197.704624782523 169.487407327373 169.487407327373 149.311129351035 149.311129351035 139.06193635618 139.06193635618 126.36234714426 126.36234714426 107.426357511264 107.426357511264 113.810156682519 113.810156682519 112.596319723356 112.596319723356 114.466901643745 114.466901643745 115.775487935955 115.775487935955 112.40432133488 112.40432133488 80.7720123955766 80.7720123955766 67.8842571240986 67.8842571240986 33.2528713848738 33.2528713848738 35.0494329009771 35.0494329009771 29.7816415522898
52.2969655968523 52.2969655968523 57.0318257528902 57.0318257528902 69.8943597587607 69.8943597587607 73.088240762663 73.088240762663 100.036403830608 100.036403830608 125.046769647724 125.046769647724 138.015131289196 138.015131289196 145.957886243214 145.957886243214 145.770423162108 145.770423162108 152.809468685498 152.809468685498 163.821232925856 163.821232925856 187.844753892155 187.844753892155 191.305212275835 191.305212275835 173.87221308406 173.87221308406 144.688391152442 144.688391152442 125.151061057226 125.151061057226 111.806704475259 111.806704475259 110.01781341739 110.01781341739 110.654024848801 110.654024848801 104.510528572114 104.510528572114 95.4223509363896 95.4223509363896 72.6104881390775 72.6104881390775 45.9724618738893 45.9724618738893 35.4120986297975 35.4120986297975 34.2840950660771 34.2840950660771 32.7838627636459 32.7838627636459 32.3056917273668
67.5672312595091 67.5672312595091 73.3266393164438 73.3266393164438 77.8233796876058 77.8233796876058 84.1516911716116 84.1516911716116 76.9339051346118 76.9339051346118 115.672382141641 115.672382141641 146.938663245973 146.938663245973 160.223650836206 160.223650836206 165.290872064502 165.290872064502 186.442664394774 186.442664394774 189.702068975697 189.702068975697 190.81717521019 190.81717521019 198.296411109171 198.296411109171 183.408056383077 183.408056383077 168.684913636478 168.684913636478 120.231693091247 120.231693091247 116.810883351281 116.810883351281 111.414883494639 111.414883494639 90.4840396215561 90.4840396215561 77.9329254587728 77.9329254587728 51.6118340868721 51.6118340868721 45.904221640969 45.904221640969 37.7457949482611 37.7457949482611 32.5056730297468 32.5056730297468 29.2330021775865 29.2330021775865 27.3568268516955 27.3568268516955 25.8183900351167
70.9539726279802 70.9539726279802 92.9700878851029 92.9700878851029 89.6466151902429 89.6466151902429 74.8292969168859 74.8292969168859 75.3180135154729 75.3180135154729 105.744233914263 105.744233914263 151.71100081352 151.71100081352 184.299429827803 184.299429827803 201.019224347536 201.019224347536 231.517651375573 231.517651375573 229.812705485975 229.812705485975 196.072983340186 196.072983340186 190.170399009321 190.170399009321 174.176466926933 174.176466926933 122.055625677212 122.055625677212 95.8503664243644 95.8503664243644 87.9003875611428 87.9003875611428 83.4748341357195 83.4748341357195 63.2908553286094 63.2908553286094 54.5013632366207 54.5013632366207 46.5705195437831 46.5705195437831 34.1224636008467 34.1224636008467 29.9528914537971 29.9528914537971 25.3618760619866 25.3618760619866 20.9722529977643 20.9722529977643 16.7157788460069 16.7157788460069 13.6176838677669
