data/thuenen/dist_ran.forest_pleuronectes.platessa_winter.asc
NCOLS 260 
NROWS 120 
XLLCORNER -3 
YLLCORNER 51 
CELLSIZE 0.05 
NODATA_value -9999 
[rows 23 to 45 of 120, columns 53 to 105 of 260]
16.8866360807087 19.6631212372973 19.6631212372973 16.110686367578 16.110686367578 12.6890611946405 12.6890611946405 17.6258694136912 17.6258694136912 19.6582059189413 19.6582059189413 19.8201399275425 19.8201399275425 16.09658523464 16.09658523464 16.7110112410965 16.7110112410965 20.5710408295865 20.5710408295865 19.5451064807629 19.5451064807629 18.2193555827241 18.2193555827241 16.8802249027467 16.8802249027467 18.9560325619829 18.9560325619829 14.6781194428471 14.6781194428471 18.6627979663476 18.6627979663476 12.7278386802564 12.7278386802564 10.6205793766533 10.6205793766533 11.7844159075188 11.7844159075188 10.5654358654713 10.5654358654713 8.24025302552134 8.24025302552134 6.05012970838343 6.05012970838343 6.54463585362866 6.54463585362866 5.61571642674529 5.61571642674529 6.30302567563292 6.30302567563292 7.08348482049347 7.08348482049347 8.08368014296077 8.08368014296077
21.7232547872482 19.9280565550559 19.9280565550559 19.2948811157449 19.2948811157449 15.3191557805054 15.3191557805054 21.6979143861868 21.6979143861868 22.1822052884411 22.1822052884411 20.4169493459478 20.4169493459478 15.825928388398 15.825928388398 14.7896230864414 14.7896230864414 14.1452268933367 14.1452268933367 19.2847082298689 19.2847082298689 18.120405801394 18.120405801394 16.3889107393856 16.3889107393856 18.4196184411099 18.4196184411099 15.019267443638 15.019267443638 18.3120288088811 18.3120288088811 11.8757496136901 11.8757496136901 12.3088382953886 12.3088382953886 9.80943834092327 9.80943834092327 11.5878444395466 11.5878444395466 11.8996829552255 11.8996829552255 11.3487018897167 11.3487018897167 11.4750100035415 11.4750100035415 7.30424938327929 7.30424938327929 5.42505756724017 5.42505756724017 6.1398866034765 6.1398866034765 7.7424283247167 7.7424283247167
26.5258459770186 22.7707362018624 22.7707362018624 19.1823510172151 19.1823510172151 19.8642709213454 19.8642709213454 23.3928282118131 23.3928282118131 23.1751301676374 23.1751301676374 18.3295915464584 18.3295915464584 17.4945243990463 17.4945243990463 8.3503137423346 8.3503137423346 10.4257624671084 10.4257624671084 17.3076083142399 17.3076083142399 15.9576272286492 15.9576272286492 14.6097081970261 14.6097081970261 17.6239811742021 17.6239811742021 21.1727628235918 21.1727628235918 18.2688340406278 18.2688340406278 12.32232762344 12.32232762344 12.8638030850527 12.8638030850527 8.31356399730704 8.31356399730704 17.6408489445048 17.6408489445048 18.0083041076203 18.0083041076203 21.1306346042027 21.1306346042027 17.2657382528699 17.2657382528699 10.2412501753048 10.2412501753048 3.10308547478432 3.10308547478432 5.94818172743039 5.94818172743039 10.2746628356983 10.2746628356983
27.7308399752944 24.0275246663781 24.0275246663781 19.6445569551615 19.6445569551615 23.3539270055342 23.3539270055342 21.7005701378742 21.7005701378742 18.3420302662395 18.3420302662395 18.5522904841718 18.5522904841718 16.5979419977743 16.5979419977743 11.6085185812519 11.6085185812519 12.0567765036433 12.0567765036433 18.734599218101 18.734599218101 20.4294328447512 20.4294328447512 26.1012370153686 26.1012370153686 22.2916800993549 22.2916800993549 22.6012075933138 22.6012075933138 18.1310561335528 18.1310561335528 16.9376076179935 16.9376076179935 18.1015616277475 18.1015616277475 18.5583902589323 18.5583902589323 21.1461656247463 21.1461656247463 20.6482841701427 20.6482841701427 22.5970303718707 22.5970303718707 27.425186012517 27.425186012517 11.1972868918172 11.1972868918172 8.14762836922556 8.14762836922556 9.74156575688917 9.74156575688917 14.9355578708404 14.9355578708404
26.1951699301391 27.9992203753794 27.9992203753794 20.7930571960826 20.7930571960826 19.3951132231053 19.3951132231053 21.9384788058232 21.9384788058232 18.2109339474427 18.2109339474427 22.3496943109914 22.3496943109914 16.6697107874556 16.6697107874556 13.4051966201752 13.4051966201752 13.665513473768 13.665513473768 21.1919446862861 21.1919446862861 13.7761775146377 13.7761775146377 14.3559000870937 14.3559000870937 14.6801906053271 14.6801906053271 21.6834445817028 21.6834445817028 16.5080541282759 16.5080541282759 23.7976706941414 23.7976706941414 23.5141500142488 23.5141500142488 22.6668340206778 22.6668340206778 23.3093817427427 23.3093817427427 21.7394893657135 21.7394893657135 20.1658949921929 20.1658949921929 22.1264366779884 22.1264366779884 12.3244963508787 12.3244963508787 10.550492109153 10.550492109153 16.8204212828735 16.8204212828735 18.5519409983971 18.5519409983971
27.8632677972764 32.5480837207344 32.5480837207344 22.9727671695866 22.9727671695866 20.9913541913276 20.9913541913276 18.3388312875789 18.3388312875789 19.7906983458113 19.7906983458113 17.2432401391201 17.2432401391201 17.7409774163814 17.7409774163814 16.9154496490745 16.9154496490745 13.4239713302963 13.4239713302963 17.7028737859883 17.7028737859883 13.2552390042804 13.2552390042804 12.1326719167503 12.1326719167503 16.9645183083854 16.9645183083854 15.0023493848321 15.0023493848321 18.3747158002429 18.3747158002429 21.415747219004 21.415747219004 20.7678804392064 20.7678804392064 21.5319853206421 21.5319853206421 18.1612290274883 18.1612290274883 19.2744994533393 19.2744994533393 16.7237316746199 16.7237316746199 17.3742656615846 17.3742656615846 15.3662320503733 15.3662320503733 14.4278729877921 14.4278729877921 13.9924143789343 13.9924143789343 13.2737087005398 13.2737087005398
29.8299130068574 38.901327652091 38.901327652091 28.2914051434515 28.2914051434515 19.0275102402276 19.0275102402276 18.7035914963255 18.7035914963255 22.1307940171639 22.1307940171639 18.0129649037071 18.0129649037071 16.358081113573 16.358081113573 18.1068266037726 18.1068266037726 16.7901216526773 16.7901216526773 15.9922156053787 15.9922156053787 14.2057230050334 14.2057230050334 13.8884124004764 13.8884124004764 15.8835564702834 15.8835564702834 13.6776529788952 13.6776529788952 18.2785090516195 18.2785090516195 19.6370819369507 19.6370819369507 18.8405032698941 18.8405032698941 19.0514046614265 19.0514046614265 16.059936387974 16.059936387974 14.5437542835997 14.5437542835997 12.5961483933419 12.5961483933419 12.5393349903754 12.5393349903754 12.4654509689953 12.4654509689953 12.8818315221431 12.8818315221431 12.7663128845585 12.7663128845585 15.8189782695219 15.8189782695219
33.3798936810062 40.5589178302791 40.5589178302791 34.7871658198285 34.7871658198285 23.7879634483881 23.7879634483881 20.6062586004372 20.6062586004372 19.4522817949243 19.4522817949243 16.0130872295428 16.0130872295428 16.0179048629969 16.0179048629969 17.007161485405 17.007161485405 19.7823261452252 19.7823261452252 19.1126827921646 19.1126827921646 18.4577950007037 18.4577950007037 17.8346322122138 17.8346322122138 16.9737676103515 16.9737676103515 15.6119034790257 15.6119034790257 17.0945592891735 17.0945592891735 16.3922455553219 16.3922455553219 15.4100910279714 15.4100910279714 13.3974570873747 13.3974570873747 12.7767329153428 12.7767329153428 6.61402370863095 6.61402370863095 11.5186387829972 11.5186387829972 13.3554127874479 13.3554127874479 14.9927655783381 14.9927655783381 14.4212084639358 14.4212084639358 12.8968244222662 12.8968244222662 10.9959208358129 10.9959208358129
49.1574045929465 35.147302404803 35.147302404803 41.5488862578151 41.5488862578151 27.5595712607765 27.5595712607765 22.4584975860053 22.4584975860053 20.3352469540731 20.3352469540731 16.2890312650777 16.2890312650777 14.7677287709491 14.7677287709491 14.4342878224706 14.4342878224706 22.5185566507769 22.5185566507769 20.867456658436 20.867456658436 17.7611658039729 17.7611658039729 17.5906414159475 17.5906414159475 16.6148322500022 16.6148322500022 17.675853915229 17.675853915229 14.6156796491873 14.6156796491873 15.2023767341805 15.2023767341805 14.4163991467028 14.4163991467028 13.5145236061744 13.5145236061744 13.289523423403 13.289523423403 12.5593583929672 12.5593583929672 15.1728465350072 15.1728465350072 15.7708129731102 15.7708129731102 11.6647800588768 11.6647800588768 11.2964084697566 11.2964084697566 10.8048824064439 10.8048824064439 9.05529797988755 9.05529797988755
63.8661958780298 39.7611435990046 39.7611435990046 37.5057472333906 37.5057472333906 30.7807851256803 30.7807851256803 18.7436845735234 18.7436845735234 20.356787627116 20.356787627116 18.4199136947577 18.4199136947577 14.8191971639235 14.8191971639235 10.9587309221824 10.9587309221824 16.9115333604883 16.9115333604883 18.7884385311889 18.7884385311889 17.5162092697607 17.5162092697607 17.4115355128691 17.4115355128691 17.3968668550119 17.3968668550119 16.1095751587641 16.1095751587641 14.086242305557 14.086242305557 15.1847152652708 15.1847152652708 13.0809004405518 13.0809004405518 13.7444702546358 13.7444702546358 12.8614066455594 12.8614066455594 14.8814361000037 14.8814361000037 17.7143738590727 17.7143738590727 12.4573666054827 12.4573666054827 10.9923427221416 10.9923427221416 13.2475339712318 13.2475339712318 10.1593325826979 10.1593325826979 12.2355613728166 12.2355613728166
30.3758728161036 38.7313436393164 38.7313436393164 41.2052280340994 41.2052280340994 24.4138002557686 24.4138002557686 20.7628410311405 20.7628410311405 11.3985796584533 11.3985796584533 29.9624827385864 29.9624827385864 15.079560244725 15.079560244725 15.3663835081311 15.3663835081311 12.4350345536878 12.4350345536878 17.2600434799084 17.2600434799084 18.7783589612785 18.7783589612785 16.5676445927379 16.5676445927379 16.3847236037046 16.3847236037046 17.06778041612 17.06778041612 17.3551171550372 17.3551171550372 14.5431328114324 14.5431328114324 16.7767394399377 16.7767394399377 13.1773449147178 13.1773449147178 12.2929512536537 12.2929512536537 12.6225650634248 12.6225650634248 13.9970422741167 13.9970422741167 10.4446508001414 10.4446508001414 9.88999484576275 9.88999484576275 18.5025086806199 18.5025086806199 23.9304354942202 23.9304354942202 15.1636370942138 15.1636370942138
20.7197090898005 26.4965132934315 26.4965132934315 28.8329611948003 28.8329611948003 25.8395594989753 25.8395594989753 21.5917350109285 21.5917350109285 16.6156763083598 16.6156763083598 21.7757447075069 21.7757447075069 14.255750091943 14.255750091943 12.4677836625453 12.4677836625453 13.814316762915 13.814316762915 14.2414842602284 14.2414842602284 15.8448230833432 15.8448230833432 17.4392723277615 17.4392723277615 18.6932241254825 18.6932241254825 18.3958776479904 18.3958776479904 18.929438150828 18.929438150828 17.2124446286248 17.2124446286248 13.8200770630405 13.8200770630405 12.9572018128015 12.9572018128015 11.7287508693501 11.7287508693501 10.6085176360905 10.6085176360905 12.4676866197975 12.4676866197975 15.3869069058794 15.3869069058794 10.8354970022784 10.8354970022784 24.2040011075551 24.2040011075551 27.0586185584156 27.0586185584156 23.5801897550741 23.5801897550741
18.4756996299203 24.2352017423571 24.2352017423571 24.654063276273 24.654063276273 21.737210773575 21.737210773575 19.246564119489 19.246564119489 19.6483563337503 19.6483563337503 20.0275511127134 20.0275511127134 15.3369102712041 15.3369102712041 14.8469486306463 14.8469486306463 14.3258559601494 14.3258559601494 15.7030740789568 15.7030740789568 11.9773064041506 11.9773064041506 19.9021796790548 19.9021796790548 16.2485769721795 16.2485769721795 19.7137664107643 19.7137664107643 19.9647861123766 19.9647861123766 18.608064081751 18.608064081751 10.3849372436063 10.3849372436063 15.2845831785489 15.2845831785489 3.53835608995567 3.53835608995567 9.01276910345908 9.01276910345908 14.834683731967 14.834683731967 17.1075821950183 17.1075821950183 18.9286509519814 18.9286509519814 24.5193820533051 24.5193820533051 29.4292603242119 29.4292603242119 30.3826393436827 30.3826393436827
16.5289568017302 16.7167095343151 16.7167095343151 19.6869795922559 19.6869795922559 27.1672171756566 27.1672171756566 18.7840671396368 18.7840671396368 20.3682651670348 20.3682651670348 24.6921108517452 24.6921108517452 19.3698387535988 19.3698387535988 16.1600896570616 16.1600896570616 14.5654049198379 14.5654049198379 17.889262940667 17.889262940667 16.4237977154504 16.4237977154504 21.741604947074 21.741604947074 20.9114592531346 20.9114592531346 21.3771475794992 21.3771475794992 22.4293813298249 22.4293813298249 24.2330352859135 24.2330352859135 14.838811262446 14.838811262446 15.0166271064016 15.0166271064016 12.0875432095971 12.0875432095971 13.6787470435588 13.6787470435588 17.7769070917688 17.7769070917688 21.9488085279816 21.9488085279816 19.6833274508285 19.6833274508285 22.3015915256458 22.3015915256458 29.3379588653605 29.3379588653605 32.9024254650964 32.9024254650964
14.4367867363067 10.8229914131286 10.8229914131286 14.8770535754307 14.8770535754307 22.7683008178299 22.7683008178299 24.6003969354138 24.6003969354138 21.1110882485705 21.1110882485705 24.8367602209653 24.8367602209653 13.987421880729 13.987421880729 17.8822744565467 17.8822744565467 17.3793616792604 17.3793616792604 20.2399135095886 20.2399135095886 20.8001414827646 20.8001414827646 19.1175981450758 19.1175981450758 25.3503068757626 25.3503068757626 24.0044923508599 24.0044923508599 26.2280432527845 26.2280432527845 24.5928919592255 24.5928919592255 18.7211124039068 18.7211124039068 17.5824050088409 17.5824050088409 15.9406739321199 15.9406739321199 16.7605879057884 16.7605879057884 19.2812101600763 19.2812101600763 24.6745446644266 24.6745446644266 23.0574981981175 23.0574981981175 23.7775879958093 23.7775879958093 29.5919466544326 29.5919466544326 33.5483071716938 33.5483071716938
14.5625620024019 12.9345630117834 12.9345630117834 16.954356485027 16.954356485027 17.8418359847191 17.8418359847191 21.0939607732736 21.0939607732736 23.4277173174165 23.4277173174165 26.1338796677619 26.1338796677619 21.7138281211553 21.7138281211553 20.1926741261159 20.1926741261159 25.3833230084914 25.3833230084914 29.3770965964873 29.3770965964873 20.7444928702411 20.7444928702411 21.7776256113418 21.7776256113418 24.965223809418 24.965223809418 24.4523815956721 24.4523815956721 21.8770127374705 21.8770127374705 18.0706323875782 18.0706323875782 17.6112050868511 17.6112050868511 18.4028975033918 18.4028975033918 16.4349865880647 16.4349865880647 19.2602307121916 19.2602307121916 20.5514906560375 20.5514906560375 27.7488667114226 27.7488667114226 26.6243005458785 26.6243005458785 28.1891469265783 28.1891469265783 32.0476130713581 32.0476130713581 36.6503092532011 36.6503092532011
16.7707373538831 15.1206521426476 15.1206521426476 17.0741205949271 17.0741205949271 18.3902733477114 18.3902733477114 17.2180464011585 17.2180464011585 23.7253244639061 23.7253244639061 26.1242987154129 26.1242987154129 23.4373623858242 23.4373623858242 22.1094635795062 22.1094635795062 22.9164444409448 22.9164444409448 23.3259942518725 23.3259942518725 17.1147876179998 17.1147876179998 19.6421406034993 19.6421406034993 20.1007607666817 20.1007607666817 19.5248770579434 19.5248770579434 18.3775054732218 18.3775054732218 17.4209040755595 17.4209040755595 22.8449051979145 22.8449051979145 20.4432727986588 20.4432727986588 19.8185191640485 19.8185191640485 22.3829692354669 22.3829692354669 24.6305328366924 24.6305328366924 26.2571432108206 26.2571432108206 26.6795190935072 26.6795190935072 33.5847449117528 33.5847449117528 31.5007703614132 31.5007703614132 35.3895252526123 35.3895252526123
19.4621764824325 17.6725821175963 17.6725821175963 14.4755097897223 14.4755097897223 18.4713912219553 18.4713912219553 17.6456630107676 17.6456630107676 19.5433711924969 19.5433711924969 24.1140787204231 24.1140787204231 22.3548155847114 22.3548155847114 25.8413748271624 25.8413748271624 23.9134647063628 23.9134647063628 19.2958753675716 19.2958753675716 19.4891807526361 19.4891807526361 21.3710237126643 21.3710237126643 19.2328643522319 19.2328643522319 23.2090216778005 23.2090216778005 20.9709014447331 20.9709014447331 16.8178293067163 16.8178293067163 25.1258763263176 25.1258763263176 20.4869496323064 20.4869496323064 20.579598295712 20.579598295712 24.6772858545174 24.6772858545174 24.6090184888118 24.6090184888118 25.8571684320137 25.8571684320137 26.2153973325395 26.2153973325395 27.3852993558365 27.3852993558365 26.561974515462 26.561974515462 32.4203328364896 32.4203328364896
19.5032684072127 22.9751154529374 22.9751154529374 14.4567220365067 14.4567220365067 16.9832757500622 16.9832757500622 16.386693314894 16.386693314894 15.6498434020449 15.6498434020449 20.7326546813708 20.7326546813708 17.9549278186341 17.9549278186341 24.1339332809056 24.1339332809056 23.0170876847727 23.0170876847727 22.5789714523837 22.5789714523837 19.898800647583 19.898800647583 19.6031359631439 19.6031359631439 21.3971671054223 21.3971671054223 22.7728021269164 22.7728021269164 18.3898053203883 18.3898053203883 14.9457275484 14.9457275484 22.5711832622772 22.5711832622772 19.1833935158595 19.1833935158595 20.4066539531984 20.4066539531984 22.9470044405005 22.9470044405005 22.4388968341761 22.4388968341761 24.0269009891523 24.0269009891523 24.8325979798211 24.8325979798211 21.8719371192796 21.8719371192796 20.6920184171427 20.6920184171427 22.06331687728 22.06331687728
23.0596797614568 14.3159183453704 14.3159183453704 16.9595687893356 16.9595687893356 15.5858435277488 15.5858435277488 15.1403018799394 15.1403018799394 17.4205681264111 17.4205681264111 15.9483706355718 15.9483706355718 15.5653584524216 15.5653584524216 21.8407146332428 21.8407146332428 21.691334770528 21.691334770528 23.3611110830959 23.3611110830959 17.0628753541005 17.0628753541005 21.5224040125488 21.5224040125488 21.7890792978623 21.7890792978623 22.8985221235749 22.8985221235749 17.4720570367675 17.4720570367675 14.2578143828919 14.2578143828919 20.0635297570172 20.0635297570172 22.0130922792963 22.0130922792963 21.4582090607657 21.4582090607657 21.8464816442544 21.8464816442544 23.3086203080338 23.3086203080338 23.885393629301 23.885393629301 25.431955404529 25.431955404529 24.5064519405406 24.5064519405406 25.3807968045024 25.3807968045024 21.8523512574496 21.8523512574496
38.0056131353341 22.1063473746723 22.1063473746723 18.4193226724484 18.4193226724484 20.8556729571302 20.8556729571302 19.3032540359824 19.3032540359824 17.015629909982 17.015629909982 18.6152605648094 18.6152605648094 18.6607254104169 18.6607254104169 31.2019397366975 31.2019397366975 25.4747639804912 25.4747639804912 21.7303344223956 21.7303344223956 20.856729956383 20.856729956383 22.4030745828865 22.4030745828865 23.0508339380416 23.0508339380416 20.0531140278551 20.0531140278551 13.6433210706611 13.6433210706611 9.41135121059321 9.41135121059321 19.4861360079396 19.4861360079396 26.256742204791 26.256742204791 22.0531613496908 22.0531613496908 25.0202787356097 25.0202787356097 27.1127387823044 27.1127387823044 29.1988936513749 29.1988936513749 27.8318059508728 27.8318059508728 28.0919650294195 28.0919650294195 26.9111197430079 26.9111197430079 27.3284343038283 27.3284343038283
61.2603761474085 25.4633650607455 25.4633650607455 18.7409001183234 18.7409001183234 20.5917754765537 20.5917754765537 20.4344249568171 20.4344249568171 20.0172829901931 20.0172829901931 17.1004767872241 17.1004767872241 20.4760047611255 20.4760047611255 25.0248106026351 25.0248106026351 25.9035070077219 25.9035070077219 22.5455705607907 22.5455705607907 21.7124011943824 21.7124011943824 23.0223440132673 23.0223440132673 24.34299849541 24.34299849541 17.6819888805388 17.6819888805388 13.212577052389 13.212577052389 8.37758553821019 8.37758553821019 14.6105899005416 14.6105899005416 27.3385281990484 27.3385281990484 26.2008028133415 26.2008028133415 29.2979931782109 29.2979931782109 29.2239098325696 29.2239098325696 31.6193717399272 31.6193717399272 29.3324464117944 29.3324464117944 32.6884692954551 32.6884692954551 33.0376509230844 33.0376509230844 32.5957521588557 32.5957521588557
34.4083305000161 21.4497361672757 21.4497361672757 19.4019534759615 19.4019534759615 21.1001284326724 21.1001284326724 17.5357736003498 17.5357736003498 19.8502950396308 19.8502950396308 20.7278154725276 20.7278154725276 20.9813446764092 20.9813446764092 22.2672970624661 22.2672970624661 21.9460082981373 21.9460082981373 24.0261334537823 24.0261334537823 19.1939378435425 19.1939378435425 22.7501473775241 22.7501473775241 28.929718549313 28.929718549313 16.4459384526431 16.4459384526431 11.4126299064002 11.4126299064002 10.8551937994525 10.8551937994525 18.5994582135969 18.5994582135969 22.1937670819867 22.1937670819867 28.7020626817316 28.7020626817316 32.2556368472998 32.2556368472998 33.719542738908 33.719542738908 31.8480128104085 31.8480128104085 31.5379564732591 31.5379564732591 30.7820077644704 30.7820077644704 34.0465689316796 34.0465689316796 35.4051755676094 35.4051755676094
