data/thuenen/dist_ran.forest_crangon.crangon_winter.asc
NCOLS 260 
NROWS 120 
XLLCORNER -3 
YLLCORNER 51 
CELLSIZE 0.05 
NODATA_value -9999 
[rows 63 to 83 of 120, columns 144 to 191 of 260]
-3.33066907387547e-16 -3.33066907387547e-16 -3.33066907387547e-16 -3.33066907387547e-16 -3.33066907387547e-16 -3.33066907387547e-16 -3.33066907387547e-16 -3.33066907387547e-16 -3.33066907387547e-16 -3.33066907387547e-16 0.000316404013680938 0.000316404013680938 0.00375431402172 0.00375431402172 0.00026104064177912 0.00026104064177912 -2.22044604925031e-16 -2.22044604925031e-16 -2.22044604925031e-16 -2.22044604925031e-16 -2.22044604925031e-16 -2.22044604925031e-16 6.22581594729166e-05 6.22581594729166e-05 3.31839052518657e-05 3.31839052518657e-05 6.43270675211305e-05 6.43270675211305e-05 6.36155501447799e-05 6.36155501447799e-05 3.11421288516911e-05 3.11421288516911e-05 3.11421288516911e-05 3.11421288516911e-05 3.11421288516911e-05 3.11421288516911e-05 -2.22044604925031e-16 -2.22044604925031e-16 -2.22044604925031e-16 -2.22044604925031e-16 0.0109345454630583 0.0109345454630583 0.00488846299772128 0.00488846299772128 0.00179187686711546 0.00179187686711546 5.09121516101274e-06 5.09121516101274e-06
-3.33066907387547e-16 -3.33066907387547e-16 -3.33066907387547e-16 -3.33066907387547e-16 -3.33066907387547e-16 -3.33066907387547e-16 -3.33066907387547e-16 -3.33066907387547e-16 0.000252942205033246 0.000252942205033246 0.00128725582344691 0.00128725582344691 0.000365219364123259 0.000365219364123259 0.000206946947240105 0.000206946947240105 0.00179954631022228 0.00179954631022228 4.35992519436379e-05 4.35992519436379e-05 0.0104307546197706 0.0104307546197706 0.00836831211310396 0.00836831211310396 0.0205361781465776 0.0205361781465776 0.00306195137054632 0.00306195137054632 0.00308830852224173 0.00308830852224173 0.00639747636005517 0.00639747636005517 0.0314653318471017 0.0314653318471017 0.0138056898063554 0.0138056898063554 0.00922815380794351 0.00922815380794351 7.73380728995576e-05 7.73380728995576e-05 0.00275110923946942 0.00275110923946942 0.00314569040978485 0.00314569040978485 3.13680426782259e-05 3.13680426782259e-05 0.00288822658647314 0.00288822658647314
1.88823697810925e-06 1.88823697810925e-06 -3.33066907387547e-16 -3.33066907387547e-16 -3.33066907387547e-16 -3.33066907387547e-16 -3.33066907387547e-16 -3.33066907387547e-16 0.000859815412313392 0.000859815412313392 0.000322468034560375 0.000322468034560375 0.00027817748038772 0.00027817748038772 0.000514111064227274 0.000514111064227274 0.0002603385782185 0.0002603385782185 0.00836831211310396 0.00836831211310396 0.00329591137828178 0.00329591137828178 0.00306195137054632 0.00306195137054632 0.00306195137054632 0.00306195137054632 0.00306195137054632 0.00306195137054632 0.00320481895022429 0.00320481895022429 0.00320481895022429 0.00320481895022429 0.00428926669537111 0.00428926669537111 0.008531169925035 0.008531169925035 0.014244398808626 0.014244398808626 0.0253120217106393 0.0253120217106393 0.0127678241140712 0.0127678241140712 0.00576855058758996 0.00576855058758996 0.00699491010594766 0.00699491010594766 0.0245789064598909 0.0245789064598909
1.88823697810925e-06 1.88823697810925e-06 1.88823697810925e-06 1.88823697810925e-06 1.88823697810925e-06 1.88823697810925e-06 0.000263736794705371 0.000263736794705371 0.000886402251278007 0.000886402251278007 4.91319447935012e-05 4.91319447935012e-05 0.000262576178531759 0.000262576178531759 0.00367867903249564 0.00367867903249564 0.00875911249839345 0.00875911249839345 0.00523529038484627 0.00523529038484627 0.00457148065803525 0.00457148065803525 0.00390212288031555 0.00390212288031555 0.00320481895022429 0.00320481895022429 0.00311121651771473 0.00311121651771473 0.00337821864695798 0.00337821864695798 0.00337821864695798 0.00337821864695798 0.00337821864695798 0.00337821864695798 0.0096757798334377 0.0096757798334377 0.00782825117120867 0.00782825117120867 0.010159550232308 0.010159550232308 0.0199317494692115 0.0199317494692115 0.0674186750080816 0.0674186750080816 0.247507148611447 0.247507148611447 0.256121543061501 0.256121543061501
1.88823697810925e-06 1.88823697810925e-06 -3.33066907387547e-16 -3.33066907387547e-16 -3.33066907387547e-16 -3.33066907387547e-16 0.000765461346791341 0.000765461346791341 0.00148438673103657 0.00148438673103657 9.35898025522519e-05 9.35898025522519e-05 0.00105708018049344 0.00105708018049344 0.00997924727439004 0.00997924727439004 0.0035816179888708 0.0035816179888708 0.00367462804594054 0.00367462804594054 0.00334357499094962 0.00334357499094962 0.00325480651121213 0.00325480651121213 0.0234897885010592 0.0234897885010592 0.00540399467099517 0.00540399467099517 0.0117435372357313 0.0117435372357313 0.0155599770876211 0.0155599770876211 0.0361902555762303 0.0361902555762303 0.0432480676129003 0.0432480676129003 0.0336938462714755 0.0336938462714755 0.0562244253302933 0.0562244253302933 0.080461703675937 0.080461703675937 0.0645444766194192 0.0645444766194192 0.119088111432479 0.119088111432479 0.111770223199345 0.111770223199345
-3.33066907387547e-16 -3.33066907387547e-16 -3.33066907387547e-16 -3.33066907387547e-16 -2.22044604925031e-16 -2.22044604925031e-16 0.000898194440129396 0.000898194440129396 0.000891960536503422 0.000891960536503422 0.00367589783634625 0.00367589783634625 0.0116999853265927 0.0116999853265927 0.00325700016099284 0.00325700016099284 0.00356889819479989 0.00356889819479989 0.00414509236035587 0.00414509236035587 0.0132374904876904 0.0132374904876904 0.0429573754419705 0.0429573754419705 0.0696437582114198 0.0696437582114198 0.0723498463700658 0.0723498463700658 0.0854319965689863 0.0854319965689863 0.0893931554658876 0.0893931554658876 0.0820421589738078 0.0820421589738078 0.0763717574691953 0.0763717574691953 0.103267255256573 0.103267255256573 0.106005020540698 0.106005020540698 0.132942368541778 0.132942368541778 0.151300386560569 0.151300386560569 0.19310678249926 0.19310678249926 -9999 -9999
-3.33066907387547e-16 -3.33066907387547e-16 0.000545834366626696 0.000545834366626696 0.000848061725366334 0.000848061725366334 0.00203383223832665 0.00203383223832665 0.000894004070447707 0.000894004070447707 0.0059404724069414 0.0059404724069414 0.0260007171744392 0.0260007171744392 0.00638388492117437 0.00638388492117437 0.00709565109536303 0.00709565109536303 0.0295180078538775 0.0295180078538775 0.0851855250870024 0.0851855250870024 0.132566803217161 0.132566803217161 0.0681514014137836 0.0681514014137836 0.280465502452961 0.280465502452961 0.123704650469491 0.123704650469491 0.105287944018284 0.105287944018284 0.118323875376419 0.118323875376419 0.156961297532237 0.156961297532237 0.218069072189497 0.218069072189497 0.232137709953713 0.232137709953713 0.295310696099759 0.295310696099759 0.388288099719331 0.388288099719331 0.351998769729503 0.351998769729503 -9999 -9999
-2.22044604925031e-16 -2.22044604925031e-16 0.000545834366626696 0.000545834366626696 0.000299150322535358 0.000299150322535358 0.000894004070447707 0.000894004070447707 0.00089373577193208 0.00089373577193208 0.0147854256909139 0.0147854256909139 0.00734534203299786 0.00734534203299786 0.00784163180586872 0.00784163180586872 0.0267311875773137 0.0267311875773137 0.0883034806230247 0.0883034806230247 0.057140255868757 0.057140255868757 0.167772366914195 0.167772366914195 0.172500575114749 0.172500575114749 0.258965850199705 0.258965850199705 0.312648319559922 0.312648319559922 0.327922959313451 0.327922959313451 0.351517557124365 0.351517557124365 0.405475442697387 0.405475442697387 1.22910048464526 1.22910048464526 -9999 -9999 0.34784959078325 0.34784959078325 0.675080992013262 0.675080992013262 -9999 -9999 -9999 -9999
1.96642792471557e-06 1.96642792471557e-06 3.6937736493714e-05 3.6937736493714e-05 0.000165080112136673 0.000165080112136673 0.000164812009015858 0.000164812009015858 0.000164812009015858 0.000164812009015858 0.0347923166145867 0.0347923166145867 0.00467380823298336 0.00467380823298336 0.0704632585633642 0.0704632585633642 0.112237703606155 0.112237703606155 -9999 -9999 -9999 -9999 0.34067218083219 0.34067218083219 -9999 -9999 -9999 -9999 -9999 -9999 -9999 -9999 -9999 -9999 -9999 -9999 -9999 -9999 -9999 -9999 -9999 -9999 -9999 -9999 -9999 -9999 -9999 -9999
1.23932642148716e-06 1.23932642148716e-06 2.07742975044667e-07 2.07742975044667e-07 0.000145081351180965 0.000145081351180965 0.000167608992151624 0.000167608992151624 0.000331763703296017 0.000331763703296017 0.00632022675452526 0.00632022675452526 0.0304270674255762 0.0304270674255762 0.282388983076551 0.282388983076551 0.246597143183983 0.246597143183983 -9999 -9999 -9999 -9999 -9999 -9999 -9999 -9999 -9999 -9999 -9999 -9999 -9999 -9999 -9999 -9999 -9999 -9999 -9999 -9999 -9999 -9999 -9999 -9999 -9999 -9999 -9999 -9999 -9999 -9999
-2.22044604925031e-16 -2.22044604925031e-16 0.000326167063957605 0.000326167063957605 0.000143307443603247 0.000143307443603247 0.000143307443603247 0.000143307443603247 0.0162767632773353 0.0162767632773353 0.0332352099128232 0.0332352099128232 0.0851870463771862 0.0851870463771862 0.195674443822086 0.195674443822086 0.281001308862935 0.281001308862935 -9999 -9999 -9999 -9999 -9999 -9999 -9999 -9999 -9999 -9999 -9999 -9999 -9999 -9999 -9999 -9999 -9999 -9999 -9999 -9999 -9999 -9999 -9999 -9999 -9999 -9999 -9999 -9999 -9999 -9999
-2.22044604925031e-16 -2.22044604925031e-16 0.000252942205033468 0.000252942205033468 0.00035279484449724 0.00035279484449724 0.00035279484449724 0.00035279484449724 0.0347374665353166 0.0347374665353166 0.0746356519744917 0.0746356519744917 0.16345434360451 0.16345434360451 -9999 -9999 -9999 -9999 -9999 -9999 -9999 -9999 -9999 -9999 -9999 -9999 -9999 -9999 -9999 -9999 -9999 -9999 -9999 -9999 -9999 -9999 -9999 -9999 -9999 -9999 -9999 -9999 -9999 -9999 -9999 -9999 -9999 -9999
-2.22044604925031e-16 -2.22044604925031e-16 0.000252942205033468 0.000252942205033468 0.00149330176727624 0.00149330176727624 0.00149953941626491 0.00149953941626491 0.0135660525181069 0.0135660525181069 0.0850418715555286 0.0850418715555286 -9999 -9999 -9999 -9999 -9999 -9999 -9999 -9999 -9999 -9999 -9999 -9999 -9999 -9999 -9999 -9999 -9999 -9999 -9999 -9999 -9999 -9999 -9999 -9999 -9999 -9999 -9999 -9999 -9999 -9999 -9999 -9999 -9999 -9999 -9999 -9999
-2.22044604925031e-16 -2.22044604925031e-16 0.00117165838204114 0.00117165838204114 -2.22044604925031e-16 -2.22044604925031e-16 0.000459388904157976 0.000459388904157976 0.0905443717637355 0.0905443717637355 -9999 -9999 -9999 -9999 -9999 -9999 -9999 -9999 -9999 -9999 -9999 -9999 -9999 -9999 -9999 -9999 -9999 -9999 -9999 -9999 -9999 -9999 -9999 -9999 -9999 -9999 -9999 -9999 -9999 -9999 -9999 -9999 -9999 -9999 -9999 -9999 -9999 -9999
-2.22044604925031e-16 -2.22044604925031e-16 0.0011013565986675 0.0011013565986675 0.00108309713686316 0.00108309713686316 0.0028943150680576 0.0028943150680576 0.130959839139209 0.130959839139209 -9999 -9999 -9999 -9999 -9999 -9999 -9999 -9999 -9999 -9999 -9999 -9999 -9999 -9999 -9999 -9999 -9999 -9999 -9999 -9999 -9999 -9999 -9999 -9999 -9999 -9999 -9999 -9999 -9999 -9999 -9999 -9999 -9999 -9999 -9999 -9999 -9999 -9999
-2.22044604925031e-16 -2.22044604925031e-16 0.00107991977588817 0.00107991977588817 3.9875120092292e-05 3.9875120092292e-05 0.0192999318414684 0.0192999318414684 0.107775349808804 0.107775349808804 -9999 -9999 -9999 -9999 -9999 -9999 -9999 -9999 -9999 -9999 -9999 -9999 -9999 -9999 -9999 -9999 -9999 -9999 -9999 -9999 -9999 -9999 -9999 -9999 -9999 -9999 -9999 -9999 -9999 -9999 -9999 -9999 -9999 -9999 -9999 -9999 -9999 -9999
-2.22044604925031e-16 -2.22044604925031e-16 -2.22044604925031e-16 -2.22044604925031e-16 0.000264535151310641 0.000264535151310641 0.113437904655808 0.113437904655808 0.119078403444154 0.119078403444154 -9999 -9999 -9999 -9999 -9999 -9999 -9999 -9999 -9999 -9999 -9999 -9999 -9999 -9999 -9999 -9999 -9999 -9999 -9999 -9999 -9999 -9999 -9999 -9999 -9999 -9999 -9999 -9999 -9999 -9999 -9999 -9999 -9999 -9999 -9999 -9999 -9999 -9999
0.00642942330134932 0.00642942330134932 0.000348643368687229 0.000348643368687229 0.000317491352478827 0.000317491352478827 0.520541099122026 0.520541099122026 -9999 -9999 -9999 -9999 -9999 -9999 -9999 -9999 -9999 -9999 -9999 -9999 -9999 -9999 -9999 -9999 -9999 -9999 -9999 -9999 -9999 -9999 -9999 -9999 -9999 -9999 -9999 -9999 -9999 -9999 -9999 -9999 -9999 -9999 -9999 -9999 -9999 -9999 -9999 -9999
0.0004251255613823 0.0004251255613823 0.000179425314144277 0.000179425314144277 0.000139537320153371 0.000139537320153371 0.20674157175553 0.20674157175553 0.216484727586728 0.216484727586728 -9999 -9999 -9999 -9999 -9999 -9999 -9999 -9999 -9999 -9999 -9999 -9999 -9999 -9999 -9999 -9999 -9999 -9999 -9999 -9999 -9999 -9999 -9999 -9999 -9999 -9999 -9999 -9999 -9999 -9999 -9999 -9999 -9999 -9999 -9999 -9999 -9999 -9999
0.00027436131916514 0.00027436131916514 0.0013946613991016 0.0013946613991016 0.00679235639535558 0.00679235639535558 0.167647799245231 0.167647799245231 0.226500414459947 0.226500414459947 -9999 -9999 -9999 -9999 -9999 -9999 -9999 -9999 -9999 -9999 -9999 -9999 -9999 -9999 -9999 -9999 -9999 -9999 -9999 -9999 -9999 -9999 -9999 -9999 -9999 -9999 -9999 -9999 -9999 -9999 -9999 -9999 -9999 -9999 -9999 -9999 -9999 -9999
0.00218599929096275 0.00218599929096275 0.00422209682339414 0.00422209682339414 0.000669052401696124 0.000669052401696124 0.135487953897752 0.135487953897752 0.310004661886731 0.310004661886731 -9999 -9999 -9999 -9999 -9999 -9999 -9999 -9999 -9999 -9999 -9999 -9999 -9999 -9999 -9999 -9999 -9999 -9999 -9999 -9999 -9999 -9999 -9999 -9999 -9999 -9999 -9999 -9999 -9999 -9999 -9999 -9999 -9999 -9999 -9999 -9999 -9999 -9999
