data/thuenen/dist_ran.forest_pleuronectes.platessa_winter.asc
NCOLS 260 
NROWS 120 
XLLCORNER -3 
YLLCORNER 51 
CELLSIZE 0.05 
NODATA_value -9999 
[rows 46 to 68 of 120, columns 53 to 105 of 260]
29.1371888005922 13.326530011998 13.326530011998 20.4997870932224 20.4997870932224 20.591439140146 20.591439140146 20.1154423210384 20.1154423210384 18.7641075089655 18.7641075089655 19.5358495102136 19.5358495102136 20.2871133601369 20.2871133601369 24.1664427075522 24.1664427075522 23.4725960511902 23.4725960511902 25.6583759271199 25.6583759271199 23.7950189033504 23.7950189033504 23.9739541765248 23.9739541765248 27.5771222609165 27.5771222609165 25.6779798906359 25.6779798906359 16.5193034521483 16.5193034521483 13.97371880907 13.97371880907 22.5364953351393 22.5364953351393 30.1582180787593 30.1582180787593 31.5317162219288 31.5317162219288 37.7424496295176 37.7424496295176 38.1147250705177 38.1147250705177 33.2311265233197 33.2311265233197 31.6243266850174 31.6243266850174 33.8468725124136 33.8468725124136 31.5779618847809 31.5779618847809 46.460568202226 46.460568202226
20.5043958274027 22.009172389226 22.009172389226 24.9660395297317 24.9660395297317 21.2740069039749 21.2740069039749 21.0493112524222 21.0493112524222 19.4459370379163 19.4459370379163 18.8692603981711 18.8692603981711 19.3142864358043 19.3142864358043 21.7451620608518 21.7451620608518 21.837245171636 21.837245171636 25.8219880285602 25.8219880285602 25.6311445837393 25.6311445837393 25.7004261093099 25.7004261093099 25.6630246086025 25.6630246086025 30.1941358269268 30.1941358269268 15.5344443622766 15.5344443622766 29.8921790907804 29.8921790907804 21.4841032534362 21.4841032534362 30.4780175026993 30.4780175026993 37.2321376458329 37.2321376458329 45.8093652869033 45.8093652869033 43.4596095482024 43.4596095482024 37.449493915703 37.449493915703 36.5788545894931 36.5788545894931 41.9253787169861 41.9253787169861 37.6005039794677 37.6005039794677 43.1178875515559 43.1178875515559
17.3588575396657 20.2822577510252 20.2822577510252 26.2468227903274 26.2468227903274 21.4731103458825 21.4731103458825 22.1230769236029 22.1230769236029 20.6343368782843 20.6343368782843 17.2141528370371 17.2141528370371 18.8581651577212 18.8581651577212 23.9134702353734 23.9134702353734 22.0682972034587 22.0682972034587 25.1382232689714 25.1382232689714 27.5974393533309 27.5974393533309 27.4947850461021 27.4947850461021 25.9364043828023 25.9364043828023 30.0432212924817 30.0432212924817 25.6934741358949 25.6934741358949 21.6663570396456 21.6663570396456 21.961398935676 21.961398935676 25.4834512002491 25.4834512002491 37.2867490671527 37.2867490671527 39.1624550669403 39.1624550669403 39.2703906673069 39.2703906673069 39.7278219461375 39.7278219461375 39.8884283318328 39.8884283318328 43.1846190964206 43.1846190964206 44.9023545752919 44.9023545752919 42.6055946773589 42.6055946773589
14.8986435734115 17.2860118492304 17.2860118492304 23.0507593153904 23.0507593153904 25.9439932364809 25.9439932364809 22.5300530491795 22.5300530491795 22.9751790315683 22.9751790315683 21.2663754231416 21.2663754231416 21.3865030278721 21.3865030278721 22.5282395033946 22.5282395033946 24.3522305446465 24.3522305446465 24.6387643833606 24.6387643833606 28.5793517325818 28.5793517325818 27.3075450589867 27.3075450589867 29.7513454309765 29.7513454309765 29.3648528138035 29.3648528138035 29.2793339626399 29.2793339626399 29.035017958393 29.035017958393 27.3835975383043 27.3835975383043 33.4941272537547 33.4941272537547 39.372796726155 39.372796726155 36.8331992679731 36.8331992679731 35.3213758699698 35.3213758699698 39.2846211078591 39.2846211078591 36.6541933723467 36.6541933723467 38.4101869277604 38.4101869277604 41.6062731910412 41.6062731910412 47.5236458994567 47.5236458994567
9.00668861250015 13.330283085094 13.330283085094 25.4489672233179 25.4489672233179 20.9058054270754 20.9058054270754 23.2855688838702 23.2855688838702 19.3326320879451 19.3326320879451 22.214365821782 22.214365821782 21.3512982852751 21.3512982852751 19.1677848977001 19.1677848977001 21.5246339172868 21.5246339172868 25.0196281505724 25.0196281505724 29.8637833230605 29.8637833230605 27.3960614227781 27.3960614227781 27.8487597616278 27.8487597616278 29.5313193985187 29.5313193985187 31.4500522793174 31.4500522793174 30.4609266735795 30.4609266735795 33.4271799323678 33.4271799323678 33.893301750258 33.893301750258 37.3397796791631 37.3397796791631 44.8634311021624 44.8634311021624 35.7438793250969 35.7438793250969 37.8037641018552 37.8037641018552 34.5782525003289 34.5782525003289 34.151814898644 34.151814898644 25.7610847459339 25.7610847459339 43.9054976000317 43.9054976000317
6.68923232594008 7.69701654831754 7.69701654831754 16.8926034199926 16.8926034199926 18.3843744386349 18.3843744386349 17.041679300228 17.041679300228 20.3214753194739 20.3214753194739 19.1825424503087 19.1825424503087 23.5914316448569 23.5914316448569 21.5580164664677 21.5580164664677 21.545652266197 21.545652266197 25.8800984274076 25.8800984274076 32.4551505804057 32.4551505804057 30.9762346753053 30.9762346753053 28.4796582774588 28.4796582774588 20.1788696697408 20.1788696697408 38.055407506055 38.055407506055 34.1633437542304 34.1633437542304 38.6120706688722 38.6120706688722 35.0795665958158 35.0795665958158 41.1864151958242 41.1864151958242 52.9914515242532 52.9914515242532 30.8540682824117 30.8540682824117 38.6564228520983 38.6564228520983 38.6025985937524 38.6025985937524 37.5184048900607 37.5184048900607 36.8983870597924 36.8983870597924 40.0692940236809 40.0692940236809
11.0043410256022 3.69287775362962 3.69287775362962 9.69196979906827 9.69196979906827 13.6992363188139 13.6992363188139 16.2051044877907 16.2051044877907 16.7742850790892 16.7742850790892 17.943240108688 17.943240108688 18.7218379882525 18.7218379882525 22.4169141055496 22.4169141055496 22.3318122005473 22.3318122005473 29.0831381931929 29.0831381931929 35.935556724784 35.935556724784 35.7602317066615 35.7602317066615 32.6183590461859 32.6183590461859 20.0346605281304 20.0346605281304 35.952440962327 35.952440962327 33.2811413121353 33.2811413121353 44.080022084911 44.080022084911 38.4160300160939 38.4160300160939 31.6303131555884 31.6303131555884 36.0855515485714 36.0855515485714 34.3752058914484 34.3752058914484 29.7731654173444 29.7731654173444 39.5004242100118 39.5004242100118 38.9227803275054 38.9227803275054 39.8574139365527 39.8574139365527 42.5696047043109 42.5696047043109
9.71805400021127 9.49232857246064 9.49232857246064 5.29194536515792 5.29194536515792 8.53395785340826 8.53395785340826 13.4752704516068 13.4752704516068 15.5978180090921 15.5978180090921 15.9670780752827 15.9670780752827 17.1329706951898 17.1329706951898 18.8406393299968 18.8406393299968 20.0554884608152 20.0554884608152 28.1240815500079 28.1240815500079 36.8305561231352 36.8305561231352 40.8626497590431 40.8626497590431 36.439700600914 36.439700600914 30.2912633424471 30.2912633424471 37.6622008124113 37.6622008124113 35.903888040627 35.903888040627 34.3891539027267 34.3891539027267 33.3216147993843 33.3216147993843 34.0075653516334 34.0075653516334 27.5506650600995 27.5506650600995 30.7526859582676 30.7526859582676 25.0700482939357 25.0700482939357 34.924665190758 34.924665190758 38.7561569150378 38.7561569150378 42.5880485428234 42.5880485428234 45.3245513068569 45.3245513068569
9.92546499088498 11.6485438368598 11.6485438368598 8.5238352341166 8.5238352341166 4.8029812483584 4.8029812483584 7.80742701820783 7.80742701820783 10.2608152706903 10.2608152706903 15.3913523071598 15.3913523071598 17.2559652095243 17.2559652095243 15.7791735601496 15.7791735601496 14.790213032312 14.790213032312 27.2175726118045 27.2175726118045 35.1396852647232 35.1396852647232 37.3254752807329 37.3254752807329 30.2527597234291 30.2527597234291 29.4707144858278 29.4707144858278 34.6581695807512 34.6581695807512 36.030834498952 36.030834498952 32.7342858340106 32.7342858340106 33.8506181319676 33.8506181319676 32.5089966968397 32.5089966968397 25.1615667909329 25.1615667909329 28.0613480903599 28.0613480903599 25.1958634448344 25.1958634448344 32.1710979590625 32.1710979590625 34.8819724324906 34.8819724324906 39.1348043420976 39.1348043420976 44.0888461146397 44.0888461146397
-9999 10.3078767280829 10.3078767280829 12.7791180069547 12.7791180069547 6.67512133727127 6.67512133727127 3.99832754668248 3.99832754668248 4.51706106501122 4.51706106501122 14.070649408134 14.070649408134 16.4620948725793 16.4620948725793 22.158372490606 22.158372490606 19.2208159615571 19.2208159615571 23.9822621061498 23.9822621061498 26.5681187350039 26.5681187350039 33.4308979490956 33.4308979490956 26.3164771014949 26.3164771014949 27.9967844167351 27.9967844167351 32.8907181767951 32.8907181767951 37.6569165220162 37.6569165220162 43.369142367197 43.369142367197 39.8140684108759 39.8140684108759 32.6807082415526 32.6807082415526 26.4704816173968 26.4704816173968 24.8877622728068 24.8877622728068 23.2790376804916 23.2790376804916 37.516294966328 37.516294966328 42.2317203759952 42.2317203759952 42.5865663376283 42.5865663376283 45.0084374458189 45.0084374458189
-9999 -9999 -9999 -9999 -9999 9.57628545282074 9.57628545282074 4.65713706278905 4.65713706278905 2.71896711752639 2.71896711752639 3.96518558196886 3.96518558196886 15.8745519073772 15.8745519073772 20.5078143051997 20.5078143051997 19.7312133478951 19.7312133478951 24.813663277183 24.813663277183 27.7671567422512 27.7671567422512 30.6327513981183 30.6327513981183 29.8691507100049 29.8691507100049 34.5604457589382 34.5604457589382 33.2994004477569 33.2994004477569 35.7350192653383 35.7350192653383 78.6594407497292 78.6594407497292 48.0348580217468 48.0348580217468 21.6279220402053 21.6279220402053 27.2890814530334 27.2890814530334 23.0846586958181 23.0846586958181 27.2272935861412 27.2272935861412 28.8514161858687 28.8514161858687 26.923844843744 26.923844843744 30.3472415547203 30.3472415547203 30.5242124770191 30.5242124770191
-9999 -9999 -9999 -9999 -9999 10.4221073859911 10.4221073859911 9.15582768234591 9.15582768234591 4.08052062473925 4.08052062473925 3.31495916011116 3.31495916011116 9.96144822666886 9.96144822666886 16.1115970038971 16.1115970038971 22.0464897883218 22.0464897883218 24.5683928444883 24.5683928444883 28.5582978521472 28.5582978521472 24.2180562431243 24.2180562431243 22.1905169726968 22.1905169726968 32.312471530368 32.312471530368 33.1486723780719 33.1486723780719 32.6780622307903 32.6780622307903 34.7723879249367 34.7723879249367 36.9612239357197 36.9612239357197 28.3897199796821 28.3897199796821 22.6125634149399 22.6125634149399 19.0492384468116 19.0492384468116 30.1816720502078 30.1816720502078 37.3695176367786 37.3695176367786 36.9989643441327 36.9989643441327 42.7420631222146 42.7420631222146 44.3367531967589 44.3367531967589
-9999 -9999 -9999 -9999 -9999 8.21306968419638 8.21306968419638 9.17530097756311 9.17530097756311 5.0426702337439 5.0426702337439 4.32751011170217 4.32751011170217 8.2275782585854 8.2275782585854 14.4338225103682 14.4338225103682 19.3580471959167 19.3580471959167 26.6480356622276 26.6480356622276 27.3789808232658 27.3789808232658 26.8898531138602 26.8898531138602 23.4467222224154 23.4467222224154 24.4514457062186 24.4514457062186 27.6453520356041 27.6453520356041 26.6866098409954 26.6866098409954 24.9746906032888 24.9746906032888 24.6076245489797 24.6076245489797 32.1761381849323 32.1761381849323 37.3765702378174 37.3765702378174 40.0573168172643 40.0573168172643 34.6064493698166 34.6064493698166 33.7785803607518 33.7785803607518 38.1362198057871 38.1362198057871 36.2390985068825 36.2390985068825 45.1193674408095 45.1193674408095
-9999 -9999 -9999 -9999 -9999 7.40660383068423 7.40660383068423 9.00356507941745 9.00356507941745 9.24604885489799 9.24604885489799 5.82861675581141 5.82861675581141 7.82579070991627 7.82579070991627 15.7568779132863 15.7568779132863 18.922882867737 18.922882867737 23.3984727644267 23.3984727644267 25.3018471350814 25.3018471350814 28.0098687922774 28.0098687922774 24.7948576258506 24.7948576258506 24.0463281807593 24.0463281807593 25.2055878472466 25.2055878472466 23.319989901358 23.319989901358 20.0223506705047 20.0223506705047 21.818238973331 21.818238973331 24.330152419479 24.330152419479 28.3081030972936 28.3081030972936 34.635456147287 34.635456147287 36.4195206274118 36.4195206274118 38.7077952328177 38.7077952328177 44.0049901980549 44.0049901980549 44.1981604579867 44.1981604579867 50.7881646234918 50.7881646234918
-9999 -9999 -9999 -9999 -9999 8.55250682826192 8.55250682826192 8.85830722685624 8.85830722685624 10.6811985092453 10.6811985092453 5.45400818115466 5.45400818115466 8.28622990911764 8.28622990911764 15.5407940050168 15.5407940050168 24.4467363315537 24.4467363315537 24.2065301125633 24.2065301125633 32.7300245489409 32.7300245489409 37.1143949516308 37.1143949516308 34.1698224218731 34.1698224218731 20.9077573917259 20.9077573917259 24.8551197421907 24.8551197421907 28.8073666309315 28.8073666309315 10.0178489610461 10.0178489610461 17.8748727061275 17.8748727061275 17.0414003056004 17.0414003056004 18.5379265080376 18.5379265080376 27.752992226269 27.752992226269 32.6162693921201 32.6162693921201 32.1934197694057 32.1934197694057 34.9585520191703 34.9585520191703 34.3606887026198 34.3606887026198 45.7395797890913 45.7395797890913
-9999 -9999 -9999 -9999 -9999 8.68769705174919 8.68769705174919 9.64365361085579 9.64365361085579 11.9418724790297 11.9418724790297 17.0855249619923 17.0855249619923 10.2635385514828 10.2635385514828 15.8716117196382 15.8716117196382 19.8652877180224 19.8652877180224 20.7736624195816 20.7736624195816 26.7053247860097 26.7053247860097 37.2058583569822 37.2058583569822 31.1937873344823 31.1937873344823 24.0516047390069 24.0516047390069 25.3968640814065 25.3968640814065 27.9936334694162 27.9936334694162 24.3789242792187 24.3789242792187 23.7610813516605 23.7610813516605 23.3643822266878 23.3643822266878 26.1893681740387 26.1893681740387 29.8693673446664 29.8693673446664 32.4753385424205 32.4753385424205 36.9833583572944 36.9833583572944 40.7206833781187 40.7206833781187 43.604526010742 43.604526010742 47.2882932206851 47.2882932206851
-9999 -9999 -9999 -9999 -9999 9.84892439309325 9.84892439309325 9.71864061884352 9.71864061884352 11.178200307826 11.178200307826 12.3867182045195 12.3867182045195 10.7312903709721 10.7312903709721 9.5018167352058 9.5018167352058 12.6979502263048 12.6979502263048 12.6681170119689 12.6681170119689 12.5294686116382 12.5294686116382 19.5676869113392 19.5676869113392 21.1258435275774 21.1258435275774 26.4244434759066 26.4244434759066 26.5441313365945 26.5441313365945 32.1314184835565 32.1314184835565 29.4367881385809 29.4367881385809 27.5527103945328 27.5527103945328 23.9699468800149 23.9699468800149 25.468934705424 25.468934705424 29.1702250552192 29.1702250552192 29.6388079135173 29.6388079135173 36.8446021692771 36.8446021692771 39.9594585880885 39.9594585880885 45.4265807352871 45.4265807352871 51.6873950224857 51.6873950224857
-9999 -9999 -9999 -9999 -9999 9.27073420951795 9.27073420951795 9.25351424146965 9.25351424146965 9.72689355775333 9.72689355775333 10.453713715104 10.453713715104 11.2016726390896 11.2016726390896 8.82449728212848 8.82449728212848 10.0820518818907 10.0820518818907 11.704316039927 11.704316039927 11.6950283660767 11.6950283660767 13.7696297761918 13.7696297761918 9.73865508347164 9.73865508347164 20.0018373500525 20.0018373500525 24.0615987398554 24.0615987398554 31.8923584194765 31.8923584194765 21.4183531777075 21.4183531777075 22.2936385474876 22.2936385474876 25.2361592655519 25.2361592655519 27.9365132912061 27.9365132912061 27.8590213072179 27.8590213072179 29.0903525920676 29.0903525920676 36.9609623137858 36.9609623137858 39.1883925533469 39.1883925533469 42.9777843124012 42.9777843124012 50.7240503732673 50.7240503732673
-9999 -9999 -9999 -9999 -9999 -9999 -9999 9.11795745597383 9.11795745597383 8.51641155858156 8.51641155858156 10.1933148462468 10.1933148462468 9.67405214893854 9.67405214893854 9.1671733914599 9.1671733914599 10.0629667607884 10.0629667607884 9.66885572362168 9.66885572362168 8.85188291740239 8.85188291740239 10.251510831811 10.251510831811 15.8793004618253 15.8793004618253 16.2776555314281 16.2776555314281 19.3556841532552 19.3556841532552 24.7730020616171 24.7730020616171 24.4711462267764 24.4711462267764 25.86686917586 25.86686917586 25.9626673950066 25.9626673950066 25.8485388326087 25.8485388326087 28.1275380383108 28.1275380383108 28.1507942960699 28.1507942960699 37.4021557840287 37.4021557840287 40.359655922938 40.359655922938 45.0692301087698 45.0692301087698 52.2415993821144 52.2415993821144
-9999 -9999 -9999 -9999 -9999 -9999 -9999 -9999 -9999 7.94384338327664 7.94384338327664 8.42717350452406 8.42717350452406 9.54659666817372 9.54659666817372 7.86822827578037 7.86822827578037 8.02102668068315 8.02102668068315 9.47990409429402 9.47990409429402 11.5537033347086 11.5537033347086 12.3502187319154 12.3502187319154 17.2500787361905 17.2500787361905 23.2816373344239 23.2816373344239 21.81603454 21.81603454 25.8263413471385 25.8263413471385 28.0304726474421 28.0304726474421 31.3033613495599 31.3033613495599 24.5669886388475 24.5669886388475 27.3105428845885 27.3105428845885 28.9271676692055 28.9271676692055 36.2985381426382 36.2985381426382 37.8531197561222 37.8531197561222 47.1744239907806 47.1744239907806 44.9316382870432 44.9316382870432 50.8006902808855 50.8006902808855
-9999 -9999 -9999 -9999 -9999 -9999 -9999 -9999 -9999 -9999 -9999 7.61865348120265 7.61865348120265 8.42155451531306 8.42155451531306 7.68777075653237 7.68777075653237 8.57800521423846 8.57800521423846 10.4529315400728 10.4529315400728 11.4319223381293 11.4319223381293 11.0322604205832 11.0322604205832 16.5545411648251 16.5545411648251 22.6025780219644 22.6025780219644 20.3456051747841 20.3456051747841 20.8926041511833 20.8926041511833 20.3121521969016 20.3121521969016 26.6738329750164 26.6738329750164 31.9170737480734 31.9170737480734 25.8453080774748 25.8453080774748 34.1055497390615 34.1055497390615 38.5132652759205 38.5132652759205 40.1752107268819 40.1752107268819 48.7529456729188 48.7529456729188 48.3609938483516 48.3609938483516 57.3654471109497 57.3654471109497
-9999 -9999 -9999 -9999 -9999 -9999 -9999 -9999 -9999 -9999 -9999 7.18468085651311 7.18468085651311 7.0405999095712 7.0405999095712 7.32492776240758 7.32492776240758 6.86692699060443 6.86692699060443 10.3485730608177 10.3485730608177 12.7747946182431 12.7747946182431 9.50241053692854 9.50241053692854 16.3547495107466 16.3547495107466 14.1377854877909 14.1377854877909 14.6200709966211 14.6200709966211 16.5133369244656 16.5133369244656 15.5173414828753 15.5173414828753 16.8508509575351 16.8508509575351 36.5913632510585 36.5913632510585 28.5770229673925 28.5770229673925 30.2738550658593 30.2738550658593 32.8497214739185 32.8497214739185 37.9484568115491 37.9484568115491 40.109114291255 40.109114291255 44.6411884530202 44.6411884530202 63.5902338105531 63.5902338105531
-9999 -9999 -9999 -9999 -9999 -9999 -9999 -9999 -9999 8.90428591383933 8.90428591383933 8.89229569561761 8.89229569561761 6.89627194235488 6.89627194235488 7.62807938481958 7.62807938481958 8.1114255868734 8.1114255868734 9.13248349876365 9.13248349876365 14.314715676957 14.314715676957 10.4061362295306 10.4061362295306 13.7570666314348 13.7570666314348 11.0498068158545 11.0498068158545 11.3899199617948 11.3899199617948 13.1295806653767 13.1295806653767 13.7174406267892 13.7174406267892 16.4990151319262 16.4990151319262 30.2223562726447 30.2223562726447 31.4077768458569 31.4077768458569 43.5382277949947 43.5382277949947 39.156649529365 39.156649529365 39.3689500833592 39.3689500833592 54.6340781678996 54.6340781678996 63.3398112057919 63.3398112057919 115.381751915325 115.381751915325
