data/thuenen/dist_ran.forest_crangon.crangon_winter.asc
NCOLS 260 
NROWS 120 
XLLCORNER -3 
YLLCORNER 51 
CELLSIZE 0.05 
NODATA_value -9999 
[rows 0 to 20 of 120, columns 0 to 47 of 260]
-9999.000000000000000 -9999 -9999 -9999 -9999 -9999 -9999 -9999 -9999 -9999 -9999 -9999 -9999 -9999 -9999 -9999 0.0197295303817737 0.0197295303817737 0.0109322820918516 0.0109322820918516 0.00134501811907306 0.00134501811907306 -2.22044604925031e-16 -2.22044604925031e-16 -2.22044604925031e-16 -2.22044604925031e-16 -2.22044604925031e-16 -2.22044604925031e-16 -2.22044604925031e-16 -2.22044604925031e-16 -2.22044604925031e-16 -2.22044604925031e-16 -2.22044604925031e-16 -2.22044604925031e-16 -2.22044604925031e-16 -2.22044604925031e-16 -2.22044604925031e-16 -2.22044604925031e-16 -3.33066907387547e-16 -3.33066907387547e-16 -3.33066907387547e-16 -3.33066907387547e-16 -3.33066907387547e-16 -3.33066907387547e-16 0.000101734544830201 0.000101734544830201 -3.33066907387547e-16 -3.33066907387547e-16
-9999 -9999 -9999 -9999 -9999 -9999 -9999 -9999 -9999 -9999 -9999 -9999 -9999 -9999 -9999 -9999 0.01179464943063 0.01179464943063 0.00849913941657721 0.00849913941657721 4.1833981390127e-05 4.1833981390127e-05 -2.22044604925031e-16 -2.22044604925031e-16 -2.22044604925031e-16 -2.22044604925031e-16 -2.22044604925031e-16 -2.22044604925031e-16 -2.22044604925031e-16 -2.22044604925031e-16 -2.22044604925031e-16 -2.22044604925031e-16 -2.22044604925031e-16 -2.22044604925031e-16 -2.22044604925031e-16 -2.22044604925031e-16 -2.22044604925031e-16 -2.22044604925031e-16 -3.33066907387547e-16 -3.33066907387547e-16 -3.33066907387547e-16 -3.33066907387547e-16 -3.33066907387547e-16 -3.33066907387547e-16 -3.33066907387547e-16 -3.33066907387547e-16 -3.33066907387547e-16 -3.33066907387547e-16
-9999 -9999 -9999 -9999 -9999 -9999 -9999 -9999 -9999 -9999 -9999 -9999 -9999 -9999 -9999 -9999 0.015402792855866 0.015402792855866 0.00790083175033396 0.00790083175033396 -2.22044604925031e-16 -2.22044604925031e-16 -2.22044604925031e-16 -2.22044604925031e-16 -2.22044604925031e-16 -2.22044604925031e-16 -2.22044604925031e-16 -2.22044604925031e-16 -2.22044604925031e-16 -2.22044604925031e-16 -2.22044604925031e-16 -2.22044604925031e-16 -2.22044604925031e-16 -2.22044604925031e-16 -2.22044604925031e-16 -2.22044604925031e-16 -2.22044604925031e-16 -2.22044604925031e-16 -3.33066907387547e-16 -3.33066907387547e-16 -3.33066907387547e-16 -3.33066907387547e-16 -3.33066907387547e-16 -3.33066907387547e-16 -3.33066907387547e-16 -3.33066907387547e-16 -3.33066907387547e-16 -3.33066907387547e-16
-9999 -9999 -9999 -9999 -9999 -9999 -9999 -9999 -9999 -9999 -9999 -9999 -9999 -9999 0.0231608289335976 0.0231608289335976 0.0125215846599207 0.0125215846599207 0.0013473863986353 0.0013473863986353 -2.22044604925031e-16 -2.22044604925031e-16 -2.22044604925031e-16 -2.22044604925031e-16 -2.22044604925031e-16 -2.22044604925031e-16 -2.22044604925031e-16 -2.22044604925031e-16 -2.22044604925031e-16 -2.22044604925031e-16 -2.22044604925031e-16 -2.22044604925031e-16 -2.22044604925031e-16 -2.22044604925031e-16 -3.33066907387547e-16 -3.33066907387547e-16 -2.22044604925031e-16 -2.22044604925031e-16 -3.33066907387547e-16 -3.33066907387547e-16 -3.33066907387547e-16 -3.33066907387547e-16 -3.33066907387547e-16 -3.33066907387547e-16 -3.33066907387547e-16 -3.33066907387547e-16 -3.33066907387547e-16 -3.33066907387547e-16
-9999 -9999 -9999 -9999 -9999 -9999 -9999 -9999 -9999 -9999 -9999 -9999 -9999 -9999 0.0123703918049503 0.0123703918049503 0.00869200689299721 0.00869200689299721 7.22790891287683e-05 7.22790891287683e-05 -2.22044604925031e-16 -2.22044604925031e-16 -2.22044604925031e-16 -2.22044604925031e-16 -2.22044604925031e-16 -2.22044604925031e-16 -2.22044604925031e-16 -2.22044604925031e-16 -2.22044604925031e-16 -2.22044604925031e-16 -2.22044604925031e-16 -2.22044604925031e-16 -2.22044604925031e-16 -2.22044604925031e-16 -3.33066907387547e-16 -3.33066907387547e-16 -2.22044604925031e-16 -2.22044604925031e-16 -3.33066907387547e-16 -3.33066907387547e-16 -3.33066907387547e-16 -3.33066907387547e-16 -3.33066907387547e-16 -3.33066907387547e-16 4.44626377229529e-05 4.44626377229529e-05 -3.33066907387547e-16 -3.33066907387547e-16
-9999 -9999 -9999 -9999 -9999 -9999 -9999 -9999 -9999 -9999 -9999 -9999 0.0103451214883885 0.0103451214883885 0.0111641195152201 0.0111641195152201 0.00591445364323517 0.00591445364323517 -2.22044604925031e-16 -2.22044604925031e-16 -2.22044604925031e-16 -2.22044604925031e-16 -2.22044604925031e-16 -2.22044604925031e-16 -2.22044604925031e-16 -2.22044604925031e-16 -2.22044604925031e-16 -2.22044604925031e-16 -2.22044604925031e-16 -2.22044604925031e-16 -2.22044604925031e-16 -2.22044604925031e-16 -2.22044604925031e-16 -2.22044604925031e-16 -3.33066907387547e-16 -3.33066907387547e-16 -2.22044604925031e-16 -2.22044604925031e-16 -3.33066907387547e-16 -3.33066907387547e-16 -3.33066907387547e-16 -3.33066907387547e-16 -3.33066907387547e-16 -3.33066907387547e-16 4.44626377229529e-05 4.44626377229529e-05 -3.33066907387547e-16 -3.33066907387547e-16
-9999 -9999 -9999 -9999 -9999 -9999 -9999 -9999 -9999 -9999 -9999 -9999 0.0117056993776008 0.0117056993776008 0.0083332337142108 0.0083332337142108 0.000158982961498522 0.000158982961498522 -2.22044604925031e-16 -2.22044604925031e-16 -2.22044604925031e-16 -2.22044604925031e-16 -2.22044604925031e-16 -2.22044604925031e-16 -2.22044604925031e-16 -2.22044604925031e-16 -2.22044604925031e-16 -2.22044604925031e-16 -2.22044604925031e-16 -2.22044604925031e-16 -2.22044604925031e-16 -2.22044604925031e-16 -2.22044604925031e-16 -2.22044604925031e-16 -3.33066907387547e-16 -3.33066907387547e-16 -3.33066907387547e-16 -3.33066907387547e-16 -3.33066907387547e-16 -3.33066907387547e-16 -3.33066907387547e-16 -3.33066907387547e-16 -3.33066907387547e-16 -3.33066907387547e-16 -3.33066907387547e-16 -3.33066907387547e-16 -3.33066907387547e-16 -3.33066907387547e-16
-9999 -9999 -9999 -9999 -9999 -9999 -9999 -9999 -9999 -9999 0.019643835664289 0.019643835664289 0.0100181399683519 0.0100181399683519 0.0017087143555623 0.0017087143555623 0.000270216969670445 0.000270216969670445 -2.22044604925031e-16 -2.22044604925031e-16 -2.22044604925031e-16 -2.22044604925031e-16 -2.22044604925031e-16 -2.22044604925031e-16 -2.22044604925031e-16 -2.22044604925031e-16 -2.22044604925031e-16 -2.22044604925031e-16 -2.22044604925031e-16 -2.22044604925031e-16 -2.22044604925031e-16 -2.22044604925031e-16 -2.22044604925031e-16 -2.22044604925031e-16 -3.33066907387547e-16 -3.33066907387547e-16 -3.33066907387547e-16 -3.33066907387547e-16 -3.33066907387547e-16 -3.33066907387547e-16 -3.33066907387547e-16 -3.33066907387547e-16 -3.33066907387547e-16 -3.33066907387547e-16 -3.33066907387547e-16 -3.33066907387547e-16 -3.33066907387547e-16 -3.33066907387547e-16
-9999 -9999 -9999 -9999 -9999 -9999 -9999 -9999 -9999 -9999 0.0198327347093605 0.0198327347093605 0.00738332474093184 0.00738332474093184 0.000131826905463095 0.000131826905463095 -2.22044604925031e-16 -2.22044604925031e-16 -2.22044604925031e-16 -2.22044604925031e-16 -2.22044604925031e-16 -2.22044604925031e-16 -2.22044604925031e-16 -2.22044604925031e-16 -2.22044604925031e-16 -2.22044604925031e-16 -2.22044604925031e-16 -2.22044604925031e-16 -3.33066907387547e-16 -3.33066907387547e-16 -3.33066907387547e-16 -3.33066907387547e-16 -3.33066907387547e-16 -3.33066907387547e-16 -3.33066907387547e-16 -3.33066907387547e-16 -3.33066907387547e-16 -3.33066907387547e-16 -3.33066907387547e-16 -3.33066907387547e-16 -3.33066907387547e-16 -3.33066907387547e-16 -3.33066907387547e-16 -3.33066907387547e-16 -3.33066907387547e-16 -3.33066907387547e-16 -3.33066907387547e-16 -3.33066907387547e-16
-9999 -9999 -9999 -9999 -9999 -9999 -9999 -9999 0.0102519249921353 0.0102519249921353 0.0140339366566524 0.0140339366566524 0.001393984700375 0.001393984700375 -2.22044604925031e-16 -2.22044604925031e-16 -2.22044604925031e-16 -2.22044604925031e-16 -2.22044604925031e-16 -2.22044604925031e-16 -2.22044604925031e-16 -2.22044604925031e-16 -2.22044604925031e-16 -2.22044604925031e-16 -2.22044604925031e-16 -2.22044604925031e-16 -2.22044604925031e-16 -2.22044604925031e-16 -3.33066907387547e-16 -3.33066907387547e-16 -3.33066907387547e-16 -3.33066907387547e-16 -3.33066907387547e-16 -3.33066907387547e-16 -3.33066907387547e-16 -3.33066907387547e-16 -3.33066907387547e-16 -3.33066907387547e-16 -3.33066907387547e-16 -3.33066907387547e-16 -3.33066907387547e-16 -3.33066907387547e-16 -3.33066907387547e-16 -3.33066907387547e-16 -3.33066907387547e-16 -3.33066907387547e-16 -3.33066907387547e-16 -3.33066907387547e-16
-9999 -9999 -9999 -9999 -9999 -9999 -9999 -9999 0.00992906769132662 0.00992906769132662 0.00464255069660657 0.00464255069660657 0.000132205624948645 0.000132205624948645 -2.22044604925031e-16 -2.22044604925031e-16 -2.22044604925031e-16 -2.22044604925031e-16 -2.22044604925031e-16 -2.22044604925031e-16 -2.22044604925031e-16 -2.22044604925031e-16 -2.22044604925031e-16 -2.22044604925031e-16 -2.22044604925031e-16 -2.22044604925031e-16 -3.33066907387547e-16 -3.33066907387547e-16 -3.33066907387547e-16 -3.33066907387547e-16 -3.33066907387547e-16 -3.33066907387547e-16 -3.33066907387547e-16 -3.33066907387547e-16 -3.33066907387547e-16 -3.33066907387547e-16 -3.33066907387547e-16 -3.33066907387547e-16 -3.33066907387547e-16 -3.33066907387547e-16 -3.33066907387547e-16 -3.33066907387547e-16 -3.33066907387547e-16 -3.33066907387547e-16 -3.33066907387547e-16 -3.33066907387547e-16 -3.33066907387547e-16 -3.33066907387547e-16
-9999 -9999 -9999 -9999 -9999 -9999 0.0319085584896248 0.0319085584896248 0.00650040668088536 0.00650040668088536 0.00592836271142905 0.00592836271142905 6.73505644543937e-05 6.73505644543937e-05 -2.22044604925031e-16 -2.22044604925031e-16 -2.22044604925031e-16 -2.22044604925031e-16 -2.22044604925031e-16 -2.22044604925031e-16 -2.22044604925031e-16 -2.22044604925031e-16 -2.22044604925031e-16 -2.22044604925031e-16 -3.33066907387547e-16 -3.33066907387547e-16 -3.33066907387547e-16 -3.33066907387547e-16 -3.33066907387547e-16 -3.33066907387547e-16 -3.33066907387547e-16 -3.33066907387547e-16 -3.33066907387547e-16 -3.33066907387547e-16 -3.33066907387547e-16 -3.33066907387547e-16 -3.33066907387547e-16 -3.33066907387547e-16 -3.33066907387547e-16 -3.33066907387547e-16 -3.33066907387547e-16 -3.33066907387547e-16 -3.33066907387547e-16 -3.33066907387547e-16 -3.33066907387547e-16 -3.33066907387547e-16 -3.33066907387547e-16 -3.33066907387547e-16
-9999 -9999 -9999 -9999 -9999 -9999 0.0196145779609467 0.0196145779609467 0.0131790163348435 0.0131790163348435 0.00166282484811964 0.00166282484811964 0.000270216969670445 0.000270216969670445 0.000270216969670445 0.000270216969670445 -2.22044604925031e-16 -2.22044604925031e-16 -2.22044604925031e-16 -2.22044604925031e-16 -2.22044604925031e-16 -2.22044604925031e-16 -3.33066907387547e-16 -3.33066907387547e-16 -3.33066907387547e-16 -3.33066907387547e-16 -3.33066907387547e-16 -3.33066907387547e-16 -3.33066907387547e-16 -3.33066907387547e-16 -3.33066907387547e-16 -3.33066907387547e-16 -3.33066907387547e-16 -3.33066907387547e-16 -3.33066907387547e-16 -3.33066907387547e-16 -3.33066907387547e-16 -3.33066907387547e-16 -3.33066907387547e-16 -3.33066907387547e-16 -3.33066907387547e-16 -3.33066907387547e-16 -3.33066907387547e-16 -3.33066907387547e-16 -3.33066907387547e-16 -3.33066907387547e-16 -3.33066907387547e-16 -3.33066907387547e-16
-9999 -9999 -9999 -9999 -9999 -9999 0.0207904505422118 0.0207904505422118 0.0101732446005409 0.0101732446005409 0.00806169357827824 0.00806169357827824 0.000270216969670445 0.000270216969670445 0.000270216969670445 0.000270216969670445 0.000270216969670445 0.000270216969670445 -3.33066907387547e-16 -3.33066907387547e-16 -3.33066907387547e-16 -3.33066907387547e-16 -3.33066907387547e-16 -3.33066907387547e-16 -3.33066907387547e-16 -3.33066907387547e-16 -2.22044604925031e-16 -2.22044604925031e-16 -3.33066907387547e-16 -3.33066907387547e-16 -3.33066907387547e-16 -3.33066907387547e-16 -2.22044604925031e-16 -2.22044604925031e-16 -2.22044604925031e-16 -2.22044604925031e-16 -2.22044604925031e-16 -2.22044604925031e-16 -3.33066907387547e-16 -3.33066907387547e-16 -3.33066907387547e-16 -3.33066907387547e-16 -3.33066907387547e-16 -3.33066907387547e-16 -3.33066907387547e-16 -3.33066907387547e-16 -3.33066907387547e-16 -3.33066907387547e-16
-9999 -9999 -9999 -9999 -9999 -9999 -9999 -9999 0.0138041978452097 0.0138041978452097 0.00846075998918017 0.00846075998918017 0.000433969789901179 0.000433969789901179 0.000270216969670445 0.000270216969670445 0.000270216969670445 0.000270216969670445 -2.22044604925031e-16 -2.22044604925031e-16 -2.22044604925031e-16 -2.22044604925031e-16 -3.33066907387547e-16 -3.33066907387547e-16 -3.33066907387547e-16 -3.33066907387547e-16 -2.22044604925031e-16 -2.22044604925031e-16 -3.33066907387547e-16 -3.33066907387547e-16 -2.22044604925031e-16 -2.22044604925031e-16 -2.22044604925031e-16 -2.22044604925031e-16 -3.33066907387547e-16 -3.33066907387547e-16 -2.22044604925031e-16 -2.22044604925031e-16 -3.33066907387547e-16 -3.33066907387547e-16 -3.33066907387547e-16 -3.33066907387547e-16 -3.33066907387547e-16 -3.33066907387547e-16 -3.33066907387547e-16 -3.33066907387547e-16 -3.33066907387547e-16 -3.33066907387547e-16
-9999 -9999 -9999 -9999 -9999 -9999 0.0245799254506012 0.0245799254506012 0.0185125355751015 0.0185125355751015 0.0107904938007626 0.0107904938007626 0.000321275134649301 0.000321275134649301 0.000270216969670445 0.000270216969670445 -2.22044604925031e-16 -2.22044604925031e-16 -3.33066907387547e-16 -3.33066907387547e-16 0.000355003450274172 0.000355003450274172 -3.33066907387547e-16 -3.33066907387547e-16 -3.33066907387547e-16 -3.33066907387547e-16 -3.33066907387547e-16 -3.33066907387547e-16 -2.22044604925031e-16 -2.22044604925031e-16 -3.33066907387547e-16 -3.33066907387547e-16 -2.22044604925031e-16 -2.22044604925031e-16 -2.22044604925031e-16 -2.22044604925031e-16 -2.22044604925031e-16 -2.22044604925031e-16 -2.22044604925031e-16 -2.22044604925031e-16 -3.33066907387547e-16 -3.33066907387547e-16 -3.33066907387547e-16 -3.33066907387547e-16 -3.33066907387547e-16 -3.33066907387547e-16 -3.33066907387547e-16 -3.33066907387547e-16
-9999 -9999 -9999 -9999 0.0232325456598981 0.0232325456598981 0.025931478547355 0.025931478547355 0.0134883195758857 0.0134883195758857 0.0142614981326641 0.0142614981326641 0.000710990226260089 0.000710990226260089 6.66946979264171e-05 6.66946979264171e-05 -3.33066907387547e-16 -3.33066907387547e-16 -3.33066907387547e-16 -3.33066907387547e-16 -3.33066907387547e-16 -3.33066907387547e-16 -3.33066907387547e-16 -3.33066907387547e-16 -3.33066907387547e-16 -3.33066907387547e-16 -2.22044604925031e-16 -2.22044604925031e-16 -2.22044604925031e-16 -2.22044604925031e-16 -3.33066907387547e-16 -3.33066907387547e-16 -2.22044604925031e-16 -2.22044604925031e-16 -3.33066907387547e-16 -3.33066907387547e-16 -2.22044604925031e-16 -2.22044604925031e-16 -2.22044604925031e-16 -2.22044604925031e-16 -3.33066907387547e-16 -3.33066907387547e-16 -3.33066907387547e-16 -3.33066907387547e-16 -3.33066907387547e-16 -3.33066907387547e-16 -3.33066907387547e-16 -3.33066907387547e-16
-9999 -9999 -9999 -9999 -9999 -9999 -9999 -9999 0.0176535635727904 0.0176535635727904 0.0150334176226961 0.0150334176226961 0.0126310234745952 0.0126310234745952 0.0003432402850021 0.0003432402850021 0.000217575244840562 0.000217575244840562 1.32242959087758e-05 1.32242959087758e-05 -3.33066907387547e-16 -3.33066907387547e-16 -3.33066907387547e-16 -3.33066907387547e-16 -3.33066907387547e-16 -3.33066907387547e-16 -3.33066907387547e-16 -3.33066907387547e-16 -2.22044604925031e-16 -2.22044604925031e-16 -3.33066907387547e-16 -3.33066907387547e-16 -3.33066907387547e-16 -3.33066907387547e-16 -3.33066907387547e-16 -3.33066907387547e-16 -2.22044604925031e-16 -2.22044604925031e-16 -2.22044604925031e-16 -2.22044604925031e-16 -2.22044604925031e-16 -2.22044604925031e-16 -2.22044604925031e-16 -2.22044604925031e-16 -2.22044604925031e-16 -2.22044604925031e-16 -2.22044604925031e-16 -2.22044604925031e-16
-9999 -9999 -9999 -9999 -9999 -9999 -9999 -9999 0.00885069650405357 0.00885069650405357 0.00792105834504375 0.00792105834504375 0.0137056812764853 0.0137056812764853 0.0102578538881843 0.0102578538881843 0.0121111002704675 0.0121111002704675 0.000521947693741254 0.000521947693741254 -3.33066907387547e-16 -3.33066907387547e-16 -3.33066907387547e-16 -3.33066907387547e-16 -3.33066907387547e-16 -3.33066907387547e-16 -2.22044604925031e-16 -2.22044604925031e-16 -2.22044604925031e-16 -2.22044604925031e-16 -3.33066907387547e-16 -3.33066907387547e-16 -3.33066907387547e-16 -3.33066907387547e-16 -3.33066907387547e-16 -3.33066907387547e-16 -2.22044604925031e-16 -2.22044604925031e-16 -2.22044604925031e-16 -2.22044604925031e-16 -2.22044604925031e-16 -2.22044604925031e-16 -2.22044604925031e-16 -2.22044604925031e-16 -2.22044604925031e-16 -2.22044604925031e-16 -2.22044604925031e-16 -2.22044604925031e-16
-9999 -9999 -9999 -9999 -9999 -9999 -9999 -9999 -9999 -9999 0.0100290851573666 0.0100290851573666 0.0137135853400412 0.0137135853400412 0.0118195675773889 0.0118195675773889 0.0125767527959071 0.0125767527959071 0.00760201080259604 0.00760201080259604 0.000112239638856426 0.000112239638856426 -3.33066907387547e-16 -3.33066907387547e-16 -3.33066907387547e-16 -3.33066907387547e-16 -3.33066907387547e-16 -3.33066907387547e-16 -3.33066907387547e-16 -3.33066907387547e-16 -2.22044604925031e-16 -2.22044604925031e-16 -2.22044604925031e-16 -2.22044604925031e-16 -2.22044604925031e-16 -2.22044604925031e-16 -3.33066907387547e-16 -3.33066907387547e-16 -3.33066907387547e-16 -3.33066907387547e-16 -2.22044604925031e-16 -2.22044604925031e-16 -2.22044604925031e-16 -2.22044604925031e-16 -2.22044604925031e-16 -2.22044604925031e-16 -2.22044604925031e-16 -2.22044604925031e-16
-9999 -9999 -9999 -9999 -9999 -9999 -9999 -9999 -9999 -9999 -9999 -9999 0.00952971109288003 0.00952971109288003 0.0146270646178661 0.0146270646178661 0.0149684814516173 0.0149684814516173 0.0125716230815069 0.0125716230815069 0.00118314113929885 0.00118314113929885 -3.33066907387547e-16 -3.33066907387547e-16 -3.33066907387547e-16 -3.33066907387547e-16 -2.22044604925031e-16 -2.22044604925031e-16 -3.33066907387547e-16 -3.33066907387547e-16 -3.33066907387547e-16 -3.33066907387547e-16 -2.22044604925031e-16 -2.22044604925031e-16 -2.22044604925031e-16 -2.22044604925031e-16 -2.22044604925031e-16 -2.22044604925031e-16 -2.22044604925031e-16 -2.22044604925031e-16 -2.22044604925031e-16 -2.22044604925031e-16 -2.22044604925031e-16 -2.22044604925031e-16 -2.22044604925031e-16 -2.22044604925031e-16 -3.33066907387547e-16 -3.33066907387547e-16
