data/thuenen/dist_ran.forest_crangon.crangon_winter.asc
NCOLS 260 
NROWS 120 
XLLCORNER -3 
YLLCORNER 51 
CELLSIZE 0.05 
NODATA_value -9999 
[rows 21 to 41 of 120, columns 192 to 239 of 260]
-3.33066907387547e-16 -3.33066907387547e-16 -3.33066907387547e-16 -3.33066907387547e-16 -3.33066907387547e-16 -3.33066907387547e-16 -3.33066907387547e-16 -3.33066907387547e-16 0.000169670414379874 0.000169670414379874 0.000471733106616412 0.000471733106616412 0.00559662622106449 0.00559662622106449 0.000139236912540808 0.000139236912540808 6.7071044689726e-05 6.7071044689726e-05 -2.22044604925031e-16 -2.22044604925031e-16 3.95780272777202e-07 3.95780272777202e-07 2.5677431536586e-05 2.5677431536586e-05 2.63130278306267e-05 2.63130278306267e-05 0.000866020582323879 0.000866020582323879 0.0424532211124926 0.0424532211124926 -9999 -9999 -9999 -9999 -9999 -9999 -9999 -9999 -9999 -9999 -9999 -9999 -9999 -9999 -9999 -9999 -9999 -9999
-3.33066907387547e-16 -3.33066907387547e-16 -3.33066907387547e-16 -3.33066907387547e-16 -3.33066907387547e-16 -3.33066907387547e-16 -3.33066907387547e-16 -3.33066907387547e-16 0.00108309713686316 0.00108309713686316 3.27762588747671e-05 3.27762588747671e-05 2.66383317448771e-06 2.66383317448771e-06 0.000143241510880632 0.000143241510880632 -2.22044604925031e-16 -2.22044604925031e-16 -2.22044604925031e-16 -2.22044604925031e-16 3.43015164405713e-06 3.43015164405713e-06 -2.22044604925031e-16 -2.22044604925031e-16 -2.22044604925031e-16 -2.22044604925031e-16 0.00246263573128114 0.00246263573128114 0.0392504773343438 0.0392504773343438 0.193645194004982 0.193645194004982 -9999 -9999 -9999 -9999 -9999 -9999 -9999 -9999 -9999 -9999 -9999 -9999 -9999 -9999 -9999 -9999
-3.33066907387547e-16 -3.33066907387547e-16 -3.33066907387547e-16 -3.33066907387547e-16 -3.33066907387547e-16 -3.33066907387547e-16 -3.33066907387547e-16 -3.33066907387547e-16 -3.33066907387547e-16 -3.33066907387547e-16 0.000315655759426825 0.000315655759426825 0.000361422429311586 0.000361422429311586 3.99945858053918e-06 3.99945858053918e-06 -2.22044604925031e-16 -2.22044604925031e-16 0.00079040309611611 0.00079040309611611 -2.22044604925031e-16 -2.22044604925031e-16 4.86900500438203e-05 4.86900500438203e-05 1.59628791807087e-06 1.59628791807087e-06 0.00401307019653308 0.00401307019653308 0.0422872844236257 0.0422872844236257 0.216108834708837 0.216108834708837 -9999 -9999 -9999 -9999 -9999 -9999 -9999 -9999 -9999 -9999 -9999 -9999 -9999 -9999 -9999 -9999
-3.33066907387547e-16 -3.33066907387547e-16 -3.33066907387547e-16 -3.33066907387547e-16 -3.33066907387547e-16 -3.33066907387547e-16 -3.33066907387547e-16 -3.33066907387547e-16 0.000186571785530276 0.000186571785530276 -3.33066907387547e-16 -3.33066907387547e-16 0.000882972726939046 0.000882972726939046 -2.22044604925031e-16 -2.22044604925031e-16 -2.22044604925031e-16 -2.22044604925031e-16 0.00115410039204922 0.00115410039204922 0.00123942980198666 0.00123942980198666 0.00167925762271093 0.00167925762271093 0.00237767285821855 0.00237767285821855 0.00842122561541947 0.00842122561541947 0.0464649539153115 0.0464649539153115 0.211741456169556 0.211741456169556 -9999 -9999 -9999 -9999 -9999 -9999 -9999 -9999 -9999 -9999 -9999 -9999 -9999 -9999 -9999 -9999
-3.33066907387547e-16 -3.33066907387547e-16 -3.33066907387547e-16 -3.33066907387547e-16 0.0038373699090779 0.0038373699090779 -3.33066907387547e-16 -3.33066907387547e-16 -3.33066907387547e-16 -3.33066907387547e-16 -3.33066907387547e-16 -3.33066907387547e-16 -3.33066907387547e-16 -3.33066907387547e-16 8.41074104533934e-05 8.41074104533934e-05 0.00109771511863355 0.00109771511863355 0.00856179666685519 0.00856179666685519 0.00319654148782145 0.00319654148782145 0.00213968515180696 0.00213968515180696 0.00556274227675924 0.00556274227675924 0.00801046767951674 0.00801046767951674 0.0566168274802783 0.0566168274802783 0.227214587091298 0.227214587091298 -9999 -9999 -9999 -9999 -9999 -9999 -9999 -9999 -9999 -9999 -9999 -9999 -9999 -9999 -9999 -9999
-3.33066907387547e-16 -3.33066907387547e-16 -3.33066907387547e-16 -3.33066907387547e-16 -3.33066907387547e-16 -3.33066907387547e-16 -3.33066907387547e-16 -3.33066907387547e-16 -3.33066907387547e-16 -3.33066907387547e-16 0.000427221179609694 0.000427221179609694 -3.33066907387547e-16 -3.33066907387547e-16 3.73445913259829e-06 3.73445913259829e-06 0.00135919847461352 0.00135919847461352 0.00339879614499305 0.00339879614499305 0.00522238733498326 0.00522238733498326 0.00707293271697651 0.00707293271697651 0.00658722958286151 0.00658722958286151 0.0212495712547984 0.0212495712547984 0.0862793407058728 0.0862793407058728 -9999 -9999 -9999 -9999 -9999 -9999 -9999 -9999 -9999 -9999 -9999 -9999 -9999 -9999 -9999 -9999 -9999 -9999
-3.33066907387547e-16 -3.33066907387547e-16 0.0038373699090779 0.0038373699090779 2.07742974822622e-07 2.07742974822622e-07 -3.33066907387547e-16 -3.33066907387547e-16 -3.33066907387547e-16 -3.33066907387547e-16 -3.33066907387547e-16 -3.33066907387547e-16 -3.33066907387547e-16 -3.33066907387547e-16 -3.33066907387547e-16 -3.33066907387547e-16 0.0136830519075368 0.0136830519075368 0.00562257082803885 0.00562257082803885 0.00721807607333536 0.00721807607333536 0.00719281852625842 0.00719281852625842 0.0118097872979852 0.0118097872979852 0.0739389054126143 0.0739389054126143 0.163200173024635 0.163200173024635 -9999 -9999 -9999 -9999 -9999 -9999 -9999 -9999 -9999 -9999 -9999 -9999 -9999 -9999 -9999 -9999 -9999 -9999
-3.33066907387547e-16 -3.33066907387547e-16 -3.33066907387547e-16 -3.33066907387547e-16 0.000584687193071698 0.000584687193071698 -3.33066907387547e-16 -3.33066907387547e-16 -3.33066907387547e-16 -3.33066907387547e-16 -3.33066907387547e-16 -3.33066907387547e-16 -2.22044604925031e-16 -2.22044604925031e-16 -3.33066907387547e-16 -3.33066907387547e-16 0.00190037117500408 0.00190037117500408 0.00482217509030325 0.00482217509030325 0.0239815729733945 0.0239815729733945 0.00823786812439486 0.00823786812439486 0.0273488031357187 0.0273488031357187 0.0423326299151128 0.0423326299151128 0.134655056435266 0.134655056435266 -9999 -9999 -9999 -9999 -9999 -9999 -9999 -9999 -9999 -9999 -9999 -9999 -9999 -9999 -9999 -9999 -9999 -9999
1.03806018596497e-05 1.03806018596497e-05 -3.33066907387547e-16 -3.33066907387547e-16 -3.33066907387547e-16 -3.33066907387547e-16 -3.33066907387547e-16 -3.33066907387547e-16 -3.33066907387547e-16 -3.33066907387547e-16 -3.33066907387547e-16 -3.33066907387547e-16 -3.33066907387547e-16 -3.33066907387547e-16 -3.33066907387547e-16 -3.33066907387547e-16 9.67087631953412e-05 9.67087631953412e-05 0.0121859591010878 0.0121859591010878 0.01373422374251 0.01373422374251 0.0105464255586345 0.0105464255586345 0.0382781534200434 0.0382781534200434 0.039464888995439 0.039464888995439 0.17099727128249 0.17099727128249 0.532289721256796 0.532289721256796 -9999 -9999 -9999 -9999 -9999 -9999 -9999 -9999 -9999 -9999 -9999 -9999 -9999 -9999 -9999 -9999
-3.33066907387547e-16 -3.33066907387547e-16 -3.33066907387547e-16 -3.33066907387547e-16 -3.33066907387547e-16 -3.33066907387547e-16 -3.33066907387547e-16 -3.33066907387547e-16 -3.33066907387547e-16 -3.33066907387547e-16 -3.33066907387547e-16 -3.33066907387547e-16 -3.33066907387547e-16 -3.33066907387547e-16 -3.33066907387547e-16 -3.33066907387547e-16 -3.33066907387547e-16 -3.33066907387547e-16 3.95780272777202e-07 3.95780272777202e-07 0.00306837807210592 0.00306837807210592 0.00862889451164572 0.00862889451164572 0.0277337295138442 0.0277337295138442 0.0339147529571109 0.0339147529571109 0.118359957504776 0.118359957504776 0.271009012270844 0.271009012270844 -9999 -9999 -9999 -9999 -9999 -9999 -9999 -9999 -9999 -9999 -9999 -9999 -9999 -9999 -9999 -9999
-3.33066907387547e-16 -3.33066907387547e-16 -3.33066907387547e-16 -3.33066907387547e-16 4.03624461187135e-07 4.03624461187135e-07 -3.33066907387547e-16 -3.33066907387547e-16 -3.33066907387547e-16 -3.33066907387547e-16 -3.33066907387547e-16 -3.33066907387547e-16 6.08799879053823e-05 6.08799879053823e-05 3.01098345623085e-05 3.01098345623085e-05 -2.22044604925031e-16 -2.22044604925031e-16 1.00915670842028e-06 1.00915670842028e-06 1.77365339970592e-06 1.77365339970592e-06 0.00295473085144482 0.00295473085144482 0.00327580035381048 0.00327580035381048 0.00409777988081661 0.00409777988081661 0.0492610597368384 0.0492610597368384 0.13629672925801 0.13629672925801 0.176362729868382 0.176362729868382 -9999 -9999 -9999 -9999 -9999 -9999 -9999 -9999 -9999 -9999 -9999 -9999 -9999 -9999
-3.33066907387547e-16 -3.33066907387547e-16 -3.33066907387547e-16 -3.33066907387547e-16 -3.33066907387547e-16 -3.33066907387547e-16 -3.33066907387547e-16 -3.33066907387547e-16 -3.33066907387547e-16 -3.33066907387547e-16 -3.33066907387547e-16 -3.33066907387547e-16 -3.33066907387547e-16 -3.33066907387547e-16 1.85606134914806e-05 1.85606134914806e-05 0.000342507489858868 0.000342507489858868 -2.22044604925031e-16 -2.22044604925031e-16 0.00022602316189535 0.00022602316189535 0.0010098725214609 0.0010098725214609 0.00142358593884695 0.00142358593884695 0.00541031974960449 0.00541031974960449 0.00397699223033809 0.00397699223033809 0.0607391641025845 0.0607391641025845 0.0938988566069952 0.0938988566069952 0.433204358094639 0.433204358094639 -9999 -9999 -9999 -9999 -9999 -9999 -9999 -9999 -9999 -9999 -9999 -9999
-3.33066907387547e-16 -3.33066907387547e-16 -3.33066907387547e-16 -3.33066907387547e-16 -3.33066907387547e-16 -3.33066907387547e-16 -3.33066907387547e-16 -3.33066907387547e-16 -3.33066907387547e-16 -3.33066907387547e-16 -2.22044604925031e-16 -2.22044604925031e-16 0.000269235757283992 0.000269235757283992 1.85606134914806e-05 1.85606134914806e-05 -2.22044604925031e-16 -2.22044604925031e-16 -2.22044604925031e-16 -2.22044604925031e-16 0.00036435548075664 0.00036435548075664 0.000920331225664706 0.000920331225664706 0.000462423196829986 0.000462423196829986 0.00275699905974358 0.00275699905974358 0.000110217458422435 0.000110217458422435 0.00912664732087842 0.00912664732087842 0.0884454413651186 0.0884454413651186 0.170729490021643 0.170729490021643 -9999 -9999 -9999 -9999 -9999 -9999 -9999 -9999 -9999 -9999 -9999 -9999
-3.33066907387547e-16 -3.33066907387547e-16 -3.33066907387547e-16 -3.33066907387547e-16 -2.22044604925031e-16 -2.22044604925031e-16 -3.33066907387547e-16 -3.33066907387547e-16 -3.33066907387547e-16 -3.33066907387547e-16 -2.22044604925031e-16 -2.22044604925031e-16 1.91542949787848e-05 1.91542949787848e-05 -2.22044604925031e-16 -2.22044604925031e-16 5.47833806423537e-05 5.47833806423537e-05 -2.22044604925031e-16 -2.22044604925031e-16 1.32713182290356e-05 1.32713182290356e-05 0.000287480721274047 0.000287480721274047 0.000657888510418037 0.000657888510418037 0.00300399682205787 0.00300399682205787 0.000287637199430035 0.000287637199430035 0.00446097717702343 0.00446097717702343 0.0766753262250486 0.0766753262250486 0.104259547764077 0.104259547764077 0.21076269037013 0.21076269037013 -9999 -9999 -9999 -9999 -9999 -9999 -9999 -9999 -9999 -9999
-3.33066907387547e-16 -3.33066907387547e-16 -3.33066907387547e-16 -3.33066907387547e-16 -3.33066907387547e-16 -3.33066907387547e-16 -3.33066907387547e-16 -3.33066907387547e-16 4.44626377229529e-05 4.44626377229529e-05 0.00021993638083817 0.00021993638083817 1.87164399134687e-05 1.87164399134687e-05 5.93670468118646e-07 5.93670468118646e-07 1.06592802695538e-06 1.06592802695538e-06 -2.22044604925031e-16 -2.22044604925031e-16 4.43413939810178e-06 4.43413939810178e-06 0.000434039033207601 0.000434039033207601 0.000454183194809277 0.000454183194809277 0.00305682289193077 0.00305682289193077 0.00195317691797059 0.00195317691797059 0.042998663978574 0.042998663978574 0.0916649351605052 0.0916649351605052 0.240016382891485 0.240016382891485 0.370069920499307 0.370069920499307 -9999 -9999 -9999 -9999 -9999 -9999 -9999 -9999 -9999 -9999
-3.33066907387547e-16 -3.33066907387547e-16 -3.33066907387547e-16 -3.33066907387547e-16 -2.22044604925031e-16 -2.22044604925031e-16 -3.33066907387547e-16 -3.33066907387547e-16 -2.22044604925031e-16 -2.22044604925031e-16 0.000720609721430732 0.000720609721430732 -2.22044604925031e-16 -2.22044604925031e-16 5.93670468118646e-07 5.93670468118646e-07 1.26381835485745e-06 1.26381835485745e-06 5.15697426490824e-05 5.15697426490824e-05 -1.11022302462516e-16 -1.11022302462516e-16 0.000443956542505841 0.000443956542505841 0.00153718863109131 0.00153718863109131 0.00117487578887499 0.00117487578887499 0.00156195945334492 0.00156195945334492 0.0390851699022443 0.0390851699022443 0.100426004807416 0.100426004807416 0.133623822124976 0.133623822124976 0.424741977665638 0.424741977665638 -9999 -9999 -9999 -9999 -9999 -9999 -9999 -9999 -9999 -9999
-3.33066907387547e-16 -3.33066907387547e-16 -3.33066907387547e-16 -3.33066907387547e-16 -3.33066907387547e-16 -3.33066907387547e-16 -3.33066907387547e-16 -3.33066907387547e-16 1.39760924742216e-05 1.39760924742216e-05 0.000454652496629127 0.000454652496629127 -3.33066907387547e-16 -3.33066907387547e-16 -2.22044604925031e-16 -2.22044604925031e-16 -2.22044604925031e-16 -2.22044604925031e-16 2.26569644512509e-06 2.26569644512509e-06 -2.22044604925031e-16 -2.22044604925031e-16 0.000703754861690387 0.000703754861690387 0.0026293266469164 0.0026293266469164 0.00682488859145791 0.00682488859145791 0.000995498875325573 0.000995498875325573 0.0136755661121877 0.0136755661121877 0.0893548126304953 0.0893548126304953 0.0803181313514489 0.0803181313514489 -9999 -9999 -9999 -9999 -9999 -9999 -9999 -9999 -9999 -9999 -9999 -9999
-3.33066907387547e-16 -3.33066907387547e-16 -3.33066907387547e-16 -3.33066907387547e-16 -3.33066907387547e-16 -3.33066907387547e-16 -3.33066907387547e-16 -3.33066907387547e-16 -3.33066907387547e-16 -3.33066907387547e-16 -3.33066907387547e-16 -3.33066907387547e-16 -3.33066907387547e-16 -3.33066907387547e-16 -3.33066907387547e-16 -3.33066907387547e-16 0.000603850967387132 0.000603850967387132 0.000578694981698602 0.000578694981698602 0.00205453585556992 0.00205453585556992 0.000714441667275745 0.000714441667275745 0.00361636079843142 0.00361636079843142 0.00621200335299421 0.00621200335299421 0.00173976184703895 0.00173976184703895 0.0187965492699143 0.0187965492699143 0.0614139881403979 0.0614139881403979 0.140880655022109 0.140880655022109 -9999 -9999 -9999 -9999 -9999 -9999 -9999 -9999 -9999 -9999 -9999 -9999
4.44626377229529e-05 4.44626377229529e-05 4.28461263330959e-05 4.28461263330959e-05 -3.33066907387547e-16 -3.33066907387547e-16 -3.33066907387547e-16 -3.33066907387547e-16 5.76675520447267e-07 5.76675520447267e-07 -3.33066907387547e-16 -3.33066907387547e-16 -3.33066907387547e-16 -3.33066907387547e-16 -3.33066907387547e-16 -3.33066907387547e-16 -2.22044604925031e-16 -2.22044604925031e-16 3.17194239320973e-05 3.17194239320973e-05 0.00226539376094759 0.00226539376094759 0.00172829262861174 0.00172829262861174 0.00383135155231407 0.00383135155231407 0.00808166967127311 0.00808166967127311 0.00318074360523934 0.00318074360523934 0.0243757671462914 0.0243757671462914 0.034484235648004 0.034484235648004 -9999 -9999 -9999 -9999 -9999 -9999 -9999 -9999 -9999 -9999 -9999 -9999 -9999 -9999
-3.33066907387547e-16 -3.33066907387547e-16 -3.33066907387547e-16 -3.33066907387547e-16 6.26768420801671e-05 6.26768420801671e-05 -3.33066907387547e-16 -3.33066907387547e-16 -3.33066907387547e-16 -3.33066907387547e-16 0.000454652496629127 0.000454652496629127 -3.33066907387547e-16 -3.33066907387547e-16 -3.33066907387547e-16 -3.33066907387547e-16 -2.22044604925031e-16 -2.22044604925031e-16 8.00154773772377e-07 8.00154773772377e-07 7.72286274797196e-05 7.72286274797196e-05 0.00295259627642719 0.00295259627642719 0.00207379528736262 0.00207379528736262 0.0133039638432468 0.0133039638432468 0.00363925650412167 0.00363925650412167 0.0177449859533472 0.0177449859533472 0.0342401123969018 0.0342401123969018 -9999 -9999 -9999 -9999 -9999 -9999 -9999 -9999 -9999 -9999 -9999 -9999 -9999 -9999
-3.33066907387547e-16 -3.33066907387547e-16 -3.33066907387547e-16 -3.33066907387547e-16 -3.33066907387547e-16 -3.33066907387547e-16 -3.33066907387547e-16 -3.33066907387547e-16 -3.33066907387547e-16 -3.33066907387547e-16 -3.33066907387547e-16 -3.33066907387547e-16 -3.33066907387547e-16 -3.33066907387547e-16 -3.33066907387547e-16 -3.33066907387547e-16 2.13283654981744e-06 2.13283654981744e-06 1.31792968698363e-05 1.31792968698363e-05 1.74007710116442e-05 1.74007710116442e-05 0.00121125304881375 0.00121125304881375 0.00245487134943789 0.00245487134943789 0.00521921456270746 0.00521921456270746 0.000890148055033846 0.000890148055033846 0.0411228099163665 0.0411228099163665 0.0558679443573484 0.0558679443573484 -9999 -9999 -9999 -9999 -9999 -9999 -9999 -9999 -9999 -9999 -9999 -9999 -9999 -9999
