data/thuenen/dist_ran.forest_pleuronectes.platessa_winter.asc
NCOLS 260 
NROWS 120 
XLLCORNER -3 
YLLCORNER 51 
CELLSIZE 0.05 
NODATA_value -9999 
[rows 69 to 91 of 120, columns 106 to 158 of 260]
75.3273161906516 75.3273161906516 139.391547328135 139.391547328135 84.3106176189598 84.3106176189598 69.3122894884855 69.3122894884855 65.275393968907 65.275393968907 99.8017118610223 99.8017118610223 168.993798045921 168.993798045921 173.718838782021 173.718838782021 208.927418007182 208.927418007182 302.912206772152 302.912206772152 239.963904709161 239.963904709161 172.118038231723 172.118038231723 161.974439446826 161.974439446826 117.972030188845 117.972030188845 94.8932349635817 94.8932349635817 84.1123635778331 84.1123635778331 68.1613157120932 68.1613157120932 66.4621952539324 66.4621952539324 51.1541657365109 51.1541657365109 49.84860520189 49.84860520189 36.0376881376215 36.0376881376215 30.9366125824454 30.9366125824454 29.6618840199279 29.6618840199279 21.7942321781212 21.7942321781212 15.9482505718792 15.9482505718792 14.6209529337132 14.6209529337132 15.4316775344553
74.5022827902684 74.5022827902684 77.635578467261 77.635578467261 72.6932711337676 72.6932711337676 80.9196337173558 80.9196337173558 95.2353440343089 95.2353440343089 128.24259992563 128.24259992563 152.711766789498 152.711766789498 161.969194170521 161.969194170521 178.501370656239 178.501370656239 143.275417762454 143.275417762454 126.490393270586 126.490393270586 122.444734243947 122.444734243947 104.344881626412 104.344881626412 80.4157827229474 80.4157827229474 66.6530946995211 66.6530946995211 57.218304387447 57.218304387447 57.0806862362364 57.0806862362364 59.4271854358253 59.4271854358253 49.7327265031384 49.7327265031384 39.9366603210863 39.9366603210863 33.6456890701881 33.6456890701881 26.0066457082548 26.0066457082548 21.3052274316569 21.3052274316569 18.623759311053 18.623759311053 17.992283301975 17.992283301975 15.8599755800641 15.8599755800641 16.9370974045679
69.2872766956199 69.2872766956199 44.8182781858376 44.8182781858376 67.1056113083205 67.1056113083205 81.1800235659453 81.1800235659453 103.959316611035 103.959316611035 169.709448710186 169.709448710186 128.706908089983 128.706908089983 112.178134260679 112.178134260679 132.529600892484 132.529600892484 99.8945656077226 99.8945656077226 96.5223231348048 96.5223231348048 96.0914323630758 96.0914323630758 75.6256798381426 75.6256798381426 57.7161403515156 57.7161403515156 58.1289885199011 58.1289885199011 57.3406345078913 57.3406345078913 58.9055047886365 58.9055047886365 60.7471965640103 60.7471965640103 45.8368131825843 45.8368131825843 38.7187759935691 38.7187759935691 33.1332428270629 33.1332428270629 21.9261491174453 21.9261491174453 20.3368827785671 20.3368827785671 18.3390066241828 18.3390066241828 16.8884952964083 16.8884952964083 15.4342319716039 15.4342319716039 14.0622207457189
50.0499947714442 50.0499947714442 53.3739032956994 53.3739032956994 57.9091570209652 57.9091570209652 93.5826168883034 93.5826168883034 101.078123587491 101.078123587491 104.347799344762 104.347799344762 105.291979724872 105.291979724872 93.6281300547377 93.6281300547377 121.274637914566 121.274637914566 78.1815514613737 78.1815514613737 88.9603654008269 88.9603654008269 83.3206656669773 83.3206656669773 64.5288377969579 64.5288377969579 52.3378262894609 52.3378262894609 62.020326039675 62.020326039675 58.6259713460479 58.6259713460479 58.6800953044309 58.6800953044309 54.0677797496386 54.0677797496386 45.8051101351569 45.8051101351569 35.750209262687 35.750209262687 29.7596891168066 29.7596891168066 16.980741615193 16.980741615193 18.6565758107262 18.6565758107262 16.0738610136983 16.0738610136983 18.4056998880685 18.4056998880685 21.6400852596325 21.6400852596325 14.1900305339994
47.1402207727831 47.1402207727831 39.1022069850005 39.1022069850005 66.2296325521776 66.2296325521776 83.0493627819 83.0493627819 74.8451004557186 74.8451004557186 65.9948871475937 65.9948871475937 69.5068026151001 69.5068026151001 76.7928840254509 76.7928840254509 102.716327444701 102.716327444701 72.973722710622 72.973722710622 72.9858562572474 72.9858562572474 85.8878661052247 85.8878661052247 56.8187705941671 56.8187705941671 54.5948859365398 54.5948859365398 59.6394212281724 59.6394212281724 77.8086522762946 77.8086522762946 76.1121953079962 76.1121953079962 54.0481955279927 54.0481955279927 48.1077418830493 48.1077418830493 43.1767749574832 43.1767749574832 22.0371610468887 22.0371610468887 18.9562272294089 18.9562272294089 18.0276948257724 18.0276948257724 16.6412613551772 16.6412613551772 17.0243429084051 17.0243429084051 13.8317105187175 13.8317105187175 10.5107109522292
41.0290401980968 41.0290401980968 69.2547447289059 69.2547447289059 78.338135073896 78.338135073896 89.689763248895 89.689763248895 56.1859240366707 56.1859240366707 47.0536841891943 47.0536841891943 57.1562030783334 57.1562030783334 63.5738312396629 63.5738312396629 74.3917920939798 74.3917920939798 69.0993610521142 69.0993610521142 76.5335039815007 76.5335039815007 99.0317510928175 99.0317510928175 65.1168188500225 65.1168188500225 64.9149437041095 64.9149437041095 65.7156841505531 65.7156841505531 96.6018395036658 96.6018395036658 64.0033527474339 64.0033527474339 44.7331014781314 44.7331014781314 41.4637067075426 41.4637067075426 46.3131351534951 46.3131351534951 23.3963820612258 23.3963820612258 17.7788220781855 17.7788220781855 17.8184056673157 17.8184056673157 13.5976468367094 13.5976468367094 14.0071910451544 14.0071910451544 13.4348275491982 13.4348275491982 -9999
36.7847953931786 36.7847953931786 50.9088780220506 50.9088780220506 58.737902271391 58.737902271391 67.5462857325974 67.5462857325974 61.9208189593962 61.9208189593962 54.9601891327956 54.9601891327956 51.8416271963666 51.8416271963666 63.2621417305263 63.2621417305263 46.7686393162688 46.7686393162688 68.0298634297143 68.0298634297143 81.5302040531534 81.5302040531534 72.7293080748853 72.7293080748853 73.3085802878444 73.3085802878444 68.8180025806564 68.8180025806564 55.2878248508475 55.2878248508475 57.1887074393162 57.1887074393162 50.1671457593484 50.1671457593484 41.7593830465055 41.7593830465055 33.3071586100609 33.3071586100609 71.7496513627237 71.7496513627237 19.8474099210373 19.8474099210373 18.1937481700109 18.1937481700109 16.8243376267028 16.8243376267028 14.5797245572968 14.5797245572968 10.0353294584984 10.0353294584984 -9999 -9999 -9999
31.7150938230992 31.7150938230992 56.1855700801544 56.1855700801544 60.6927683592791 60.6927683592791 64.6484941048752 64.6484941048752 67.8848773182977 67.8848773182977 59.3524768938738 59.3524768938738 55.9748462993086 55.9748462993086 53.0355065779299 53.0355065779299 55.3999337124342 55.3999337124342 59.5816070383073 59.5816070383073 73.4749481700306 73.4749481700306 94.2067942681935 94.2067942681935 78.4043236784152 78.4043236784152 62.0025834320081 62.0025834320081 47.9246872750592 47.9246872750592 50.48974711002 50.48974711002 45.6209542465422 45.6209542465422 42.592463332748 42.592463332748 29.4800995600883 29.4800995600883 43.417734122342 43.417734122342 20.1254191574608 20.1254191574608 18.6320020609149 18.6320020609149 15.6836408346663 15.6836408346663 12.1032150481332 12.1032150481332 -9999 -9999 -9999 -9999 -9999
35.1364833802307 35.1364833802307 57.8675361634375 57.8675361634375 59.8884155142264 59.8884155142264 62.5849608452567 62.5849608452567 67.5037088104612 67.5037088104612 61.7551980791812 61.7551980791812 58.890087108599 58.890087108599 57.5186342514539 57.5186342514539 59.7192967330394 59.7192967330394 60.9848138039659 60.9848138039659 60.2149810486594 60.2149810486594 82.7458259497037 82.7458259497037 79.7846828839706 79.7846828839706 58.2991125851507 58.2991125851507 47.1976638715181 47.1976638715181 47.8350448733599 47.8350448733599 50.2079404991916 50.2079404991916 46.3719668174694 46.3719668174694 34.9933283334058 34.9933283334058 32.1636146996232 32.1636146996232 20.2676403010475 20.2676403010475 17.5898715303532 17.5898715303532 10.3275972899955 10.3275972899955 13.2869267915703 13.2869267915703 -9999 -9999 -9999 -9999 -9999
42.2470453638399 42.2470453638399 58.5962308427252 58.5962308427252 63.5397457205326 63.5397457205326 61.7355794618407 61.7355794618407 64.3182456999512 64.3182456999512 58.3133100164573 58.3133100164573 55.8458302114861 55.8458302114861 63.4809119682426 63.4809119682426 54.6323232225689 54.6323232225689 51.9038559959204 51.9038559959204 57.6472083517288 57.6472083517288 75.4818285687529 75.4818285687529 77.0646885213844 77.0646885213844 57.8791572629595 57.8791572629595 57.9076658870516 57.9076658870516 49.5863281875961 49.5863281875961 51.0388277701431 51.0388277701431 51.1973838628092 51.1973838628092 39.2144133860189 39.2144133860189 29.1483140128572 29.1483140128572 16.8392518136939 16.8392518136939 16.139365488649 16.139365488649 12.8374227615251 12.8374227615251 16.1863178361455 16.1863178361455 -9999 -9999 -9999 -9999 -9999
45.8331260186545 45.8331260186545 60.6455512376484 60.6455512376484 66.6822790714397 66.6822790714397 67.5979271897884 67.5979271897884 65.7642377087691 65.7642377087691 58.7696997336117 58.7696997336117 61.3006992366298 61.3006992366298 56.3154994993433 56.3154994993433 54.7874859532486 54.7874859532486 54.8637540259425 54.8637540259425 59.3084600916043 59.3084600916043 73.1998112234457 73.1998112234457 67.1592208987828 67.1592208987828 54.2731312874792 54.2731312874792 62.8444801466975 62.8444801466975 57.656506776095 57.656506776095 53.8178485981209 53.8178485981209 60.9292344495317 60.9292344495317 41.1290805684439 41.1290805684439 22.4333571806498 22.4333571806498 22.4484067412959 22.4484067412959 11.3870562326999 11.3870562326999 13.1639922650575 13.1639922650575 11.7235677370591 11.7235677370591 -9999 -9999 -9999 -9999 -9999
56.6640250407907 56.6640250407907 65.6496663647722 65.6496663647722 73.4024746052664 73.4024746052664 68.6251651228001 68.6251651228001 61.7841496631814 61.7841496631814 57.1778979672929 57.1778979672929 66.7902001258637 66.7902001258637 54.0520264970695 54.0520264970695 58.4795267674804 58.4795267674804 58.7699889674428 58.7699889674428 62.3447861654297 62.3447861654297 79.7195830779082 79.7195830779082 65.9357064193713 65.9357064193713 61.7775108246834 61.7775108246834 69.7522089605442 69.7522089605442 71.9968498381453 71.9968498381453 61.1838541031097 61.1838541031097 70.953198710844 70.953198710844 59.1982841944907 59.1982841944907 44.6723126060005 44.6723126060005 16.98602989436 16.98602989436 10.408776108339 10.408776108339 15.4431113936831 15.4431113936831 -9999 -9999 -9999 -9999 -9999 -9999 -9999
75.9095340134354 75.9095340134354 68.7862270353211 68.7862270353211 72.2284323562258 72.2284323562258 69.7374111335518 69.7374111335518 60.501252048271 60.501252048271 63.5707655259659 63.5707655259659 63.9594576680531 63.9594576680531 56.7157875652261 56.7157875652261 68.0659206132798 68.0659206132798 58.4809999441304 58.4809999441304 55.9551772726509 55.9551772726509 78.4403941251226 78.4403941251226 68.7602989759998 68.7602989759998 64.3637111578943 64.3637111578943 82.0366270187281 82.0366270187281 81.381891596106 81.381891596106 68.8921995913097 68.8921995913097 70.3271245230565 70.3271245230565 54.7604347564232 54.7604347564232 46.4797583878055 46.4797583878055 13.9191156946838 13.9191156946838 12.2675121025142 12.2675121025142 16.2901119161177 16.2901119161177 20.3938126130447 20.3938126130447 -9999 -9999 -9999 -9999 -9999
101.218751658433 101.218751658433 74.4327880696254 74.4327880696254 67.9757414947914 67.9757414947914 67.9155150718186 67.9155150718186 65.7182939336903 65.7182939336903 55.5209827132978 55.5209827132978 57.911841250501 57.911841250501 55.4588647395205 55.4588647395205 60.1798429520469 60.1798429520469 60.4905074182704 60.4905074182704 49.6063511296939 49.6063511296939 82.4708891422123 82.4708891422123 66.2313077574122 66.2313077574122 61.4781085391928 61.4781085391928 72.0231794805142 72.0231794805142 77.9406202578211 77.9406202578211 72.1529447519035 72.1529447519035 80.3662582555689 80.3662582555689 58.1141366781918 58.1141366781918 35.0430882645218 35.0430882645218 14.5219777152626 14.5219777152626 12.5383202908597 12.5383202908597 15.7150115077886 15.7150115077886 21.9233799798866 21.9233799798866 -9999 -9999 -9999 -9999 -9999
175.359055855366 175.359055855366 102.200944413483 102.200944413483 84.517898179674 84.517898179674 75.712580091687 75.712580091687 72.5725606157936 72.5725606157936 60.9346462052703 60.9346462052703 58.3302137173587 58.3302137173587 49.100896000125 49.100896000125 53.8699550422523 53.8699550422523 51.760563955379 51.760563955379 58.9020782979785 58.9020782979785 80.9093896934762 80.9093896934762 74.3573075367941 74.3573075367941 64.4813854761127 64.4813854761127 56.639616518514 56.639616518514 63.1870570276803 63.1870570276803 61.0972369486869 61.0972369486869 124.221155219873 124.221155219873 68.8189508296302 68.8189508296302 18.8748499752473 18.8748499752473 12.701145573056 12.701145573056 13.5471345681103 13.5471345681103 13.9328165896498 13.9328165896498 21.1192807543383 21.1192807543383 -9999 -9999 -9999 -9999 -9999
164.712994863893 164.712994863893 124.588997397026 124.588997397026 90.0336345687666 90.0336345687666 76.6958305263716 76.6958305263716 93.0403330545931 93.0403330545931 64.0651757915953 64.0651757915953 56.7869553978045 56.7869553978045 54.2898872240325 54.2898872240325 51.5468292095191 51.5468292095191 46.8274998935973 46.8274998935973 62.1754087059971 62.1754087059971 76.4153373908457 76.4153373908457 80.0907095239993 80.0907095239993 59.5776184124765 59.5776184124765 43.0679898343257 43.0679898343257 45.8419553528166 45.8419553528166 54.2981505727739 54.2981505727739 43.3795606998322 43.3795606998322 27.3480931550931 27.3480931550931 16.0100006527469 16.0100006527469 11.0046621193322 11.0046621193322 10.8913095222863 10.8913095222863 15.0479636757439 15.0479636757439 18.3980853757367 18.3980853757367 -9999 -9999 -9999 -9999 -9999
180.747967399358 180.747967399358 129.891126545626 129.891126545626 90.6468121009224 90.6468121009224 76.3404576100783 76.3404576100783 72.3113519493403 72.3113519493403 70.7925815677165 70.7925815677165 53.3822975606822 53.3822975606822 54.3647376837377 54.3647376837377 48.634012723161 48.634012723161 37.3779339647757 37.3779339647757 59.9612867322897 59.9612867322897 108.66723484153 108.66723484153 104.086331256624 104.086331256624 50.0673627317319 50.0673627317319 37.9971921475755 37.9971921475755 45.2215053686472 45.2215053686472 47.7647547746073 47.7647547746073 20.7217039663669 20.7217039663669 15.4792959986494 15.4792959986494 11.3635538893941 11.3635538893941 10.2764128800269 10.2764128800269 10.2635402036292 10.2635402036292 14.578638362224 14.578638362224 -9999 -9999 -9999 -9999 -9999 -9999 -9999
244.908082749977 244.908082749977 133.613202067719 133.613202067719 99.5529039882103 99.5529039882103 82.7600974903192 82.7600974903192 73.138011908734 73.138011908734 80.634343986256 80.634343986256 61.2749175254346 61.2749175254346 60.3072942603739 60.3072942603739 45.7026685428739 45.7026685428739 42.5471309225355 42.5471309225355 67.4293619253235 67.4293619253235 182.454472113998 182.454472113998 60.9681779688159 60.9681779688159 27.9540002679635 27.9540002679635 36.5547665572219 36.5547665572219 46.1087437309673 46.1087437309673 30.0061487005684 30.0061487005684 11.7785356123638 11.7785356123638 12.002352834418 12.002352834418 10.386983931526 10.386983931526 7.10774539780942 7.10774539780942 9.25604221593516 9.25604221593516 7.63447896635823 7.63447896635823 -9999 -9999 -9999 -9999 -9999 -9999 -9999
95.9482599489175 95.9482599489175 131.673674658503 131.673674658503 108.019311668943 108.019311668943 101.697476070956 101.697476070956 77.7934619668891 77.7934619668891 79.5267879488532 79.5267879488532 70.4361456248337 70.4361456248337 62.6548788669507 62.6548788669507 42.7201088160293 42.7201088160293 57.8679870379293 57.8679870379293 70.9292436662081 70.9292436662081 67.6574455577151 67.6574455577151 43.3542792723138 43.3542792723138 41.9097609602939 41.9097609602939 39.4831075218913 39.4831075218913 40.158832828355 40.158832828355 8.39061663929881 8.39061663929881 15.4381275847504 15.4381275847504 14.1333920255563 14.1333920255563 7.90859341154864 7.90859341154864 7.43170614883855 7.43170614883855 5.46312815511464 5.46312815511464 31.0966203422618 31.0966203422618 -9999 -9999 -9999 -9999 -9999 -9999 -9999
85.4456984483336 85.4456984483336 150.912001163164 150.912001163164 104.999010834059 104.999010834059 100.83458169775 100.83458169775 79.5099853903249 79.5099853903249 76.9157305171026 76.9157305171026 71.8354126346793 71.8354126346793 61.4083908871321 61.4083908871321 51.7027768825521 51.7027768825521 36.3320913040154 36.3320913040154 58.4752787040045 58.4752787040045 42.4218670453412 42.4218670453412 37.6258917968577 37.6258917968577 38.332825322411 38.332825322411 42.6571341885649 42.6571341885649 37.8283582799884 37.8283582799884 12.3636785562762 12.3636785562762 17.5736495748963 17.5736495748963 12.7371846072414 12.7371846072414 4.11099838900268 4.11099838900268 8.78402624895072 8.78402624895072 13.9526502422272 13.9526502422272 72.8553134154535 72.8553134154535 -9999 -9999 -9999 -9999 -9999 -9999 -9999
79.2890232946884 79.2890232946884 128.601451933732 128.601451933732 100.85504355396 100.85504355396 100.924035736466 100.924035736466 85.3661762251756 85.3661762251756 75.2300571476478 75.2300571476478 67.5430752172118 67.5430752172118 58.5441751964229 58.5441751964229 54.1973524281389 54.1973524281389 40.7657333143918 40.7657333143918 30.2385108885083 30.2385108885083 25.3692062576767 25.3692062576767 31.6378124348115 31.6378124348115 32.3035894979526 32.3035894979526 34.6069691661422 34.6069691661422 31.5904640307642 31.5904640307642 15.0649013678381 15.0649013678381 17.2786767786382 17.2786767786382 11.422306300054 11.422306300054 4.31669069713767 4.31669069713767 9.73734715716584 9.73734715716584 18.6028288918081 18.6028288918081 60.6886256506135 60.6886256506135 -9999 -9999 -9999 -9999 -9999 -9999 -9999
63.884313941597 63.884313941597 102.845634386036 102.845634386036 98.083899445038 98.083899445038 102.798250222652 102.798250222652 85.6096048983689 85.6096048983689 83.4474806552931 83.4474806552931 55.2225889664437 55.2225889664437 54.9357894262668 54.9357894262668 38.0639816849565 38.0639816849565 36.561916227202 36.561916227202 17.0098363029357 17.0098363029357 21.5078134547914 21.5078134547914 23.9878425283167 23.9878425283167 25.328297057091 25.328297057091 20.7683847375033 20.7683847375033 15.09751796675 15.09751796675 22.2983319982552 22.2983319982552 16.1417104811415 16.1417104811415 11.4352253740566 11.4352253740566 3.83296878284444 3.83296878284444 10.4133501311703 10.4133501311703 22.7808898198873 22.7808898198873 38.7701817735558 38.7701817735558 -9999 -9999 -9999 -9999 -9999 -9999 -9999
59.3348239810138 59.3348239810138 88.0294967336016 88.0294967336016 92.371884957442 92.371884957442 104.493799511218 104.493799511218 85.7170159685997 85.7170159685997 85.379215660773 85.379215660773 51.825457858273 51.825457858273 39.4472798309093 39.4472798309093 39.2386800531431 39.2386800531431 30.2281587824344 30.2281587824344 4.31456132059415 4.31456132059415 18.1135197100848 18.1135197100848 23.3002237938599 23.3002237938599 25.2372437061635 25.2372437061635 14.9549322547163 14.9549322547163 15.3056477776771 15.3056477776771 14.3793467369454 14.3793467369454 14.3065976423589 14.3065976423589 10.5301704934583 10.5301704934583 7.30995398166332 7.30995398166332 15.2441162572767 15.2441162572767 26.7112175502185 26.7112175502185 -9999 -9999 -9999 -9999 -9999 -9999 -9999 -9999 -9999
