data/thuenen/dist_ran.forest_crangon.crangon_winter.asc
NCOLS 260 
NROWS 120 
XLLCORNER -3 
YLLCORNER 51 
CELLSIZE 0.05 
NODATA_value -9999 
[rows 0 to 20 of 120, columns 192 to 239 of 260]
-3.33066907387547e-16 -3.33066907387547e-16 -3.33066907387547e-16 -3.33066907387547e-16 -3.33066907387547e-16 -3.33066907387547e-16 -3.33066907387547e-16 -3.33066907387547e-16 0.000181911695003922 0.000181911695003922 -3.33066907387547e-16 -3.33066907387547e-16 2.35307443761101e-05 2.35307443761101e-05 -3.33066907387547e-16 -3.33066907387547e-16 -3.33066907387547e-16 -3.33066907387547e-16 0.0010353291392835 0.0010353291392835 -3.33066907387547e-16 -3.33066907387547e-16 -3.33066907387547e-16 -3.33066907387547e-16 -3.33066907387547e-16 -3.33066907387547e-16 -3.33066907387547e-16 -3.33066907387547e-16 0.00203709804298402 0.00203709804298402 0.00904236976267248 0.00904236976267248 0.0271356236791969 0.0271356236791969 -9999 -9999 -9999 -9999 -9999 -9999 -9999 -9999 -9999 -9999 -9999 -9999 -9999 -9999
-3.33066907387547e-16 -3.33066907387547e-16 4.28461263330959e-05 4.28461263330959e-05 -3.33066907387547e-16 -3.33066907387547e-16 -3.33066907387547e-16 -3.33066907387547e-16 -3.33066907387547e-16 -3.33066907387547e-16 -3.33066907387547e-16 -3.33066907387547e-16 -3.33066907387547e-16 -3.33066907387547e-16 0.000181911695003922 0.000181911695003922 -3.33066907387547e-16 -3.33066907387547e-16 0.000926826267564795 0.000926826267564795 -3.33066907387547e-16 -3.33066907387547e-16 5.43074220682449e-05 5.43074220682449e-05 -2.22044604925031e-16 -2.22044604925031e-16 0.00152655545849645 0.00152655545849645 0.00134338997503014 0.00134338997503014 0.020587348254576 0.020587348254576 0.0469870068107938 0.0469870068107938 -9999 -9999 -9999 -9999 -9999 -9999 -9999 -9999 -9999 -9999 -9999 -9999 -9999 -9999
-3.33066907387547e-16 -3.33066907387547e-16 -3.33066907387547e-16 -3.33066907387547e-16 -3.33066907387547e-16 -3.33066907387547e-16 0.000181911695003922 0.000181911695003922 -2.22044604925031e-16 -2.22044604925031e-16 -3.33066907387547e-16 -3.33066907387547e-16 -3.33066907387547e-16 -3.33066907387547e-16 0.000181911695003922 0.000181911695003922 -3.33066907387547e-16 -3.33066907387547e-16 -2.22044604925031e-16 -2.22044604925031e-16 -2.22044604925031e-16 -2.22044604925031e-16 0.00198474499762802 0.00198474499762802 0.000522291664202701 0.000522291664202701 0.00213044493564163 0.00213044493564163 0.00163090041080416 0.00163090041080416 0.0293079945842372 0.0293079945842372 0.0642475546202086 0.0642475546202086 -9999 -9999 -9999 -9999 -9999 -9999 -9999 -9999 -9999 -9999 -9999 -9999 -9999 -9999
-3.33066907387547e-16 -3.33066907387547e-16 -3.33066907387547e-16 -3.33066907387547e-16 -3.33066907387547e-16 -3.33066907387547e-16 -2.22044604925031e-16 -2.22044604925031e-16 1.82374575568023e-05 1.82374575568023e-05 -3.33066907387547e-16 -3.33066907387547e-16 -2.22044604925031e-16 -2.22044604925031e-16 -3.33066907387547e-16 -3.33066907387547e-16 -2.22044604925031e-16 -2.22044604925031e-16 0.00168558884094927 0.00168558884094927 4.44626377231749e-05 4.44626377231749e-05 0.00232592629148987 0.00232592629148987 0.000316921810866067 0.000316921810866067 0.00104883268026223 0.00104883268026223 0.001364670752251 0.001364670752251 0.0361128288772452 0.0361128288772452 0.0801299698329094 0.0801299698329094 -9999 -9999 -9999 -9999 -9999 -9999 -9999 -9999 -9999 -9999 -9999 -9999 -9999 -9999
-3.33066907387547e-16 -3.33066907387547e-16 -3.33066907387547e-16 -3.33066907387547e-16 -3.33066907387547e-16 -3.33066907387547e-16 -2.22044604925031e-16 -2.22044604925031e-16 -3.33066907387547e-16 -3.33066907387547e-16 -3.33066907387547e-16 -3.33066907387547e-16 -3.33066907387547e-16 -3.33066907387547e-16 -3.33066907387547e-16 -3.33066907387547e-16 0.000539924750552867 0.000539924750552867 -3.33066907387547e-16 -3.33066907387547e-16 -3.33066907387547e-16 -3.33066907387547e-16 -3.33066907387547e-16 -3.33066907387547e-16 4.15485993388032e-07 4.15485993388032e-07 -3.33066907387547e-16 -3.33066907387547e-16 0.00822395093781103 0.00822395093781103 0.0356877454932625 0.0356877454932625 -9999 -9999 -9999 -9999 -9999 -9999 -9999 -9999 -9999 -9999 -9999 -9999 -9999 -9999 -9999 -9999
-3.33066907387547e-16 -3.33066907387547e-16 -3.33066907387547e-16 -3.33066907387547e-16 -3.33066907387547e-16 -3.33066907387547e-16 -3.33066907387547e-16 -3.33066907387547e-16 -3.33066907387547e-16 -3.33066907387547e-16 -3.33066907387547e-16 -3.33066907387547e-16 -3.33066907387547e-16 -3.33066907387547e-16 9.9956703628834e-05 9.9956703628834e-05 4.44626377229529e-05 4.44626377229529e-05 -3.33066907387547e-16 -3.33066907387547e-16 -3.33066907387547e-16 -3.33066907387547e-16 -3.33066907387547e-16 -3.33066907387547e-16 -3.33066907387547e-16 -3.33066907387547e-16 3.24103508113627e-05 3.24103508113627e-05 0.0203605707565724 0.0203605707565724 0.0370203993590552 0.0370203993590552 -9999 -9999 -9999 -9999 -9999 -9999 -9999 -9999 -9999 -9999 -9999 -9999 -9999 -9999 -9999 -9999
-3.33066907387547e-16 -3.33066907387547e-16 -3.33066907387547e-16 -3.33066907387547e-16 -3.33066907387547e-16 -3.33066907387547e-16 -3.33066907387547e-16 -3.33066907387547e-16 -3.33066907387547e-16 -3.33066907387547e-16 -3.33066907387547e-16 -3.33066907387547e-16 1.49615377624812e-05 1.49615377624812e-05 -2.22044604925031e-16 -2.22044604925031e-16 -3.33066907387547e-16 -3.33066907387547e-16 -3.33066907387547e-16 -3.33066907387547e-16 1.33023975479318e-06 1.33023975479318e-06 -3.33066907387547e-16 -3.33066907387547e-16 -3.33066907387547e-16 -3.33066907387547e-16 0.00024186585164121 0.00024186585164121 0.0263517207702746 0.0263517207702746 -9999 -9999 -9999 -9999 -9999 -9999 -9999 -9999 -9999 -9999 -9999 -9999 -9999 -9999 -9999 -9999 -9999 -9999
-3.33066907387547e-16 -3.33066907387547e-16 -3.33066907387547e-16 -3.33066907387547e-16 -3.33066907387547e-16 -3.33066907387547e-16 -3.33066907387547e-16 -3.33066907387547e-16 -3.33066907387547e-16 -3.33066907387547e-16 -3.33066907387547e-16 -3.33066907387547e-16 -3.33066907387547e-16 -3.33066907387547e-16 -3.33066907387547e-16 -3.33066907387547e-16 -3.33066907387547e-16 -3.33066907387547e-16 -3.33066907387547e-16 -3.33066907387547e-16 -3.33066907387547e-16 -3.33066907387547e-16 -3.33066907387547e-16 -3.33066907387547e-16 -3.33066907387547e-16 -3.33066907387547e-16 0.000175401117221918 0.000175401117221918 0.0345057134144331 0.0345057134144331 -9999 -9999 -9999 -9999 -9999 -9999 -9999 -9999 -9999 -9999 -9999 -9999 -9999 -9999 -9999 -9999 -9999 -9999
-3.33066907387547e-16 -3.33066907387547e-16 -3.33066907387547e-16 -3.33066907387547e-16 -3.33066907387547e-16 -3.33066907387547e-16 -3.33066907387547e-16 -3.33066907387547e-16 -3.33066907387547e-16 -3.33066907387547e-16 -3.33066907387547e-16 -3.33066907387547e-16 -3.33066907387547e-16 -3.33066907387547e-16 -3.33066907387547e-16 -3.33066907387547e-16 -3.33066907387547e-16 -3.33066907387547e-16 -3.33066907387547e-16 -3.33066907387547e-16 -3.33066907387547e-16 -3.33066907387547e-16 -3.33066907387547e-16 -3.33066907387547e-16 2.14365442940956e-05 2.14365442940956e-05 0.000884024296151198 0.000884024296151198 0.0348896674837356 0.0348896674837356 -9999 -9999 -9999 -9999 -9999 -9999 -9999 -9999 -9999 -9999 -9999 -9999 -9999 -9999 -9999 -9999 -9999 -9999
-3.33066907387547e-16 -3.33066907387547e-16 -3.33066907387547e-16 -3.33066907387547e-16 -3.33066907387547e-16 -3.33066907387547e-16 -3.33066907387547e-16 -3.33066907387547e-16 -3.33066907387547e-16 -3.33066907387547e-16 -3.33066907387547e-16 -3.33066907387547e-16 -3.33066907387547e-16 -3.33066907387547e-16 -3.33066907387547e-16 -3.33066907387547e-16 -3.33066907387547e-16 -3.33066907387547e-16 -3.33066907387547e-16 -3.33066907387547e-16 -3.33066907387547e-16 -3.33066907387547e-16 2.14365442940956e-05 2.14365442940956e-05 2.14365442940956e-05 2.14365442940956e-05 0.00810879548592847 0.00810879548592847 0.0325216179050489 0.0325216179050489 -9999 -9999 -9999 -9999 -9999 -9999 -9999 -9999 -9999 -9999 -9999 -9999 -9999 -9999 -9999 -9999 -9999 -9999
-3.33066907387547e-16 -3.33066907387547e-16 -3.33066907387547e-16 -3.33066907387547e-16 -3.33066907387547e-16 -3.33066907387547e-16 -3.33066907387547e-16 -3.33066907387547e-16 -3.33066907387547e-16 -3.33066907387547e-16 -3.33066907387547e-16 -3.33066907387547e-16 -3.33066907387547e-16 -3.33066907387547e-16 -3.33066907387547e-16 -3.33066907387547e-16 -3.33066907387547e-16 -3.33066907387547e-16 -3.33066907387547e-16 -3.33066907387547e-16 1.71561740214266e-05 1.71561740214266e-05 -2.22044604925031e-16 -2.22044604925031e-16 0.00284537196384949 0.00284537196384949 0.00525823648633783 0.00525823648633783 0.0412029912318501 0.0412029912318501 -9999 -9999 -9999 -9999 -9999 -9999 -9999 -9999 -9999 -9999 -9999 -9999 -9999 -9999 -9999 -9999 -9999 -9999
-3.33066907387547e-16 -3.33066907387547e-16 -3.33066907387547e-16 -3.33066907387547e-16 -3.33066907387547e-16 -3.33066907387547e-16 -3.33066907387547e-16 -3.33066907387547e-16 -3.33066907387547e-16 -3.33066907387547e-16 -3.33066907387547e-16 -3.33066907387547e-16 -3.33066907387547e-16 -3.33066907387547e-16 -3.33066907387547e-16 -3.33066907387547e-16 -3.33066907387547e-16 -3.33066907387547e-16 -3.33066907387547e-16 -3.33066907387547e-16 -2.22044604925031e-16 -2.22044604925031e-16 -2.22044604925031e-16 -2.22044604925031e-16 0.0013668898938155 0.0013668898938155 0.00492556027178392 0.00492556027178392 0.0463603302390339 0.0463603302390339 -9999 -9999 -9999 -9999 -9999 -9999 -9999 -9999 -9999 -9999 -9999 -9999 -9999 -9999 -9999 -9999 -9999 -9999
-3.33066907387547e-16 -3.33066907387547e-16 -3.33066907387547e-16 -3.33066907387547e-16 -3.33066907387547e-16 -3.33066907387547e-16 -3.33066907387547e-16 -3.33066907387547e-16 -3.33066907387547e-16 -3.33066907387547e-16 -3.33066907387547e-16 -3.33066907387547e-16 -3.33066907387547e-16 -3.33066907387547e-16 -3.33066907387547e-16 -3.33066907387547e-16 -3.33066907387547e-16 -3.33066907387547e-16 1.90551740999467e-05 1.90551740999467e-05 0.000101715907199873 0.000101715907199873 0.000389675817541013 0.000389675817541013 1.67202498424501e-06 1.67202498424501e-06 0.00780974255511158 0.00780974255511158 0.0474161046255206 0.0474161046255206 -9999 -9999 -9999 -9999 -9999 -9999 -9999 -9999 -9999 -9999 -9999 -9999 -9999 -9999 -9999 -9999 -9999 -9999
-3.33066907387547e-16 -3.33066907387547e-16 -3.33066907387547e-16 -3.33066907387547e-16 -3.33066907387547e-16 -3.33066907387547e-16 -3.33066907387547e-16 -3.33066907387547e-16 -3.33066907387547e-16 -3.33066907387547e-16 -3.33066907387547e-16 -3.33066907387547e-16 -3.33066907387547e-16 -3.33066907387547e-16 -3.33066907387547e-16 -3.33066907387547e-16 -3.33066907387547e-16 -3.33066907387547e-16 -2.22044604925031e-16 -2.22044604925031e-16 -2.22044604925031e-16 -2.22044604925031e-16 9.89490271650073e-05 9.89490271650073e-05 2.14052285782973e-05 2.14052285782973e-05 0.0012718964023628 0.0012718964023628 0.0555626157476139 0.0555626157476139 -9999 -9999 -9999 -9999 -9999 -9999 -9999 -9999 -9999 -9999 -9999 -9999 -9999 -9999 -9999 -9999 -9999 -9999
-3.33066907387547e-16 -3.33066907387547e-16 -3.33066907387547e-16 -3.33066907387547e-16 -3.33066907387547e-16 -3.33066907387547e-16 -3.33066907387547e-16 -3.33066907387547e-16 -3.33066907387547e-16 -3.33066907387547e-16 -3.33066907387547e-16 -3.33066907387547e-16 -2.22044604925031e-16 -2.22044604925031e-16 -3.33066907387547e-16 -3.33066907387547e-16 -3.33066907387547e-16 -3.33066907387547e-16 -2.22044604925031e-16 -2.22044604925031e-16 -2.22044604925031e-16 -2.22044604925031e-16 1.55786609610242e-05 1.55786609610242e-05 2.26798154299157e-05 2.26798154299157e-05 0.00145477684420214 0.00145477684420214 0.0615440751524841 0.0615440751524841 -9999 -9999 -9999 -9999 -9999 -9999 -9999 -9999 -9999 -9999 -9999 -9999 -9999 -9999 -9999 -9999 -9999 -9999
-3.33066907387547e-16 -3.33066907387547e-16 -3.33066907387547e-16 -3.33066907387547e-16 -3.33066907387547e-16 -3.33066907387547e-16 -3.33066907387547e-16 -3.33066907387547e-16 -3.33066907387547e-16 -3.33066907387547e-16 -2.22044604925031e-16 -2.22044604925031e-16 -3.33066907387547e-16 -3.33066907387547e-16 -3.33066907387547e-16 -3.33066907387547e-16 -2.22044604925031e-16 -2.22044604925031e-16 -3.33066907387547e-16 -3.33066907387547e-16 -3.33066907387547e-16 -3.33066907387547e-16 2.7127847593178e-05 2.7127847593178e-05 6.01348867947937e-05 6.01348867947937e-05 0.00894790429379122 0.00894790429379122 0.0637010964821261 0.0637010964821261 -9999 -9999 -9999 -9999 -9999 -9999 -9999 -9999 -9999 -9999 -9999 -9999 -9999 -9999 -9999 -9999 -9999 -9999
-3.33066907387547e-16 -3.33066907387547e-16 -3.33066907387547e-16 -3.33066907387547e-16 -3.33066907387547e-16 -3.33066907387547e-16 -3.33066907387547e-16 -3.33066907387547e-16 -3.33066907387547e-16 -3.33066907387547e-16 -3.33066907387547e-16 -3.33066907387547e-16 -3.33066907387547e-16 -3.33066907387547e-16 -2.22044604925031e-16 -2.22044604925031e-16 -2.22044604925031e-16 -2.22044604925031e-16 -3.33066907387547e-16 -3.33066907387547e-16 8.33690674251208e-05 8.33690674251208e-05 2.7813418842948e-05 2.7813418842948e-05 0.00148551223846383 0.00148551223846383 0.0187844304162545 0.0187844304162545 0.0722905724104239 0.0722905724104239 -9999 -9999 -9999 -9999 -9999 -9999 -9999 -9999 -9999 -9999 -9999 -9999 -9999 -9999 -9999 -9999 -9999 -9999
-3.33066907387547e-16 -3.33066907387547e-16 -3.33066907387547e-16 -3.33066907387547e-16 -3.33066907387547e-16 -3.33066907387547e-16 -3.33066907387547e-16 -3.33066907387547e-16 -3.33066907387547e-16 -3.33066907387547e-16 5.76675520447267e-07 5.76675520447267e-07 0.000100043714939879 0.000100043714939879 1.15490067138513e-05 1.15490067138513e-05 2.62439168012829e-05 2.62439168012829e-05 -2.22044604925031e-16 -2.22044604925031e-16 -2.22044604925031e-16 -2.22044604925031e-16 -2.22044604925031e-16 -2.22044604925031e-16 0.000333836246400931 0.000333836246400931 0.028380911149392 0.028380911149392 0.0646300017854564 0.0646300017854564 -9999 -9999 -9999 -9999 -9999 -9999 -9999 -9999 -9999 -9999 -9999 -9999 -9999 -9999 -9999 -9999 -9999 -9999
-3.33066907387547e-16 -3.33066907387547e-16 -3.33066907387547e-16 -3.33066907387547e-16 -3.33066907387547e-16 -3.33066907387547e-16 -3.33066907387547e-16 -3.33066907387547e-16 -3.33066907387547e-16 -3.33066907387547e-16 -3.33066907387547e-16 -3.33066907387547e-16 -3.33066907387547e-16 -3.33066907387547e-16 2.54557800460908e-05 2.54557800460908e-05 2.73768882932401e-05 2.73768882932401e-05 2.62439168012829e-05 2.62439168012829e-05 2.62439168012829e-05 2.62439168012829e-05 -2.22044604925031e-16 -2.22044604925031e-16 3.52783975148263e-05 3.52783975148263e-05 0.0179908712323147 0.0179908712323147 0.0511792964886923 0.0511792964886923 -9999 -9999 -9999 -9999 -9999 -9999 -9999 -9999 -9999 -9999 -9999 -9999 -9999 -9999 -9999 -9999 -9999 -9999
-3.33066907387547e-16 -3.33066907387547e-16 -3.33066907387547e-16 -3.33066907387547e-16 -3.33066907387547e-16 -3.33066907387547e-16 -3.33066907387547e-16 -3.33066907387547e-16 -3.33066907387547e-16 -3.33066907387547e-16 0.000123083526937906 0.000123083526937906 0.00041819812074162 0.00041819812074162 -2.22044604925031e-16 -2.22044604925031e-16 2.5677431536586e-05 2.5677431536586e-05 -2.22044604925031e-16 -2.22044604925031e-16 2.5677431536586e-05 2.5677431536586e-05 -2.22044604925031e-16 -2.22044604925031e-16 0.000105328873267529 0.000105328873267529 0.0123869359922086 0.0123869359922086 0.0403368732411173 0.0403368732411173 -9999 -9999 -9999 -9999 -9999 -9999 -9999 -9999 -9999 -9999 -9999 -9999 -9999 -9999 -9999 -9999 -9999 -9999
-3.33066907387547e-16 -3.33066907387547e-16 -3.33066907387547e-16 -3.33066907387547e-16 -3.33066907387547e-16 -3.33066907387547e-16 -3.33066907387547e-16 -3.33066907387547e-16 -3.33066907387547e-16 -3.33066907387547e-16 0.001116086672589 0.001116086672589 0.00524269862416893 0.00524269862416893 -2.22044604925031e-16 -2.22044604925031e-16 2.5677431536586e-05 2.5677431536586e-05 5.56276112726461e-05 5.56276112726461e-05 -2.22044604925031e-16 -2.22044604925031e-16 2.62439168012829e-05 2.62439168012829e-05 0.000118000343853897 0.000118000343853897 0.000488367562750724 0.000488367562750724 0.0389596080434045 0.0389596080434045 -9999 -9999 -9999 -9999 -9999 -9999 -9999 -9999 -9999 -9999 -9999 -9999 -9999 -9999 -9999 -9999 -9999 -9999
