data/thuenen/sol.ple.cra.biomasses_new/dis.crangon.min.max.asc
NCOLS 320 
NROWS 120 
XLLCORNER 2 
YLLCORNER 53 
CELLSIZE 0.025 
NODATA_value -9999 
[rows 20 to 39 of 120, columns 184 to 229 of 320]
0.0175607390701771 0.0162229835987091 0.0162229835987091 0.0162229835987091 0.0162261202931404 0.0159952491521835 0.0157644264400005 0.016396626830101 0.016396626830101 0.016396626830101 0.016396626830101 0.0185059849172831 0.0183975230902433 0.0183975230902433 0.0156073486432433 0.0168079044669867 0.0178300123661756 0.017854006960988 0.0176364686340094 0.0175977218896151 0.0191378742456436 0.0178716965019703 0.0178716965019703 0.0178716965019703 0.0178716965019703 0.0190612375736237 0.0205241367220879 0.0205241367220879 0.0204708278179169 0.0202090702950954 0.0206796713173389 0.0217159148305655 0.021761279553175 0.0214905105531216 0.0214905105531216 0.0213338639587164 0.0229208674281836 0.022701533511281 0.022701533511281 0.0239546112716198 0.0323690734803677 0.0308831371366978 0.0295104328542948 0.0290235355496407 0.0394576042890549 0.0477312318980694
0.0175607390701771 0.0161554273217916 0.0162229835987091 0.0162229835987091 0.01623410359025 0.0159952491521836 0.0155507745221257 0.016396626830101 0.016396626830101 0.016396626830101 0.0169438775628805 0.0178928840905428 0.0183975230902433 0.0161911379545927 0.0172393992543221 0.0165249146521091 0.017854006960988 0.0177841018885374 0.0175977218896151 0.0175977218896151 0.0189229417592287 0.0178716965019703 0.0178716965019703 0.0178716965019703 0.0178716965019703 0.0190612375736237 0.0205241367220879 0.0205980837345123 0.0204708278179169 0.0202090702950954 0.0206796713173389 0.0217159148305655 0.021761279553175 0.021761279553175 0.0214905105531216 0.020239720121026 0.0227797199040651 0.0227075982838869 0.0225482098758221 0.0235251169651747 0.0241696089506149 0.0226508900523186 0.0227796342223883 0.0224359836429358 0.0256797764450312 0.0307591091841459
0.0175607390701771 0.0160732846707106 0.0162229835987091 0.0162229835987091 0.01623410359025 0.016003230586648 0.0160352494567633 0.0161829739809036 0.016396626830101 0.0168354157358408 0.0168354157358408 0.0153640108183026 0.0173895824700594 0.0173615086823702 0.0175964944064617 0.0165249146521091 0.0177841018885374 0.0176364686340094 0.0175977218896151 0.0175977218896151 0.0186555236577988 0.0178716965019703 0.0178716965019703 0.0178716965019703 0.0178716965019703 0.0178716965019703 0.0205241367220879 0.0204708278179169 0.0204708278179169 0.0202090702950954 0.0206796713173389 0.0217159148305655 0.021761279553175 0.021761279553175 0.021761279553175 0.020239720121026 0.0230835787951946 0.0225603859871626 0.0225482098758221 0.0235311798751354 0.0241696089506149 0.0226508900523186 0.0226508900523186 0.0224359836429358 0.0228770636022091 0.0249126460403204
0.0175607390701771 0.0160732846707106 0.0162229835987091 0.0162229835987091 0.0162229835987091 0.01623410359025 0.0160432308912277 0.0167302247136831 0.0167609695345163 0.0170944426208735 0.0153959607705474 0.0164695680141449 0.0174057222902775 0.0173615086823702 0.0175265893340111 0.016268627718091 0.0180277805775404 0.0175977218896151 0.0176502075046301 0.0176502075046301 0.0186555236577988 0.0178716965019703 0.0178716965019703 0.0178716965019703 0.0178716965019703 0.0178716965019703 0.0205241367220879 0.0204708278179169 0.0204708278179169 0.0202090702950954 0.0206796713173389 0.0217159148305655 0.021761279553175 0.021761279553175 0.021761279553175 0.0214905105531216 0.0232789758592844 0.0230114571750164 0.0227075982838869 0.0235311798751354 0.0241756737232208 0.0230693314224482 0.0226508900523186 0.0227796342223883 0.0228472072631121 0.0229140166193247
0.0175607390701771 0.0160732846707106 0.0162229835987091 0.0162229835987091 0.0162229835987091 0.0167813543230295 0.0164820216596127 0.0166297443211079 0.0140928896144032 0.0149439256638288 0.0151446824893355 0.0164695680141449 0.0173358172178268 0.0170404091477394 0.0170727893710136 0.016268627718091 0.0180802661925554 0.0178576949983835 0.0176502075046301 0.0176502075046301 0.0186555236577988 0.0178716965019703 0.0178716965019703 0.0178716965019703 0.0178716965019703 0.0178716965019703 0.0205241367220879 0.0204708278179169 0.0204708278179169 0.0204044673591852 0.0208268836140633 0.0218631271272898 0.0219084918498993 0.0219084918498993 0.0219084918498993 0.0219084918498993 0.0232307910919189 0.0230114571750164 0.0227075982838869 0.0235311798751354 0.0241756737232208 0.023152157664299 0.0226508900523186 0.0227796342223883 0.0231908559799194 0.0228841602802277
0.0161809884011746 0.0158838424831629 0.0160335395485163 0.0160335395485163 0.0165807921439409 0.0164834503084422 0.0139521006494761 0.0148552330210805 0.0148116536438465 0.0148036722093821 0.014999283477664 0.0147402575239539 0.0156376641243696 0.0155286379158497 0.0158809199929237 0.0161483380943537 0.0191533956676722 0.018616821616888 0.018616821616888 0.0184093322604895 0.0194146484136581 0.0211067050695419 0.0211067050695419 0.0211067050695419 0.0211067050695419 0.0211067050695419 0.0218980759382248 0.0217708200216293 0.0219180323183537 0.0217905323952436 0.0223172660917044 0.023196442052722 0.0231902673840523 0.0231902673840523 0.0231902673840523 0.0231902673840523 0.0231661014258862 0.0226759985089302 0.0226759985089302 0.0230977479368448 0.0236341711133718 0.0255110245198011 0.0255110245198011 0.0250097569078207 0.0254209786653519 0.0265301875770092
0.0161956027150154 0.0158838424831629 0.0160335395485163 0.0164723303169012 0.0164723303169012 0.0144496345892548 0.0146639300510287 0.0148116536438465 0.0148116536438465 0.0147337671369314 0.0148213300853968 0.014701509848237 0.0159635450690985 0.0158485416322947 0.0158809199929237 0.0161483380943537 0.01883939281106 0.018616821616888 0.018616821616888 0.0184093322604895 0.0194146484136581 0.0211067050695419 0.0211067050695419 0.0211067050695419 0.0211806520819664 0.0214480701833963 0.0219180323183537 0.0219180323183536 0.0217837747186422 0.0216562747955322 0.0221268758177757 0.0231449026614428 0.0231902673840523 0.0231902673840523 0.0231902673840523 0.0231902673840523 0.0231661014258862 0.0226759985089302 0.0226759985089302 0.0234016049653292 0.0237935595214367 0.0255110245198011 0.0255110245198011 0.0255110245198011 0.025929344817996 0.0252154488116503
0.0163062643259764 0.0162498615682125 0.0164723303169012 0.0164723303169012 0.0144385155290365 0.0148825040087104 0.0146639300510287 0.0147417485713959 0.0147417485713959 0.0147879868745804 0.0148213300853968 0.0148822078481317 0.0159575678408146 0.0159133542329073 0.0161483380943537 0.0161483380943537 0.01883939281106 0.018616821616888 0.018616821616888 0.018616821616888 0.0194146484136581 0.0211806520819664 0.0214480701833963 0.0213278643786907 0.0211936067789793 0.0210032165050507 0.0215933844447136 0.0215933844447136 0.0215418469160795 0.0214143469929695 0.0220753382891417 0.0231449026614428 0.0231902673840523 0.0231902673840523 0.0231902673840523 0.0231902673840523 0.0231661014258862 0.0229467675089836 0.0226759985089302 0.0234016049653292 0.0237935595214367 0.025670412927866 0.0255110245198011 0.0255110245198011 0.025929344817996 0.0257167182862759
0.0163062643259764 0.0168383494019508 0.0164723303169012 0.0144385155290365 0.0148825040087104 0.01443553250283 0.0145940240472555 0.0147417485713959 0.0147030018270016 0.0147879868745804 0.0151492152363062 0.0148822078481317 0.0159575678408146 0.0159133542329073 0.0161483380943537 0.0161483380943537 0.018616821616888 0.018616821616888 0.018616821616888 0.0186907667666674 0.019696082919836 0.0212417934089899 0.0210032165050507 0.0210032165050507 0.0209516789764166 0.0209516789764166 0.0215418469160795 0.0215418469160795 0.0215418469160795 0.0214143469929695 0.0220753382891417 0.0231449026614428 0.0231902673840523 0.0231902673840523 0.0231902673840523 0.0231902673840523 0.0231661014258862 0.0229467675089836 0.0229467675089836 0.0234016049653292 0.0240974184125662 0.025670412927866 0.025670412927866 0.025670412927866 0.0260887332260609 0.0258761048316956
0.016853516921401 0.0170311536639929 0.0148045355454087 0.0148713840171695 0.0148825040087104 0.0143656274303794 0.0140708023682237 0.0147030018270016 0.0147030018270016 0.0151078905910254 0.0151492152363062 0.0150224715471268 0.0158183611929417 0.0159133542329073 0.0161483380943537 0.0161483380943537 0.018616821616888 0.0186907667666674 0.0186907667666674 0.0185565091669559 0.0193714369088411 0.0210032165050507 0.0209516789764166 0.0209516789764166 0.0209456160664558 0.0220079012215137 0.0215357821434736 0.0215357821434736 0.0215357821434736 0.0214082840830088 0.0220692735165358 0.0231449026614428 0.0231902673840523 0.0231902673840523 0.0231902673840523 0.0231902673840523 0.0231661014258862 0.0229467675089836 0.0229467675089836 0.0234016049653292 0.0240974184125662 0.025670412927866 0.025670412927866 0.025670412927866 0.0260887332260609 0.0258761048316956
0.0174007900059224 0.015552413649857 0.0159031394869089 0.015792477875948 0.0150690488517284 0.0146220773458481 0.0154917519539595 0.0159204471856356 0.0158452000468969 0.0159715097397566 0.0159715097397566 0.0182423535734415 0.0182343721389771 0.0181901566684246 0.0185643490403891 0.01905482634902 0.0200786981731653 0.0200786981731653 0.0197540521621704 0.0197540521621704 0.0205003414303064 0.0210024043917656 0.0210024043917656 0.0210024043917656 0.0210024043917656 0.0219413116574287 0.0219337642192841 0.0219337642192841 0.021806264296174 0.0224672555923462 0.0224672555923462 0.0238322857767344 0.0238322857767344 0.0238322857767344 0.0238322857767344 0.0238322857767344 0.0271139983087778 0.0271139983087778 0.0275687333196402 0.0278293155133724 0.0285251270979643 0.0292977783828974 0.0289939194917679 0.0289939194917679 0.0294122397899628 0.0291996132582426
0.0153669761493802 0.0159467197954655 0.0159031394869089 0.0159031394869089 0.0157336927950382 0.0148171000182628 0.0154917519539595 0.0158452000468969 0.0158452000468969 0.0159715097397566 0.0159715097397566 0.0182423535734415 0.0181333273649216 0.0181577242910862 0.0185643490403891 0.0191287733614445 0.0200786981731653 0.0197540521621704 0.0197540521621704 0.0207129549235106 0.0205003414303064 0.0210024043917656 0.0210024043917656 0.0210024043917656 0.0210024043917656 0.0219413116574287 0.0219337642192841 0.0219337642192841 0.021806264296174 0.0224672555923462 0.0224672555923462 0.0238322857767344 0.0236728973686695 0.0236728973686695 0.0236728973686695 0.0236728973686695 0.026954609900713 0.026954609900713 0.0277012847363949 0.0281031765043736 0.0270714648067951 0.0291383899748325 0.028834531083703 0.0288416296243668 0.0291996132582426 0.0291996132582426
0.0154866129159927 0.0159031394869089 0.0159031394869089 0.0160286333411932 0.0152479745447636 0.0148171000182628 0.0158452000468969 0.0158452000468969 0.0159301850944757 0.0159715097397566 0.0159715097397566 0.0182423535734415 0.0181981399655342 0.0184331256896257 0.0184990894049406 0.0184368398040533 0.0197540521621704 0.0194950252771378 0.0194950252771378 0.0205003414303064 0.0205003414303064 0.0208551920950413 0.0210024043917656 0.0210024043917656 0.0210024043917656 0.0219413116574287 0.0219337642192841 0.0219337642192841 0.0216468758881092 0.0223078671842813 0.0223078671842813 0.0236728973686695 0.0236728973686695 0.0236728973686695 0.0234222635626793 0.0234222635626793 0.0267039760947227 0.0267039760947228 0.0274192932993174 0.0281151048839092 0.0268208310008049 0.0288877561688423 0.0291383899748325 0.0292528513818979 0.0290402248501778 0.0290402248501778
0.0157998446375132 0.0159031394869089 0.0158332344144583 0.0159898865967989 0.0155429150909185 0.0149972699582576 0.0158452000468969 0.0158452000468969 0.0159301850944757 0.0159715097397566 0.0169076640158892 0.0182423535734415 0.0181981399655342 0.0185070708394051 0.0184990894049406 0.0177504140883684 0.0194950252771378 0.0194950252771378 0.0194950252771378 0.0205003414303064 0.0205003414303064 0.0205066315829754 0.0208551920950413 0.0210024043917656 0.0219413116574287 0.0217819232493639 0.0217743758112192 0.0217743758112192 0.0216468758881092 0.0218065995723009 0.0218065995723009 0.0231716297566891 0.0231716297566891 0.0231716297566891 0.024486368522048 0.024486368522048 0.0277680791914463 0.0283215381205082 0.0287135578691959 0.0291792079806328 0.0278914775699377 0.0299518592655659 0.0286442190408707 0.029055442661047 0.0285389572381973 0.0285456087440252
0.0157299395650625 0.0158332344144583 0.015794487670064 0.0159898865967989 0.0161025654524565 0.0156121142208576 0.0165098439902067 0.0158452000468969 0.0159715097397566 0.0159715097397566 0.0169076640158892 0.0181333273649216 0.0182396527379751 0.0185070708394051 0.0188632924109697 0.0177504140883684 0.0194950252771378 0.0194950252771378 0.0199228953570127 0.0205003414303064 0.0205003414303064 0.0205066315829754 0.0208551920950413 0.0208551920950413 0.0217819232493639 0.0217819232493639 0.0217743758112192 0.0211456082761288 0.0210578870028257 0.0218065995723009 0.0218519642949104 0.0234017912298441 0.0231716297566891 0.0243856348097324 0.0231716297566891 0.0231824591755867 0.0266835037618875 0.0273988209664822 0.0273988209664822 0.028094632551074 0.0265701971948147 0.0283977333456277 0.0296122953295707 0.0288160536438227 0.028299568220973 0.028735714033246
0.0176009610295295 0.0191278215497732 0.0193232204765081 0.018343610689044 0.0180929061025381 0.0185216013342142 0.0201256666332483 0.0195460077375174 0.0195873323827982 0.0197196137160063 0.0205234866589308 0.0205512586981058 0.0208601914346218 0.0208601914346218 0.0200987998396158 0.0198317915201187 0.0195652190595865 0.0197044238448143 0.0207097418606281 0.0207097418606281 0.0207097418606281 0.0212226528674364 0.0212226528674364 0.0215712115168571 0.0223507322371006 0.0224979445338249 0.0228009894490242 0.0226734895259142 0.0225857682526112 0.0233344808220863 0.0245873089879751 0.0255497116595507 0.0255433544516563 0.0255433544516563 0.0255433544516563 0.0253240205347538 0.028717465698719 0.0294327829033136 0.0296153984963894 0.0286041591316462 0.0286041591316462 0.0284879319369793 0.028495030477643 0.028693625703454 0.0291294790804386 0.0302537828683853
0.0177931319922208 0.0190525744110346 0.0192479733377695 0.0185773801058531 0.0185216013342142 0.0185216013342141 0.0204206071794033 0.020251976326108 0.0195873323827982 0.0205234866589308 0.0204144604504108 0.0205927733331919 0.0208601914346218 0.0212164111435413 0.0200987998396158 0.0198397748172283 0.0195652190595865 0.0201322939246893 0.0207097418606281 0.0207097418606281 0.0207097418606281 0.0212226528674364 0.0212226528674365 0.0223507322371006 0.0223507322371006 0.0221000984311104 0.0228819586336613 0.0229016710072756 0.0225857682526112 0.0225857682526112 0.0246156752109528 0.0255433544516563 0.0255433544516563 0.0255433544516563 0.0255433544516563 0.0253240205347538 0.0288106016814709 0.0292026214301586 0.0300213992595673 0.0287271253764629 0.0287271253764629 0.0286179967224598 0.029029218479991 0.0288165919482708 0.0289658792316914 0.0301182549446821
0.017525715753436 0.0192479733377695 0.018343610689044 0.0180929061025381 0.0185216013342142 0.0185216013342141 0.0205055922269821 0.020436255261302 0.0197196137160063 0.0205234866589308 0.0205532182008028 0.0208601914346218 0.0208601914346218 0.0202891901135445 0.0200987998396158 0.0198397748172283 0.0195732004940509 0.0205705352127552 0.0207097418606281 0.0207097418606281 0.0207097418606281 0.0212226528674364 0.0210632644593716 0.0220021717250347 0.0223507322371006 0.0218494646251202 0.0240691974759102 0.0226667374372482 0.0226667374372482 0.0228529572486877 0.0233734883368015 0.0255433544516563 0.0255433544516564 0.0258666500449181 0.0256473179906607 0.0256473179906607 0.0292026214301586 0.0292026214301586 0.0300213992595673 0.0287271253764629 0.0287271253764629 0.0286179967224598 0.029029218479991 0.0288165919482708 0.0290888454765081 0.0293073300272226
0.0177211128175258 0.018343610689044 0.0180929061025381 0.0185216013342142 0.0185216013342142 0.018606586381793 0.020546916872263 0.020546916872263 0.021262077614665 0.0204884074628353 0.0205207858234644 0.0207259338349104 0.0210260208696127 0.0200987998396158 0.0198397748172283 0.0198397748172283 0.0200010687112808 0.0205705352127552 0.0207097418606281 0.0207097418606281 0.0207097418606281 0.0212226528674364 0.0220021717250347 0.0220021717250347 0.0223507322371006 0.0218494646251202 0.0240691974759102 0.0226667374372482 0.0229900348931551 0.0230290424078703 0.0230290424078703 0.0259476210922003 0.0259476210922003 0.0259162615984678 0.025718180462718 0.0255979746580124 0.0289564542472362 0.029775232076645 0.0333361253142357 0.0333361253142357 0.034489568322897 0.0347916632890703 0.0288165919482708 0.0288165919482708 0.0290888454765081 0.0293738767504692
0.0177211128175258 0.0185773801058531 0.0185216013342142 0.0185216013342142 0.0185216013342142 0.0188541393727063 0.0207531452178955 0.02155701816082 0.0212030727416277 0.0202285721898079 0.0204635579138994 0.0202765185385942 0.0198397748172283 0.0198397748172283 0.0198397748172283 0.0198397748172283 0.0205785166472197 0.0205785166472197 0.0205705352127552 0.0207097418606281 0.0207097418606281 0.0212226528674364 0.0221615601330996 0.0220021717250347 0.0220021717250347 0.0222645364701748 0.0229900348931551 0.0229900348931551 0.0230353996157646 0.0230040419846773 0.0229976829141378 0.0259162615984678 0.0259162615984678 0.0259643476456404 0.0258441418409348 0.0260393377393484 0.0292026214301586 0.029775232076645 0.0333361253142357 0.0333361253142357 0.0344966650009155 0.0347916632890703 0.0288165919482708 0.0288232434540987 0.0290888454765081 0.0288009867072105
