data/thuenen/sol.ple.cra.biomasses_new/dis.crangon.min.max.asc
NCOLS 320 
NROWS 120 
XLLCORNER 2 
YLLCORNER 53 
CELLSIZE 0.025 
NODATA_value -9999 
[rows 60 to 79 of 120, columns 138 to 183 of 320]
0.0092635303735733 0.0105193667113781 0.0105193667113781 0.00926353037357331 0.00906497146934271 0.0108619406819344 0.0108619406819344 0.0111081078648567 0.0111196702346206 0.0104950238019228 0.011139128357172 0.0109786773100495 0.0138733461499214 0.014346051029861 0.0146078737452626 0.0129994312301278 0.0129994312301278 0.0137710841372609 0.0137710841372609 0.0131958108395338 0.012721998617053 0.0130644338205457 0.0133942570537329 0.0133942570537329 0.0135176358744502 0.0140648875385523 0.0139459194615483 0.0144977457821369 0.0144977457821369 0.0144977457821369 0.0137556549161673 0.0137556549161672 0.0149668138474226 0.0152651108801365 0.015723031014204 0.0165100786834955 0.0162704680114983 0.0192729849368334 0.0192030798643827 0.0192673318088055 0.0199024248868227 0.0210269894450903 0.0211313143372536 0.0211313143372536 0.020380862057209 0.0204071868211031
0.0103302989155054 0.0136446552351117 0.0136446552351117 0.0103302989155054 0.0103302989155054 0.0121272681280971 0.0121272681280971 0.0113731771707535 0.0116244554519654 0.0107600940391421 0.0112437475472689 0.0112437475472689 0.0139895873144269 0.0144622912630439 0.014872943982482 0.0132645005360246 0.0135466828942299 0.014318335801363 0.014318335801363 0.0137430634349585 0.0130186164751649 0.0132692502811551 0.0139415096491575 0.0139415096491575 0.0139415096491575 0.0140648875385523 0.0140648875385523 0.0144977457821369 0.0144977457821369 0.0144977457821369 0.0144977457821369 0.013553686439991 0.0142044248059392 0.0145021975040436 0.0155588425695896 0.0152651108801365 0.0157230310142039 0.0192423369735479 0.0192663334310055 0.0192030798643827 0.0190166980028152 0.0205011814832687 0.0208852663636208 0.0211313143372536 0.0211313143372536 0.0211313143372536
0.00980975851416588 0.0105713354423642 0.0113854454830289 0.0104085160419345 0.0104085160419345 0.0117270536720753 0.0117270536720753 0.0107267964631319 0.0111008631065488 0.0105203296989202 0.0108435321599245 0.0108435321599245 0.0127385081723332 0.0140620768070221 0.0140620768070221 0.0143238995224237 0.0128642860800028 0.018771480768919 0.0190333053469658 0.0189141593873501 0.0184580329805613 0.0177335850894451 0.0183140430599451 0.0183140430599451 0.0186564791947603 0.0186564791947603 0.0186564791947603 0.0204010438174009 0.0204010438174009 0.0204010438174009 0.0190774761140346 0.0190774761140348 0.0153414225205779 0.0153414225205779 0.0153537867590785 0.0153537867590785 0.016914227977395 0.019481947645545 0.0192663334310055 0.0191964264959097 0.0190100464969873 0.019292127341032 0.0206726063042879 0.0208852663636208 0.0208852663636208 0.0211313143372536
0.00984241627156734 0.00984241627156734 0.00984241627156734 0.0104085160419345 0.0104085160419345 0.0117270536720753 0.0117270536720753 0.0107267964631319 0.0108495848253369 0.0111086498945951 0.0103598795831203 0.0127385081723332 0.0127385081723332 0.0127385081723332 0.0135893728584051 0.0140620768070221 0.0143238995224237 0.0204583536833525 0.018771480768919 0.018771480768919 0.0184580329805613 0.0177335850894451 0.0180634073913097 0.0180634073913097 0.0180634073913097 0.0183140430599451 0.0186564791947603 0.0204206313937902 0.0203016623854637 0.0204250402748585 0.0204250402748585 0.0204250402748584 0.0219519007951021 0.0219519007951021 0.0164379924535751 0.0170300211757421 0.0164613611996173 0.0190777983516455 0.0198401883244515 0.0190487932413816 0.0190100464969873 0.0190100464969873 0.0201254282146692 0.0209020506590605 0.0206346325576305 0.0208956710994244
0.00984241627156734 0.00984241627156734 0.00984241627156734 0.00984241627156734 0.00984241627156734 0.00984241627156734 0.0111609539017081 0.0107267964631319 0.0108495848253369 0.0111008631065488 0.0103598795831203 0.0122548555955291 0.0127385081723332 0.0127385081723332 0.0127385081723332 0.0135893728584051 0.0140620768070221 0.020047701895237 0.0204583536833525 0.020379925146699 0.0181962084025145 0.0174717623740435 0.0180634073913097 0.0180634073913097 0.0180634073913097 0.0180634073913097 0.0180634073913097 0.0199305601418018 0.0202729962766171 0.0201540272682905 0.0201540272682905 0.0202774070203304 0.0218042675405741 0.0218042675405741 0.0218042675405741 0.0223575495183468 0.0168436393141745 0.0198155082762241 0.0192468483000994 0.0188914183527231 0.0196538064628839 0.0190100464969873 0.0195266716182232 0.0205843169242144 0.0208137594163418 0.0206346325576305
0.00871878117322922 0.00871878117322922 0.00871878117322922 0.00871878117322922 0.00871878117322922 0.00871878117322922 0.01003731880337 0.01003731880337 0.0101977698504925 0.0108495848253369 0.0111008631065488 0.0122548555955291 0.0122548555955291 0.0127385081723332 0.0127385081723332 0.0127385081723332 0.0127385081723332 0.0155685618519783 0.0160412658005953 0.0150590939447284 0.0151233430951834 0.0146672148257494 0.0149637712165713 0.0149637712165713 0.0149637712165713 0.015225593931973 0.0152255939319729 0.0168639272451401 0.0168639272451401 0.0171145610511303 0.0173380300402641 0.0173380300402641 0.0173380300402641 0.0174614079296589 0.0177288260310888 0.0177288260310888 0.0182821080088615 0.0185030195862055 0.0185030195862055 0.0185030195862055 0.0179343596100807 0.0175789296627044 0.018963411450386 0.0199605766683817 0.0206101629883051 0.0206101629883051
0.00871878117322922 0.00871878117322922 0.00871878117322922 0.00871878117322922 0.00871878117322922 0.00871878117322922 0.00871878117322922 0.01003731880337 0.0101977698504925 0.01003731880337 0.0106034185737371 0.0127445608377457 0.0129958391189575 0.0122548555955291 0.0122548555955291 0.0127385081723332 0.0144402366131544 0.0147176971659064 0.0147176971659064 0.0157173909246922 0.0150590939447284 0.0144053921103477 0.0147019475698471 0.0149637712165713 0.0149637712165713 0.0149637712165713 0.0149637712165713 0.0168639272451401 0.0168639272451401 0.0168639272451401 0.0168639272451401 0.0169955939054489 0.0173380300402641 0.0173380300402641 0.0173380300402641 0.0174614079296589 0.0180146899074316 0.0182737149298191 0.0184883642941713 0.0185030195862055 0.0185030195862055 0.0185030195862055 0.0186851713806391 0.0203259792178869 0.0206101629883051 0.0206101629883051
0.0087720425799489 0.0087720425799489 0.0087720425799489 0.00871878117322922 0.00871878117322922 0.00871878117322922 0.00871878117322922 0.0088792322203517 0.00871878117322917 0.01003731880337 0.0124983945861459 0.0124983945861459 0.0124983945861459 0.0127445608377457 0.0129958391189575 0.0122548555955291 0.0122548555955291 0.0142340445891023 0.0147176971659064 0.0147176971659064 0.0137355262413621 0.0130818234756589 0.0165621340274811 0.0147019475698471 0.0147019475698471 0.0149637712165713 0.0149637712165713 0.0166021045297384 0.0166021045297384 0.0168639272451401 0.0168639272451401 0.0168639272451401 0.0167449600994587 0.0169955939054489 0.0173380300402641 0.0173380300402641 0.0178913120180368 0.0182737149298191 0.0184883642941713 0.0184883642941713 0.0182356014847755 0.0182356014847755 0.0189687479287386 0.0193202625960112 0.0202519223093987 0.0210143104195595
0.0087720425799489 0.0087720425799489 0.0087720425799489 0.0087720425799489 0.0087720425799489 0.00871878117322922 0.00871878117322922 0.0088792322203517 0.00871878117322922 0.00871878117322922 0.010613757185638 0.0111798569560051 0.0124983945861459 0.0124983945861459 0.0124983945861459 0.0124983945861459 0.0127445608377457 0.0149750281125307 0.0142340445891023 0.0142340445891023 0.0148665271699429 0.0135379517450929 0.0157112702727318 0.0157112702727318 0.0142292436212301 0.0147019475698471 0.014701947569847 0.0166021045297384 0.0166021045297384 0.0166021045297384 0.0166021045297384 0.0168639272451401 0.0168639272451401 0.0168639272451401 0.0167449600994587 0.0169955939054489 0.0175970550626516 0.0181503370404243 0.0183649864047766 0.0184883642941713 0.0184883642941713 0.0184883642941713 0.0192215088754892 0.0198566000908613 0.0209142453968525 0.0205926951020956
0.00812320597469807 0.00812320597469807 0.00812320597469807 0.0086244745180011 0.00812320597469807 0.00812320597469807 0.00823039561510086 0.00806994549930096 0.00806994549930096 0.00806994549930096 0.00996492151170969 0.0105310203507543 0.0105310203507543 0.0105310203507542 0.011849557980895 0.011849557980895 0.011849557980895 0.0138287469744682 0.014074913226068 0.0143261924386024 0.0144750215113163 0.0133440205827355 0.0162595454603434 0.0157112702727318 0.0133783798664808 0.0133783798664808 0.0142292436212301 0.0163402818143368 0.0163402818143368 0.0166021045297384 0.0166021045297384 0.0166021045297384 0.0166021045297384 0.0168639272451401 0.0168639272451401 0.0167449600994587 0.0172546189278364 0.0178079009056091 0.0183649864047766 0.0183649864047766 0.0183649864047766 0.0184883642941713 0.0192215088754892 0.0198566000908613 0.0209142453968525 0.0211436897516251
0.010351350530982 0.010351350530982 0.00985043961554766 0.00985043961554766 0.00985043961554766 0.00985043961554766 0.00995762925595045 0.00781798921525478 0.00781798921525479 0.00781798921525478 0.00971296522766352 0.00971296522766352 0.0127591649070382 0.0127591649070382 0.0127591649070382 0.0127591649070382 0.0127591649070382 0.0164581928402185 0.0164581928402185 0.0164581928402185 0.0168531890958548 0.0159734673798084 0.0174142252653837 0.0168659500777721 0.0171592142432928 0.0148263238370419 0.0148263238370419 0.0148263238370419 0.0156771875917912 0.0161498915404081 0.0161498915404081 0.0166021045297384 0.0168611295521259 0.0168611295521259 0.0171229541301727 0.0171229541301727 0.0172630120068788 0.0175572670996189 0.0180225502699614 0.0183649864047766 0.0183649864047766 0.0183649864047766 0.0184883642941713 0.0191234555095434 0.0201811008155346 0.0206712484359741
0.0102273710072041 0.010351350530982 0.00985043961554766 0.00985043961554766 0.00985043961554766 0.00985043961554766 0.00979717820882797 0.00797844026237726 0.00781798921525479 0.00781798921525478 0.00971296522766352 0.00971296522766352 0.0127591649070382 0.0127591649070382 0.0127591649070382 0.0127591649070382 0.0127591649070382 0.0151396552100778 0.0151396552100777 0.0163893736898899 0.0165382027626038 0.015407201834023 0.0165458507835865 0.0167971309274435 0.0144642405211926 0.0144642405211926 0.0147575037553906 0.0147575037553906 0.0147575037553906 0.0147575037553906 0.0160810723900795 0.0160810723900795 0.016340097412467 0.0166019219905138 0.0165517721325159 0.0165517721325159 0.0170726217329502 0.0175572670996189 0.0177719164639711 0.0177719164639711 0.0180225502699614 0.0183649864047766 0.0186256896704435 0.0192607827484608 0.0204418059438467 0.0206712484359741
0.00984991621226072 0.00984991621226072 0.00934900436550379 0.00985043961554766 0.00985043961554766 0.00985043961554766 0.00979717820882797 0.00797844026237726 0.00781798921525479 0.00781798921525478 0.00971296522766352 0.00971296522766352 0.0127591649070382 0.0127591649070382 0.0128356469795108 0.0127591649070382 0.0127591649070382 0.0151396552100778 0.0151396552100778 0.0151396552100778 0.0152884842827916 0.015407201834023 0.0162996854633093 0.0162996854633093 0.0142129613086581 0.0144642405211926 0.0144642405211926 0.0144642405211926 0.0147575037553906 0.0147575037553906 0.0147575037553906 0.0158690717071294 0.0167569629848003 0.016637995839119 0.0168998185545206 0.0168998185545206 0.0171588454395533 0.0173657592386007 0.0178422313183546 0.0180326197296381 0.0180326197296381 0.0182832535356283 0.0182832535356283 0.0192607827484608 0.0203184280544519 0.0206712484359741
0.0107549233362079 0.0107549233362079 0.0102540114894509 0.0102540114894509 0.0102540114894509 0.0102540114894509 0.0107021862640977 0.0087229972705245 0.0087229972705245 0.0087229972705245 0.0087229972705245 0.0106179732829332 0.0136641729623079 0.0136641729623079 0.0136641729623079 0.0136641729623079 0.0136641729623079 0.0160446632653475 0.0160446632653475 0.0160446632653475 0.0161934923380613 0.01494334731251 0.0159549750387669 0.0151325073093176 0.0151325073093176 0.0151325073093176 0.0153786735609174 0.0156299527734518 0.0156299527734518 0.0156299527734518 0.0159232150763273 0.0159232150763273 0.0160932913422585 0.0168251860886812 0.016637995839119 0.016637995839119 0.0171588454395533 0.0172969400882721 0.0175115875899792 0.0177734103053808 0.0178422313183546 0.0175894685089588 0.0177798587828875 0.0188718121498823 0.0200656652450562 0.0202951095998287
0.0101865828037262 0.0101865828037262 0.00968567095696926 0.0170445870608091 0.0170445870608091 0.0170445870608091 0.016991326585412 0.0150121366605163 0.0155500434339046 0.0155135719105601 0.0155135719105601 0.0230308379977942 0.028190104290843 0.028190104290843 0.028190104290843 0.028190104290843 0.028190104290843 0.0305705945938826 0.0308312997221947 0.0308312997221947 0.0318086482584476 0.0226513110101223 0.023525333032012 0.0155701516196132 0.0155701516196132 0.0168198700994253 0.0168198700994253 0.0168198700994253 0.0170660372823477 0.0173173155635595 0.0173173155635595 0.0173173155635596 0.0153901521116495 0.0155335534363985 0.0162194352596998 0.0175430029630661 0.0175569169223309 0.0172969400882721 0.0175115875899792 0.0172588266432285 0.0172588266432285 0.0175206493586302 0.0175894685089588 0.0186211783438921 0.0199294574558735 0.0205013379454613
0.017812917008996 0.00979664549231529 0.0116335079073906 0.0116335079073906 0.0116335079073906 0.0116335079073906 0.0120815150439739 0.00832417141646147 0.00859158858656884 0.00832417141646147 0.0087016262114048 0.0163428727537394 0.0201650485396385 0.0201650485396384 0.0222781132906675 0.0225388184189796 0.0225388184189796 0.0244597773998976 0.0244597773998976 0.0244597773998976 0.0282072965055704 0.0225869938731194 0.0217992532998323 0.0138440718874335 0.0138440718874335 0.0138440718874335 0.0150937894359231 0.0164085254073143 0.0164085254073143 0.0164085254073143 0.0170653592795134 0.0169463902711868 0.0169463902711868 0.0172396544367075 0.0152411954477429 0.0141581008210778 0.0154113918542861 0.0174291413277388 0.0164860207587481 0.0167478434741497 0.0167478434741497 0.0167478434741497 0.0172616243362427 0.018171763047576 0.0194197986274958 0.0196492411196232
0.00979664549231529 0.00979664549231529 0.0116335079073906 0.0116335079073906 0.0116335079073906 0.0116335079073906 0.0118476646021008 0.00859158858656883 0.00859158858656883 0.00859158858656883 0.00832417141646147 0.0158414375036955 0.0199243184179068 0.0204257518053055 0.0204257518053055 0.0204257518053055 0.0225388184189796 0.0244597773998976 0.0244597773998976 0.0244597773998976 0.0282072965055704 0.0225869938731194 0.0130155514925718 0.0138440718874335 0.0138440718874335 0.0138440718874335 0.0138440718874335 0.0151588078588247 0.0164085254073143 0.0164085254073143 0.0162895582616329 0.0165357235819101 0.016787001863122 0.016787001863122 0.0149479312822223 0.0146762868389487 0.0149353127926588 0.0139116626232862 0.0164860207587481 0.0164860207587481 0.0167478434741497 0.0167478434741497 0.0169997997581959 0.0178411193192005 0.0192294083535671 0.0196492411196232
0.00979664549231529 0.00979664549231529 0.0116335079073906 0.0116335079073905 0.0129482457414269 0.0132156638428569 0.0131624024361372 0.00990632735192776 0.00990632735192776 0.00990632735192776 0.00946169905364513 0.00946169905364513 0.0212390553206205 0.0212390553206205 0.0212390553206205 0.0217404905706644 0.0217404905706644 0.0236614495515823 0.0257745161652565 0.0257745161652565 0.0286711696535349 0.0239017307758331 0.0143302902579308 0.0143302902579308 0.0143302902579308 0.0151588097214699 0.0151588097214698 0.0164735466241837 0.0151588078588247 0.0151588078588247 0.0162895582616329 0.0162895582616329 0.0162895582616329 0.016787001863122 0.0147885428741574 0.0142236351966858 0.0136174065992236 0.0139116626232862 0.0139116626232862 0.0147625273093581 0.0164860207587481 0.016486020758748 0.0167601890861988 0.0178411193192005 0.0191282089799643 0.0194588527083397
0.00979664549231529 0.00979664549231529 0.0124990735203028 0.0137065378949046 0.0127664916217327 0.0127664916217327 0.0127132311463356 0.00859158858656883 0.00841437932103872 0.00841437932103872 0.0113904578611255 0.01195655670017 0.0207898840308189 0.0207898840308189 0.0207898840308189 0.0207898840308189 0.0207898840308189 0.0232122782617807 0.0232122782617807 0.0232122782617807 0.0282219983637333 0.0233741290867329 0.0127761634066701 0.0127761634066701 0.0127761634066701 0.0127761634066701 0.01277616340667 0.0151588078588247 0.016366271302104 0.0150398397818208 0.0150398397818208 0.0162895582616329 0.0162895582616329 0.0162895582616329 0.0149557068943977 0.0142236351966858 0.0131647549569607 0.0134590109810233 0.0139116626232862 0.0139116626232862 0.0139116626232862 0.016246410086751 0.016498364508152 0.0176015086472034 0.0191282089799643 0.0191282089799643
0.00979664549231529 0.00966574531048536 0.0124990735203028 0.0127664916217327 0.0127664916217327 0.0127132311463356 0.0127132311463356 0.00841437932103872 0.0116578750312328 0.0116578750312328 0.0116578750312328 0.01195655670017 0.0207898840308189 0.0207898840308189 0.0207898840308189 0.0207898840308189 0.0207898840308189 0.0227108430117369 0.0230882987380028 0.0232122782617807 0.0213394928723574 0.0212610643357038 0.0127761634066701 0.0127761634066701 0.0127761634066701 0.0127761634066701 0.0127761634066698 0.0196768660098314 0.0205053854733706 0.0150398397818208 0.0150398397818208 0.0150398397818207 0.0182833354920149 0.0162895582616329 0.0137261906638741 0.0128267258405685 0.0134590109810233 0.0134590109810233 0.0134590109810233 0.0139116626232862 0.0136720510199666 0.0136720510199665 0.016025660559535 0.0173396859318018 0.0188885983079672 0.019336424767971
