data/thuenen/sol.ple.cra.biomasses_new/dis.crangon.min.max.asc
NCOLS 320 
NROWS 120 
XLLCORNER 2 
YLLCORNER 53 
CELLSIZE 0.025 
NODATA_value -9999 
[rows 80 to 99 of 120, columns 230 to 275 of 320]
0.051690947264433 0.0484391786158085 0.049391932785511 0.0489210300147533 0.0499565340578556 0.0567078180611134 0.0555045269429684 0.0557786896824837 0.0446932092308998 0.0399702675640583 0.0258641988039013 0.0304106790572409 0.0362901240587234 0.0338133350014687 0.0324941053986549 0.184021800756456 0.155343264341355 0.157685443758965 0.245471760630608 0.270787745714188 0.560602366924286 0.559499502182012 0.630144834518433 0.650378108024597 0.684182643890381 0.392515867948532 0.390722125768656 0.311743497848511 0.275729715824127 0.285087674856186 0.394677668809883 0.506391704082494 0.578433573246002 0.963592767715454 1.45313775539398 0.407209247350679 0.603365242481232 0.73598301410675 0.787341833114624 0.815965414047241 0.522567927837365 0.612657845020294 0.414842545986176 0.362607628107071 0.393930792808533 -9999
0.0583723038434985 0.0510868579149245 0.0488376878201962 0.0507791638374329 0.0500228032469749 0.0569026544690134 0.052932407706976 0.0545996502041817 0.0500900559127331 0.0389095842838287 0.0340253151953224 0.0282699186354876 0.0282373409718275 0.0328179225325584 0.0394035242497921 0.128227412700652 0.138422146439555 0.174340024590492 0.228902608156204 0.279864400625229 0.476412653923028 0.566455066204074 0.614801526069641 0.638764262199402 0.780309498310089 0.386859804391863 0.351410150527951 0.31133234500885 0.261412888765335 0.256206482648849 0.165122911334017 0.459093898534767 0.3494031727314 0.448670089244843 1.27199578285217 0.428670823574054 0.59554249048233 0.67345267534256 0.808399379253387 0.825924277305603 0.652903020381841 1.87260115146637 0.445048689842224 0.415024816989899 0.492608904838562 -9999
0.0625391080975534 0.0569408647716044 0.0523079559206963 0.0532878339290619 0.0534464828670025 0.0499070137739182 0.0490544624626639 0.0558255799114704 0.0545948445796966 0.0505268126726151 0.0453482307493697 0.0314633026719114 0.0612222366034985 0.0748218074440956 0.0962369665503502 0.273208111524593 0.116019487380982 0.129229739308357 0.213908314704895 0.373236864805222 0.428993016481382 0.66780245304107 0.573098301887512 0.820972979068756 0.853196144104004 0.38396152853966 0.355904072523114 0.31133234500885 0.324372351169586 0.321163386106491 0.264224946498865 0.348133206367487 0.267309039831161 0.504626929759979 1.64901280403137 0.406623631715787 0.226691573858261 0.550008118152618 0.773112416267395 0.83618700504303 0.52691835165024 0.492255032062531 0.43319445848465 0.369737297296524 0.463228493928909 -9999
0.0639958083629607 0.0660500749945639 0.0612266920506954 0.0533901043236256 0.0515775866806507 0.049372784793377 0.048285488039256 0.0727058202028275 0.0814344882965088 0.161304265260696 0.0928945764899244 0.106708385050303 0.197728961706161 0.236711844801903 0.251814663410187 0.369027227163319 0.310941040515894 0.230706483125687 0.3697749376297 0.391151070594788 0.586014628410354 0.384787172079121 0.869174003601074 0.994206368923187 0.849489986896515 0.392186194658282 0.350251197814941 0.341707319021225 0.324618428945541 0.321163386106491 0.264224946498863 0.378088682889941 0.417358130216599 0.483509689569473 1.03498077392578 0.429505586624151 0.357664227485657 0.363673388957977 0.77489572763443 0.886990368366241 0.431947648525238 0.436140745878219 0.39669531583786 0.312374264001846 0.385874330997467 -9999
0.0832884162664419 0.0676116719841957 0.0669936835765839 0.0705649852752686 0.057789970189333 0.122027851641178 0.129534572362901 0.152634367346764 0.178284496068954 0.185806900262833 0.236154973506928 0.232729315757754 0.270311802625656 0.266712486743927 0.281181275844574 0.491815149784069 0.756155669689164 0.553974092006683 0.531213998794556 0.567468583583832 0.647536396980251 1.13362550735479 1.83542776107788 0.670460343360901 1.15266180038452 0.409455806016926 0.358384549617767 0.349266469478607 0.352537244558334 0.363481670618057 0.442854136228561 0.442365497350695 0.470589429140091 0.56949508190155 0.960511863231659 0.452282935380942 0.357664227485657 0.396444231271744 0.372832328081131 1.0719530582428 0.469805032014854 0.371798068284988 0.360142856836319 0.273543983697891 0.188347592949867 -9999
0.259616613388062 0.247295156121257 0.323460847139359 0.331826210021973 0.315544992685318 0.335657656192782 0.27821636199951 0.229129105806351 0.223123833537102 0.210699900984764 0.148254498839379 0.137304365634917 0.11444079875946 0.161193162202835 0.176071673631668 0.262511312961575 0.308223992586135 0.303004801273346 0.600480020046234 0.612518012523651 0.804789543151848 0.913851499557485 0.769555568695068 0.715569257736206 0.960530936717987 0.907148540019993 0.850079476833343 0.845793306827545 0.783193707466125 0.744367182254791 0.670542061328794 1.99215209484091 0.731730222702026 0.593222081661224 -9999 -9999 -9999 -9999 -9999 -9999 0.953126847744004 0.726826429367065 0.70584499835968 0.707233071327209 0.658713161945343 -9999
0.95632135868073 0.804208159446703 0.422528475522995 0.335724174976349 0.291171878576279 0.202462717890739 0.205322489142418 0.211928069591522 0.19717538356781 0.191103264689445 0.128403395414353 0.122019469738005 0.0994689464569092 0.165401741862297 0.180135414004326 0.227525353431703 0.204116910696035 0.282213419675827 0.333526164293289 0.64735472202301 0.896649301052109 0.674938321113579 0.570539236068726 0.982231259346008 0.86421012878418 0.847491502761841 0.838448941707608 0.792405962944031 0.732809484004974 0.737303495407104 0.626542389392854 0.610244750976561 -9999 -9999 -9999 -9999 -9999 -9999 -9999 -9999 -9999 0.95357346534729 0.722430765628815 0.760059475898743 0.668154656887054 -9999
0.508012831211092 0.439988493919365 0.232203274965286 0.189072519540787 0.345830678939819 0.229044809937477 0.222859770059586 0.224422931671143 0.212297841906548 0.202757328748703 0.128768950700761 0.117245428264141 0.110705964267254 0.0860000997781754 0.164775013923645 0.445410847663892 0.262358278036116 0.242908924818039 0.290106356143951 0.953634083271027 1.66882085800175 1.14790594577794 1.76018106937408 0.938600242137909 0.86421012878418 0.827660381793979 0.778795182704924 0.755675673484802 0.739176511764526 0.732549548149109 0.592237949371339 0.580922424793244 -9999 -9999 -9999 -9999 -9999 -9999 -9999 -9999 -9999 -9999 -9999 -9999 -9999 -9999
0.423810124397276 0.467258781194687 0.474126994609833 0.322020143270493 0.345830678939819 0.229044809937477 0.222859770059586 0.245510444045067 0.231986194849014 0.209742292761803 0.128050357103348 0.125629648566246 0.121037393808365 0.112316742539406 0.192582070827484 0.697807431221041 0.235960572958 0.335642367601395 0.524591863155365 0.82044106721878 1.39473354816441 0.851022183895116 0.919079184532166 0.83834719657898 0.873485743999481 0.782020926475525 0.773573517799378 0.785831093788147 0.772828996181488 0.757878303527832 0.578578174114226 0.592325389385223 -9999 -9999 -9999 -9999 -9999 -9999 -9999 -9999 -9999 -9999 -9999 -9999 -9999 -9999
0.423810124397276 0.485999614000321 0.494585335254669 0.426157712936401 0.351808220148087 0.257418036460877 0.239760264754295 0.239445775747299 0.233339220285416 0.219771802425385 0.12486719340086 0.124808952212333 0.117374092340469 0.102625712752342 0.111786477267742 0.507207155227662 0.493462115526199 0.491779416799545 0.207976043224335 0.18160392343998 0.584682643413541 0.621296942234049 0.759073555469513 0.809108078479767 0.818057775497437 0.744319260120392 0.737564921379091 0.754508137702942 0.745406270027161 0.750106036663055 0.541451871395107 -9999 -9999 -9999 -9999 -9999 -9999 -9999 -9999 -9999 -9999 -9999 -9999 -9999 -9999 -9999
0.651057183742523 0.647420644760132 0.640855312347412 0.640913486480713 0.686681389808655 0.667096495628357 0.67195177078247 0.662051856517792 0.633416056632996 0.623139381408691 0.386995047330858 0.366444587707518 0.351935118436813 0.298535913228989 0.586544334888458 0.337522417306899 0.356633514165875 0.312128812074661 0.29189470410347 0.307882517576218 0.263159871101377 0.30249243974686 0.3430095911026 0.499005824327469 0.786369621753693 0.31405746936797 0.461369633674624 0.494782537221909 0.533928096294403 0.533415675163269 0.46440851688385 -9999 -9999 -9999 -9999 -9999 -9999 -9999 -9999 -9999 -9999 -9999 -9999 -9999 -9999 -9999
0.674679815769195 0.68139773607254 0.669753789901733 0.727524280548096 -9999 -9999 -9999 -9999 -9999 0.646594941616058 0.425736606121063 0.42595362663269 0.413573116064072 0.371331751346588 0.790143430233002 0.367359548807141 0.415771842002867 0.387878805398941 0.353292107582092 0.357553780078888 0.385704815387723 0.421353816986084 0.418663084506989 0.423943489789963 0.436815798282623 0.19482745230196 0.461626529693608 0.529327094554901 1.99174654483795 0.558965504169464 -9999 -9999 -9999 -9999 -9999 -9999 -9999 -9999 -9999 -9999 -9999 -9999 -9999 -9999 -9999 -9999
-9999 -9999 -9999 -9999 -9999 -9999 -9999 -9999 -9999 -9999 0.47616969048977 0.46470320224762 0.465865045785904 0.443762063980103 0.811670482158661 0.367359548807139 0.432525128126142 0.397163212299347 0.389231592416763 0.402124971151352 0.39434683322906 0.468740463256835 0.44927641749382 0.462962418794632 0.498705506324768 0.330359101295452 0.594296574592591 0.605830729007721 0.616261065006256 -9999 -9999 -9999 -9999 -9999 -9999 -9999 -9999 -9999 -9999 -9999 -9999 -9999 -9999 -9999 -9999 -9999
-9999 -9999 -9999 -9999 -9999 -9999 -9999 -9999 -9999 -9999 0.476169690489768 0.487636178731918 0.480969548225403 0.45768067240715 0.576195955276489 0.430836796760561 0.409933477640153 0.427225798368454 0.460282325744629 0.457191735506058 0.424857676029203 0.45839861035347 0.465375453233719 0.475043922662735 0.464394807815552 0.403995603322974 0.532132923603064 0.619025111198425 0.641574203968048 -9999 -9999 -9999 -9999 -9999 -9999 -9999 -9999 -9999 -9999 -9999 -9999 -9999 -9999 -9999 -9999 -9999
-9999 -9999 -9999 -9999 -9999 -9999 -9999 -9999 -9999 -9999 -9999 0.487636178731918 0.480969548225403 0.45768067240715 0.569508492946625 0.419737517833709 0.426852554082871 0.42794543504715 0.473063886165619 0.46878319978714 0.428351759910583 0.439621269702913 0.459959536790848 0.482093423604965 0.472226917743683 0.453421056270598 0.477554172277459 0.59433650970459 0.53517884016037 0.548937797546387 -9999 -9999 -9999 -9999 -9999 -9999 -9999 -9999 -9999 -9999 -9999 -9999 -9999 -9999 -9999 -9999
-9999 -9999 -9999 -9999 -9999 -9999 -9999 -9999 -9999 -9999 -9999 -9999 -9999 -9999 0.513422846794128 0.510858356952665 0.540363013744354 0.534843683242798 0.56250137090683 0.573920607566834 0.668913066387177 0.656121611595154 -9999 0.668204128742218 0.644839882850647 0.686739206314086 0.698224723339083 0.733650326728821 0.727737247943878 0.721514463424683 0.764221072196961 -9999 -9999 -9999 -9999 -9999 -9999 -9999 -9999 -9999 -9999 -9999 -9999 -9999 -9999 -9999
-9999 -9999 -9999 -9999 -9999 -9999 -9999 -9999 -9999 -9999 -9999 -9999 -9999 -9999 -9999 0.515987336635587 0.544941067695616 0.520960569381714 0.528052806854248 0.533542633056641 -9999 -9999 -9999 -9999 -9999 0.679728806018828 0.692413210868837 0.717855095863342 0.719269096851349 0.718661904335022 0.758173882961275 -9999 -9999 -9999 -9999 -9999 -9999 -9999 -9999 -9999 -9999 -9999 -9999 -9999 -9999 -9999
-9999 -9999 -9999 -9999 -9999 -9999 -9999 -9999 -9999 -9999 -9999 -9999 -9999 -9999 -9999 0.530253499746322 0.536572515964507 0.526296138763428 0.515778839588165 -9999 -9999 -9999 -9999 -9999 -9999 -9999 -9999 0.716771245002747 0.712455213069916 0.740738689899445 0.737961649894715 0.729749619960785 -9999 -9999 -9999 -9999 -9999 -9999 -9999 -9999 -9999 -9999 -9999 -9999 -9999 -9999
-9999 -9999 -9999 -9999 -9999 -9999 -9999 -9999 -9999 -9999 -9999 -9999 -9999 -9999 -9999 0.530253499746323 0.523934483528137 0.524312436580658 0.514378130435944 -9999 -9999 -9999 -9999 -9999 -9999 -9999 -9999 0.716771245002747 0.712455213069916 0.740738689899445 0.737961649894715 -9999 -9999 -9999 -9999 -9999 -9999 -9999 -9999 -9999 -9999 -9999 -9999 -9999 -9999 -9999
-9999 -9999 -9999 -9999 -9999 -9999 -9999 -9999 -9999 -9999 -9999 -9999 -9999 -9999 -9999 0.522628545761108 0.521322607994079 0.517332494258881 0.504149734973907 0.529693782329559 0.644664466381073 0.638202130794526 0.644924163818359 -9999 -9999 -9999 -9999 -9999 -9999 -9999 -9999 -9999 -9999 -9999 -9999 -9999 -9999 -9999 -9999 -9999 -9999 -9999 -9999 -9999 -9999 -9999
