data/thuenen/sol.ple.cra.biomasses_new/dis.crangon.min.max.asc
NCOLS 320 
NROWS 120 
XLLCORNER 2 
YLLCORNER 53 
CELLSIZE 0.025 
NODATA_value -9999 
[rows 60 to 79 of 120, columns 230 to 275 of 320]
0.0330732055008411 0.0333651453256607 0.0342397913336754 0.0479751601815224 0.0468340627849102 0.0505082383751869 0.051244206726551 0.0503135249018669 0.0564861707389355 0.0681827217340469 0.0670688673853868 0.0761761814355849 0.0747248232364655 0.0744602382183075 0.0763468071818352 0.243862509727476 0.270453244447708 0.262871116399765 0.265620499849319 0.231346637010574 0.153074935078619 0.177424162626267 0.189588904380798 0.231198251247406 0.31051230430603 0.455165654420851 0.472941577434553 0.659300684928894 0.799758970737457 0.811557829380035 1.58737230300903 1.64682555198668 1.47282779216766 1.201819896698 0.654457986354828 1.99948048591618 1.36027491092682 0.783581018447876 0.727535843849182 0.489705562591553 -9999 -9999 -9999 -9999 -9999 -9999
0.0333651453256607 0.0334841124713421 0.0337306447327137 0.0506105832755566 0.0484429486095905 0.0527240894734858 0.0555979311466217 0.0541940741240978 0.0594059117138386 0.0633388459682465 0.0664024800062172 0.0774196535348891 0.0754720941185951 0.0759127214550972 0.0747493728995323 0.21895921230316 0.238299533724786 0.253302037715912 0.256692260503769 0.240105286240578 0.144040092825887 0.179558709263802 0.183283045887947 0.189836829900742 0.273514628410339 0.553597986698158 0.455087900161755 0.625140309333801 -9999 0.763871192932129 1.97483360767366 1.75567746162414 1.66973376274109 0.95443469285965 0.654457986354828 1.99948048591619 1.28883504867554 0.592308580875397 0.586900532245636 0.542490661144257 -9999 -9999 -9999 -9999 -9999 -9999
0.0336582697927952 0.0337306447327137 0.0347579121589661 0.0480966046452522 0.0510360151529312 0.0528700798749924 0.050526160746813 0.0565572008490563 0.0603073015809059 0.0597675032913685 0.0673971772193908 0.068567357957363 0.0666842684149742 0.0684849321842194 0.0677949339151383 0.210196346044543 0.169877529144291 0.226056188344955 0.266233742237091 0.275477796792984 0.0990219116210919 0.125237867236139 0.141486659646034 0.189706966280937 0.331726104021072 0.48670580983162 0.471982985734958 0.726617217063904 1.19915878772736 0.566267192363739 2.00369310379027 2.13793540000909 1.21379125118256 0.722734808921814 0.386600285768509 0.828652918338799 0.501156687736511 0.5390864610672 0.722476303577423 0.413313508033752 -9999 -9999 -9999 -9999 -9999 -9999
0.0338945165276527 0.0338239930570131 0.047942616045475 0.0490909740328789 0.0512209311127663 0.0521563589572905 0.0557844229042531 0.0596477910876274 0.0622208975255489 0.0606225617229938 0.0644808188080786 0.0667335316538811 0.06727384775877 0.0675237700343132 0.0724656581878662 0.218370527029039 0.191116303205489 0.180780455470085 0.247410818934441 0.267937004566193 0.168908730149273 0.110728330910206 0.106549009680748 0.15653158724308 0.457667052745819 0.506493151187899 0.474121302366273 0.706655263900757 1.19915878772736 0.566267192363739 2.30560255050665 1.48892724514004 0.959372341632843 0.575880706310272 0.519688665866852 0.46564239263534 0.549700856208801 0.468774020671844 0.621240079402924 0.543721735477448 -9999 -9999 -9999 -9999 -9999 -9999
0.0338945165276528 0.0334681980311876 0.0490285344421864 0.0521773770451546 0.0551301315426827 0.0486666150391101 0.0516015999019149 0.0587522014975548 0.0612289682030678 0.0623474381864071 0.0634077042341232 0.0638838410377505 0.0668618008494377 0.0693849548697472 0.0688786581158638 0.227838873863223 0.190407484769817 0.134963035583496 0.207501590251923 0.262166887521744 0.202405571937562 0.182208076119423 0.182975217700005 0.249568805098534 0.449253857135773 1.0998677015305 0.496277779340757 0.676747560501099 1.07752215862274 0.7739217877388 1.86366248130804 1.00364077091215 0.676782310009003 1.29710781574249 0.491669416427612 0.46564239263534 0.549700856208801 0.468774020671844 0.621240079402924 -9999 -9999 -9999 -9999 -9999 -9999 -9999
0.0362194590270519 0.0377216562628751 0.0516363568603992 0.0552218928933144 0.0514418520033359 0.0493722297251224 0.0520151853561404 0.0606009960174561 0.0581323020160198 0.0623767636716366 0.0647660717368119 0.0740321502089503 0.0767447799444199 0.0754926055669785 0.0736378654837608 0.519287288188934 0.521087467670447 0.612176060676575 0.522715091705322 0.492524147033691 0.464921087026599 0.420980811119078 0.400397390127182 0.365647524595261 0.221771016716957 0.43385845422745 0.398690521717071 0.390889883041382 0.532336294651031 0.499221593141556 0.276052236557022 0.0643396750092578 0.165018633008003 0.386144518852234 0.420752108097076 0.818317413330077 0.842471897602081 -9999 -9999 -9999 -9999 -9999 -9999 -9999 -9999 -9999
0.0362194590270515 0.046996232122183 0.051644217222929 0.0552698634564877 0.0528722330927849 0.0511837862432004 0.0495445020496847 0.0549775771796703 0.0550620071589947 0.0528662651777268 0.0639290139079087 0.0739684775471704 0.0968336537480354 0.0773230642080307 0.0760985016822815 0.517693459987639 0.533254742622375 0.522747159004211 0.482813358306885 0.473249495029449 0.470143347978594 0.434333145618437 0.406028032302856 0.283881813287735 0.21314537525177 0.301454663276669 0.347198247909551 0.413827657699585 0.457914173603058 0.494740068912506 0.272500604391108 0.126501575112343 0.12878505885601 0.322796225547791 -9999 -9999 -9999 -9999 -9999 -9999 -9999 -9999 -9999 -9999 -9999 -9999
0.0357208587229248 0.0468358770012857 0.0517589300870895 0.0485977046191692 0.0481617525219917 0.0505927354097366 0.0524778850376607 0.0546226687729359 0.0577630400657654 0.053435530513525 0.062383562326431 0.0665566846728329 0.0724952518939972 0.0674698650836945 0.0661135986447334 0.507039487361909 0.489894598722458 0.488116770982742 0.461640864610672 0.465634375810623 0.465796589851382 0.432228803634641 0.399227887392044 0.286249041557312 0.237436324357986 0.26433557271957 0.321518450975419 0.339764326810837 0.422989636659622 0.440210074186325 0.418206840753564 0.301445007324214 0.230299487709999 0.222491845488548 -9999 -9999 -9999 -9999 0.977946698665619 -9999 -9999 -9999 -9999 -9999 -9999 -9999
0.0366452410817142 0.049311887472868 0.0488321781158447 0.0481918975710869 0.0474915653467178 0.0482757166028021 0.0517669580876828 0.0546378158032894 0.0503976084291935 0.0565930753946304 0.0590761415660373 0.0710804462432858 0.0660195648670197 0.064420223236084 0.0648027285933495 0.482119441032411 0.46412605047226 0.476321816444397 0.443562209606171 0.454895824193954 0.462215363979338 0.485557287931436 0.399639427661896 0.278016805648804 0.255363970994949 0.309335023164748 0.32538789510727 0.335168570280075 0.381910562515259 0.436793178319931 0.428693473339085 0.362426042556757 0.277730584144592 0.401883035898209 0.564973950386047 -9999 -9999 -9999 0.977946698665619 0.815117418766022 -9999 -9999 -9999 -9999 -9999 -9999
0.0376644767820831 0.0506423525512218 0.0486819744110107 0.0498622581362724 0.0560717917978764 0.0535493753850461 0.0520219169557095 0.0527831763029099 0.0489822961390018 0.061403039842844 0.0582977980375284 0.0662015080451963 0.0626863315701485 0.0618457272648811 0.0635633245110512 0.472088336944581 0.464097559452056 0.457434058189392 0.453599691390991 0.441212922334671 0.477229595184322 0.531903266906728 0.390474498271942 0.269634157419205 0.269371002912521 0.323487997055054 0.321499615907672 0.369780719280243 0.424462020397186 0.362303107976913 0.386927485465998 0.456856250762956 0.695817589759827 0.650306522846222 0.580840229988098 1.0506455898285 0.979828417301178 0.985340893268585 0.932559430599213 0.932177305221558 -9999 -9999 -9999 -9999 -9999 -9999
0.0551529489457608 0.0536452569067478 0.0525979697704315 0.05083829164505 0.0594793744385243 0.0887423455715186 0.0700007677078247 0.0688337981700897 0.0643114671111107 0.0670796558260918 0.0529449470341203 0.05650344863534 0.0600017122924328 0.0560757294297218 0.0619417428970337 0.0826281681656847 0.0688228830695153 0.0691573545336723 0.102825932204723 0.111722335219383 0.398023217916477 0.566406905651079 0.372703671455383 0.238427504897118 0.265850394964218 0.424598187208177 0.404058635234834 0.424246490001679 1.20489823818207 0.710452437400818 0.374347954988472 0.483195215463638 0.482657104730606 1.90513896942139 1.17409062385559 1.22150492668153 1.02723097801208 0.987971723079682 0.993542551994324 0.918652296066284 0.832508683204652 0.824088215827942 0.764459908008575 -9999 -9999 -9999
0.0515163727104663 0.053588643670082 0.0507343523204327 0.0486597381532192 0.166757375001907 0.225310936570167 0.227882057428359 0.210052624344826 0.0681630223989487 0.0676206797361374 0.0534097664058208 0.0541418120265007 0.0536945424973965 0.070833720266819 0.0667090639472008 0.0915846005082149 0.0648156553506842 0.0521364323794842 0.0828724130988121 0.141077786684036 0.31361591815948 0.383958220481867 0.312725841999054 0.194848284125328 0.117525361478329 0.444994568824769 0.432751327753065 0.404015153646469 0.307674795389175 0.864096462726593 0.295425236225128 0.293654263019571 0.419830232858658 0.867439150810242 1.16127681732178 1.54421317577365 1.18714034557343 0.968740224838257 0.917346358299255 0.971904635429382 0.934022784233101 0.822407901287079 0.783120095729828 -9999 -9999 -9999
0.0533522851765155 0.0542241223156451 0.0516809672117233 0.0506187453866005 0.0488363765180111 0.0544766075909136 0.0583584159612654 0.0527284741401672 0.0468485280871391 0.0462944768369198 0.0244107097387297 0.0476788133382803 0.0552157685160637 0.0659854412078857 0.0655842870473862 0.116106897592548 0.0672265291213991 0.068878285586834 0.0679705366492271 0.17976525425911 0.289041548967362 0.277469515800476 0.273015052080154 0.233895525336266 0.160746544599533 0.438907265663147 0.432446926832202 0.471170455217362 0.398325949907303 0.357071787118912 0.293487697839737 0.295590192079544 0.298308074474335 1.11288583278656 0.800300419330597 2.36665892601019 1.49038875102997 1.10241317749023 0.966641187667847 0.936756670475006 0.936918914318081 0.993617594242096 -9999 -9999 -9999 -9999
0.0547668747603893 0.0559176616370676 0.049924299120903 0.0488378740847111 0.0488539263606072 0.0531714744865893 0.0558013767004011 0.0500826351344585 0.0455809198319912 0.0424301065504551 0.0217362195253368 0.0279485080391178 0.0417652353644371 0.0446359887719154 0.0598551109433174 0.0895726755261409 0.106486879289148 0.0780933946371078 0.144606173038483 0.162268742918968 0.216003105044369 0.15423342585564 0.199536770582199 0.235067486763 0.242343574762344 0.417425513267518 0.407521724700932 0.469345390796661 0.482903003692627 0.412258863449097 0.486842840909968 0.341877907514572 0.333928912878036 0.615313172340393 0.789334774017334 0.622963607311164 1.82014429569244 1.39895153045654 0.88962733745575 1.0287024974823 0.897184967994686 0.95942234992981 0.921005010604858 -9999 -9999 -9999
0.0543430075049401 0.0531344972550868 0.0507754907011986 0.052371222525835 0.0494071617722511 0.0550491437315941 0.0556918904185292 0.0457490831613541 0.0421882346272469 0.0424191616475582 0.0258604418486353 0.031313978135586 0.0345751531422138 0.0433629751205444 0.0455593466758728 0.0989887043833725 0.110069856047633 0.144180238246918 0.173323079943657 0.168545350432396 0.186501771211625 0.166995882987978 0.199012339115143 0.194198310375214 0.267752140760422 0.42114907503128 0.421574294567112 0.469937741756439 0.431770801544189 0.426955878734589 0.489884138107299 0.501172184944149 0.452264994382858 0.54741108417511 0.61730819940567 0.757818222045887 0.925308585166931 1.04489541053772 1.12422096729279 0.772059738636017 0.717238128185259 0.904894709587097 1.0596616268158 -9999 -9999 -9999
0.0512454397976399 0.0499283708631993 0.0508446395397186 0.0510067492723465 0.0462844744324684 0.0479865074157716 0.0446605086326598 0.0429932437837124 0.0425027683377266 0.0418697446584702 0.0246683806180953 0.026532366871834 0.0287899747490883 0.0311616044491529 0.0359672643244267 0.167952999472614 0.230687588453302 0.36372646689415 0.308448910713196 0.261307775974274 0.232359617948533 0.216767475008965 0.217866733670235 0.253061205148697 0.331784963607788 0.336130946874626 0.230998307466519 0.400300770998001 0.468645542860031 0.295348107814789 0.412747204303737 0.47300788760186 0.575061917304993 0.381356626749039 0.605729758739471 0.593303859233848 0.708929896354675 0.589737415313721 0.608247041702271 0.785078287124634 0.711398303508756 0.745202243328094 0.33370503783226 1.7748327255249 0.489594429731369 -9999
0.0532533153891565 0.0487077124416828 0.0494823604822159 0.0482888109982014 0.0488426722586155 0.0460664369165898 0.0450396724045275 0.041890162974596 0.0416830852627754 0.0398181974887848 0.0245061200112102 0.0283058770000935 0.0290028490126133 0.0271238833665848 0.0348182432353497 0.310314685106276 0.33208075165749 0.385518312454224 0.303388088941574 0.216675758361816 0.23220154643059 0.205433115363119 0.170087471604347 0.24443855881691 0.280434608459473 0.670512378215817 0.28205388784409 0.33747261762619 0.523876070976257 0.670230448246002 0.305438429117198 0.365814507007663 1.27156496047974 0.679962635040283 0.685208976268768 0.564926505088798 0.679382383823395 0.677834451198578 0.652955174446106 0.641058743000031 0.728781580924987 0.73804634809494 0.708921074867249 0.712402641773224 0.430488169193268 -9999
0.0510542988777161 0.0486761443316936 0.0461553670465946 0.0462588593363762 0.0473560243844986 0.0494639314711095 0.0450106002390383 0.0411893874406815 0.0386747717857361 0.0392713323235512 0.0273344069719315 0.0270995534956455 0.0272478051483631 0.0264977961778641 0.0315878950059414 0.398305058479305 0.462082743644708 0.370565891265869 0.286114454269409 0.329527497291565 0.275977909564977 0.20305943489075 0.251178383827209 0.213703438639641 0.219308882951736 0.831927239894864 0.877133905887575 0.47185605764389 0.417514562606812 0.580100297927856 0.53393018245697 0.543963849544542 0.775828540325165 0.512040376663208 0.683387160301208 0.604926049709315 0.675167441368103 0.651083767414093 0.669637024402618 0.626861870288849 0.773721098899842 0.760003924369812 0.803325176239014 0.727451920509338 1.0181792974472 -9999
0.0490147583186628 0.0457356981933116 0.0438780337572098 0.0455047562718391 0.0485849566757679 0.0505431406199935 0.042002111673355 0.0396042205393314 0.0382248722016811 0.041275579482317 0.0278501920402053 0.0240701772272587 0.0248113125562668 0.0257410742342472 0.0431292429566383 0.452397942543013 0.692379415035218 0.276009052991867 0.271874964237213 0.346327751874924 0.302987009286877 0.354534089565269 0.235269591212273 0.22151754796505 0.249854236841202 0.810596168041219 0.950036525726331 1.12284052371979 0.452737122774124 0.537745296955109 0.524346470832826 0.499511271715182 0.743221342563629 0.795187115669251 0.655426204204559 0.642590820789335 0.675167441368103 0.685605525970459 0.702518045902252 0.65505850315094 0.775061130523684 0.740779221057892 0.740541100502014 0.752230763435364 -9999 -9999
0.0456476993858815 0.0441989228129387 0.0449326746165752 0.0447427332401276 0.0498306453227997 0.0488687977194787 0.0458693429827688 0.0404634885489941 0.0417750403285027 0.0393971614539623 0.0270863417536023 0.0238931365311155 0.0362107455730438 0.0390851907432079 0.0576665922999382 0.44483307003975 0.431851565837859 0.414817303419113 0.336390882730484 0.39790803194046 0.332178860902786 0.342321902513504 0.336993664503098 0.234462350606918 0.251232326030731 0.813697636127465 0.901390790939337 0.988780677318573 0.678645789623261 0.574669659137726 0.518688976764677 0.541132569313059 0.674537241458893 0.697451412677765 0.862450122833252 0.605321645736692 0.644652724266052 0.662661850452423 0.709057450294495 0.689852774143219 0.774966597557068 0.768517196178436 0.753134846687317 0.748053729534149 -9999 -9999
