data/dis.20102014.winter.crangon_all.asc
NCOLS 320 
NROWS 120 
XLLCORNER 2 
YLLCORNER 53 
CELLSIZE 0.025 
NODATA_value -9999 
[rows 50 to 74 of 120, columns 112 to 167 of 320]
-9999 -9999 -9999 -9999 -9999 -9999 -9999 -9999 0.00165861823188606 0.00148698226257693 0.00140198215376586 0.00135030352976173 0.00144083833583864 0.00151747426207294 0.00148278830965865 0.00145789446105482 0.00144838820415316 0.00138257730941404 0.00128093619059655 0.0012226566868776 0.00117534497258021 0.00116705618711421 0.00116106984205544 0.00116106984205544 0.00116341242028284 0.00116809757673764 0.00120839741430245 0.00126239520614036 0.00123394855472725 0.00120730142589309 0.00121390027561574 0.0012421838582668 0.00130454344980535 0.00136438508343417 0.00142262438021134 0.00145206785600749 0.00147714675040334 0.00152593355232966 0.00156768459419254 0.00159114265989046 0.00166951875871746 0.00180281289067352 0.00185528592555784 0.00187667392310686 0.00188543427793775 0.0019029120412597 0.00196769085960113 0.00199968455854105 0.00198015878413571 0.00202102630282752 0.00210032591712661 0.00207613904058235 0.00203760113072349 0.00210694972338388 0.00218215204222361 0.00227257404912962
-9999 -9999 -9999 -9999 -9999 -9999 0.0019617893940449 0.00181688727570872 0.00172100185591262 0.00167413313465659 0.00171624608992715 0.00179258276693872 0.00189457357191714 0.00196814089213149 0.00189204545677058 0.00178414470065036 0.00162626415476552 0.00144825887400656 0.00125744694378227 0.00117779361971771 0.00112404059473192 0.00113265339314239 0.00114377232239349 0.00116140719183022 0.0011585799693421 0.00113529065492912 0.00115911303146277 0.00120105528912973 0.00122829281826853 0.00125001703054295 0.00124849957865081 0.00131397351287888 0.00148471962529585 0.00154113885946572 0.00152480462566018 0.00153462203888921 0.00154813283370458 0.0015355155155703 0.00154708835543715 0.00162155560610699 0.00169914135040017 0.00177984558831667 0.00183555078911013 0.00188164097562549 0.00189782353845658 0.0019123505880998 0.0019273964317108 0.00197448982726201 0.00207194366157637 0.0021111142996233 0.00211319563095458 0.00208932394889416 0.00206186294235522 0.00206162366521312 0.00207472652982688 0.00212251896300586
-9999 -9999 -9999 -9999 -9999 -9999 0.00230366445612162 0.00227431731764227 0.00224680254177656 0.00222112012852449 0.00206230408366537 0.00185228279588045 0.00179942568865954 0.00175742489955155 0.0017234809420188 0.00169097061007051 0.00166071311832638 0.00153139488611486 0.00133903800087864 0.00128176759972121 0.00125035622477299 0.00119925424951362 0.00116237335168989 0.00116246725519886 0.00117695134758833 0.00120582562885829 0.00123829825315624 0.00127215485554189 0.00131243004580028 0.00135281009352184 0.0013918266085966 0.0014341997266456 0.00148184750651126 0.0015508762189711 0.00163351097944542 0.00168800677420222 0.0017307737871306 0.00166982399241533 0.00165286249102792 0.00175027055229293 0.00184900210297201 0.00194905714306515 0.00204571668291465 0.00214107026113197 0.00224876204447355 0.00231359056488145 0.00216047388676088 0.0020902655160171 0.00215034162829397 0.00216792167339008 0.00215845876664389 0.00205599176842952 0.00194619991088984 0.00202809935581172 0.00209145762346452 0.00210660883021774
-9999 -9999 -9999 -9999 -9999 -9999 0.00231996842194349 0.00234931556042284 0.00233282874978613 0.00227050799003337 0.00205148576424108 0.0017721937438182 0.00169393159376341 0.00163856754079461 0.00163856754079461 0.00159376024748781 0.00147854149327031 0.00136000250495271 0.0012393506403896 0.00123988854466006 0.00126257649753825 0.00124977006271365 0.00123535163947963 0.00121674204638111 0.00126044047647156 0.00136644692975096 0.00139975985439378 0.00140511372956098 0.00140465126969502 0.00141522123158211 0.00148266398900887 0.00153639781638049 0.00156858903937973 0.00165319693405763 0.00177116089253104 0.00179082155227661 0.00179112427213113 0.00179657322951243 0.00182257569395006 0.00190201727673411 0.00198160904619726 0.00206135100233951 0.00210798512853216 0.00214188547397498 0.00231554657511878 0.00243737415439682 0.00225892801972804 0.00216357986209914 0.0021988142398186 0.00221139471977949 0.00220955908298492 0.00211762344406452 0.00201528674369911 0.00204247200599639 0.0020730502292281 0.00211245015088934
-9999 -9999 -9999 -9999 -9999 -9999 0.00280418304828345 0.00301833144112607 0.00300752202747389 0.00277175480732694 0.00268658225104446 0.00265933071932522 0.00236255725030786 0.00209987368725706 0.0020869108120678 0.00195198593792157 0.00162540649398579 0.00145600091127562 0.00138661505843629 0.00136178071261384 0.00134613240516046 0.00133517162612407 0.00133684803950018 0.00137138115314883 0.00143709530675551 0.00153399050032021 0.001485147717176 0.00138025186606683 0.00142397244781023 0.00147785220542573 0.00153881712685688 0.00157607346773148 0.00157607346773148 0.0016636014879623 0.00180682915743091 0.00181542960126535 0.00181477725709556 0.00211456008401002 0.00227627739513991 0.00207902436523 0.00197237839893205 0.00195633949624607 0.00211951183882775 0.00235161158343544 0.00225556009536376 0.00216826390533242 0.0022212592739379 0.00225463962124195 0.00225719636364374 0.00220625263318652 0.00212126314727357 0.00199471715677646 0.00186842738185078 0.00188778538722545 0.00192729679474724 0.00201920704785152
-9999 -9999 -9999 -9999 -9999 -9999 -9999 -9999 -9999 0.00255972309969366 0.00254690413567005 0.00252915480086813 0.00236089210375211 0.00220869684562785 0.00218110741843702 0.00203947696718388 0.00171863919240422 0.00153541859617689 0.00143977256811922 0.00135052227051347 0.00126718241153867 0.00126257452575373 0.0012699207472906 0.00130834764786414 0.00137762224403559 0.00147774453580496 0.00149272582712001 0.00147496057979879 0.00148842768976465 0.00152030129538616 0.00163502139184857 0.00172926567029208 0.00179133366327733 0.00186525127719506 0.00194670955897891 0.0019966530308011 0.00204871918685967 0.00224402132880642 0.00234108130825916 0.00218271166522755 0.00210680266172858 0.00211335429776227 0.00232336306362413 0.00261162457172759 0.00251260559161892 0.00240145570569439 0.00234355731663527 0.00231021676881937 0.00231546711438568 0.00227007729699835 0.00219246192136779 0.00206005001746234 0.00193247379866079 0.00207341242276016 0.00219907635619165 0.0022850260938867
-9999 -9999 -9999 -9999 -9999 -9999 -9999 -9999 -9999 -9999 -9999 0.00183836417272687 0.0020819654891966 0.00224544003867776 0.00193663330719574 0.00169743022343028 0.00156760430036229 0.00151860862388276 0.00152105037705041 0.00147446896517067 0.00141848839120939 0.00136940082302317 0.00133446337349596 0.0013363162324822 0.0013711107239942 0.00143884684803197 0.00151806115900399 0.00160169015725842 0.00167502686599619 0.00175134444361902 0.00184559350964264 0.00189078638140927 0.00185889094791491 0.00187525970250135 0.00192234203132102 0.00203851088735973 0.00216118492244277 0.00215955280873459 0.0021743504985352 0.0022318656774587 0.00236749973555561 0.00258125267282594 0.00268431786389556 0.00274481084488798 0.00262606712203706 0.00250576013786485 0.00243035352468723 0.00236719817621633 0.00232329481514171 0.00226495080278255 0.00219741728506051 0.00213826054095989 0.00208800506516127 0.00216059012018377 0.00221340206917375 0.00221480394247919
-9999 -9999 -9999 -9999 -9999 -9999 -9999 -9999 -9999 -9999 -9999 -9999 0.00228571728803217 0.0022351207480824 0.00193154150838382 0.00173035042462288 0.00169005501447828 0.00168010987908929 0.00168947855490842 0.00162608865502989 0.00154952565208078 0.00149639905430377 0.00148696279939031 0.0015911214359221 0.00162578643357847 0.0015909577923594 0.00173150922637433 0.00193951453547925 0.00190875436237548 0.00188752493340871 0.00198417436695308 0.00202482803433668 0.00197748835489619 0.00203700555721298 0.00216452259337529 0.00229804884293116 0.00242541453189915 0.00242761936533498 0.00242089572566329 0.00239095805591205 0.00247749072877922 0.00268049374426482 0.00276791761280037 0.00281088796327822 0.00266151453979547 0.00252123241079971 0.0024829784524627 0.00241518105030991 0.0023009582364466 0.00224039412569255 0.00221397646237165 0.00217721675289795 0.00214213316212408 0.00217070654616691 0.00220366802386707 0.00224803854507627
-9999 -9999 -9999 -9999 -9999 -9999 -9999 -9999 -9999 -9999 -9999 -9999 -9999 0.0022351207480824 0.00193154150838382 0.00178902680272586 0.00189961350770318 0.00226141178427498 0.00278307197004324 0.00250803466042272 0.00208726335768006 0.00189778565618326 0.00174895159943844 0.00170579101904877 0.00170116306253476 0.0017350677298964 0.00181131106364774 0.00190383849985665 0.00196868617786095 0.0020441652595764 0.00218094246520195 0.00226452853530645 0.00226452853530645 0.00233917751756963 0.00246133039763663 0.00247157450212399 0.00245850066130515 0.00242951158725191 0.00245187000109581 0.00260773188347229 0.00272227713867323 0.00279550576669862 0.00307283547590487 0.00342866560094989 0.00398822082934201 0.00436411445843988 0.00376178094302303 0.00316966198442968 0.00259359447227325 0.00237806238874327 0.00239196194161195 0.00231416587485 0.00222307278454537 0.00221769540075911 0.00224974758020835 0.00237911662406986
-9999 -9999 -9999 -9999 -9999 -9999 -9999 -9999 -9999 -9999 -9999 -9999 -9999 -9999 -9999 -9999 -9999 0.00224234267807334 0.00273279887187528 0.00253007243736648 0.00219722557085334 0.0020091522965231 0.00185388877071091 0.00178393059104565 0.001752712749294 0.00176023524545599 0.00186896087325295 0.00201661078244797 0.00202297241048655 0.00203520688955905 0.00211836100061191 0.00220952183008194 0.00231326464563609 0.00241382444801275 0.0025123586965492 0.00246471004356863 0.00239628812414594 0.00247174254036509 0.00255272446520394 0.00264807791245402 0.00271708913351176 0.00275975812837714 0.00304647636221489 0.00342705968796508 0.00395037273119668 0.00429293369234074 0.00368975491437595 0.00307641836843684 0.002447119615681 0.0023082920597517 0.00248158253816655 0.00225977051013615 0.00198189728689612 0.00209433226700639 0.00219076952635078 0.00224561271170387
-9999 -9999 -9999 -9999 -9999 -9999 -9999 -9999 -9999 -9999 -9999 -9999 -9999 -9999 -9999 -9999 -9999 -9999 -9999 -9999 0.00283075110928622 0.00245902391907294 0.00216918166552205 0.00209224024729338 0.00199539583627484 0.00187864843246643 0.00196707019131282 0.00213440316656488 0.00220859506225679 0.00234074986656196 0.00279011364909821 0.00311488763691159 0.00324387766158907 0.00327223100612173 0.00323654282692587 0.00336281779163983 0.00347937320475466 0.00288002155139109 0.00255143753020093 0.00292684935266151 0.00335559214727253 0.003837665914034 0.00403528864262626 0.00412350712576881 0.0042686270608101 0.00440103188157082 0.00445312540978193 0.00440758999320678 0.00420863766339607 0.00415913760662079 0.00420474354177713 0.00322730850894003 0.00210947044979548 0.00208312023460167 0.00207926735311048 0.00213390753924614
-9999 -9999 -9999 -9999 -9999 -9999 -9999 -9999 -9999 -9999 -9999 -9999 -9999 -9999 -9999 -9999 -9999 -9999 -9999 -9999 -9999 -9999 -9999 0.00208089360967278 0.00201929984905292 0.00189611232781317 0.00199523737683194 0.00217986726056552 0.0022287126921583 0.00236314778885571 0.00296546781464713 0.00333626764768269 0.00334325003495906 0.00330731224676128 0.00324406161962543 0.0034211332531413 0.00359532763832248 0.00290351311559787 0.00251703222602373 0.0029244187826407 0.00335769179946509 0.00381685127649689 0.0039943886367837 0.00406360979832243 0.00424467409902717 0.00442258531984407 0.00455183610029053 0.00459827804297674 0.00451459181203972 0.0043135723681189 0.0040378863341175 0.00316518898762296 0.00222516647045268 0.00217045451427111 0.00212916968303034 0.00212279537663562
-9999 -9999 -9999 -9999 -9999 -9999 -9999 -9999 -9999 -9999 -9999 -9999 -9999 -9999 -9999 -9999 -9999 -9999 -9999 -9999 -9999 -9999 -9999 -9999 -9999 0.00192857335787266 0.00202972853367101 0.00216978954631486 0.00224166135012638 0.0023065073764883 0.0023562801652588 0.0023896742350189 0.00239733031776268 0.0026933108092635 0.00317277046997332 0.00346729795273859 0.00371873707626946 0.00386644349782728 0.00402406399371103 0.00420746108284219 0.0045169003860792 0.00495238190342206 0.00544640056614299 0.00596293351554777 0.00558787547925023 0.005048565013567 0.00395022504380903 0.00300741002138237 0.00230899134476203 0.00246319809230046 0.00315998465521262 0.00273217585345264 0.00211346234573284 0.00207299307658104 0.00204339405172504 0.00204205766203813
-9999 -9999 -9999 -9999 -9999 -9999 -9999 -9999 -9999 -9999 -9999 -9999 -9999 -9999 -9999 -9999 -9999 -9999 -9999 -9999 -9999 -9999 -9999 -9999 -9999 -9999 0.00208831722920877 0.00230950105105877 0.00236828162451275 0.00240890932036564 0.00240653828950599 0.00240249552734895 0.00239582575886743 0.00266924994502916 0.0031209157386911 0.00339831794553902 0.00362933892029105 0.00366437514458085 0.00374109060066985 0.00392617205943679 0.00431151231168768 0.00489711135742254 0.00548237348266412 0.00606750602310057 0.00563754925678951 0.005056624802819 0.00401941758900647 0.00314101542608112 0.00251216405740706 0.00263157225708712 0.00322714563662885 0.00278631338733248 0.00216871833981713 0.00206993486062856 0.00200254411902279 0.00201677449513227
-9999 -9999 -9999 -9999 -9999 -9999 -9999 -9999 -9999 -9999 -9999 -9999 -9999 -9999 -9999 -9999 -9999 -9999 -9999 -9999 -9999 -9999 -9999 -9999 -9999 -9999 -9999 -9999 0.00236828162451275 0.00240701728034764 0.00239329400938004 0.00246599750971655 0.00267451450781665 0.00295611851470313 0.00328423243627184 0.00376154412515461 0.00423754255461972 0.00418394316511694 0.00413295824546367 0.00408877094741911 0.00415982997219543 0.00434613531979266 0.00415077141951769 0.0038086116546765 0.00281477127282417 0.00194307092533563 0.00187374151937547 0.00183569029104547 0.00184679048470571 0.00262506228318674 0.00389153419382638 0.00369061578385299 0.0031860624367255 0.00250884224806214 0.00201530444610398 0.00199934084957931
-9999 -9999 -9999 -9999 -9999 -9999 -9999 -9999 -9999 -9999 -9999 -9999 -9999 -9999 -9999 -9999 -9999 -9999 -9999 -9999 -9999 -9999 -9999 -9999 -9999 -9999 -9999 -9999 -9999 -9999 -9999 -9999 0.00277951848693192 0.00295356936112512 0.00323837988253217 0.00361057927511865 0.00398217373003718 0.00404636208259035 0.00409987325838301 0.00412562377459835 0.00418316986178979 0.00427251151995733 0.00400612737576011 0.00360292561526876 0.0027000981026504 0.00190993549040286 0.00183004613063531 0.00175669342206674 0.00169361259395373 0.00235319240891843 0.00347264717856889 0.0033112777309725 0.00288905757770409 0.00238717776664999 0.00203045116359135 0.00205112290132092
-9999 -9999 -9999 -9999 -9999 -9999 -9999 -9999 -9999 -9999 -9999 -9999 -9999 -9999 -9999 -9999 -9999 -9999 -9999 -9999 -9999 -9999 -9999 -9999 -9999 -9999 -9999 -9999 -9999 -9999 -9999 -9999 -9999 -9999 0.00224761432036757 0.00232953530939994 0.00241679899772862 0.00231635721138445 0.00223398504749639 0.00219859390199417 0.00222327520168619 0.00230802894657245 0.00240853859577328 0.00251510820817202 0.00212420108073276 0.00177333803003421 0.00176901205122704 0.00175912091799546 0.00174048454209696 0.00244989848215485 0.00362261716873037 0.00355646879324922 0.00322559857158923 0.00260660497588106 0.00217891686043004 0.00224862299364759
-9999 -9999 -9999 -9999 -9999 -9999 -9999 -9999 -9999 -9999 -9999 -9999 -9999 -9999 -9999 -9999 -9999 -9999 -9999 -9999 -9999 -9999 -9999 -9999 -9999 -9999 -9999 -9999 -9999 -9999 -9999 -9999 -9999 -9999 -9999 -9999 0.00284445370198227 0.00262526117148809 0.00244728457619203 0.0023764694124111 0.00236992249119794 0.00242764381255256 0.002494741587725 0.00256544569128891 0.00219730253593299 0.00187419608118944 0.00190534585271962 0.00190399472921854 0.00185157077066833 0.00255094002932313 0.00372872315347196 0.0036450692496146 0.00329295518167784 0.00266590421961155 0.00223008998000296 0.00229149121878436
-9999 -9999 -9999 -9999 -9999 -9999 -9999 -9999 -9999 -9999 -9999 -9999 -9999 -9999 -9999 -9999 -9999 -9999 -9999 -9999 -9999 -9999 -9999 -9999 -9999 -9999 -9999 -9999 -9999 -9999 -9999 -9999 -9999 -9999 -9999 -9999 0.00284445370198227 0.00262526117148809 0.00254370385664515 0.00281999810249544 0.00288286846625852 0.00273231494793436 0.00299963676661719 0.00342767986876424 0.00298617463704433 0.00257934458204545 0.0026016399206128 0.00268676175619476 0.00287061094422825 0.00337671944726028 0.00408790205983678 0.00374867024220293 0.00321724784589606 0.00298999467486283 0.00277828138496261 0.00260697178600822
-9999 -9999 -9999 -9999 -9999 -9999 -9999 -9999 -9999 -9999 -9999 -9999 -9999 -9999 -9999 -9999 -9999 -9999 -9999 -9999 -9999 -9999 -9999 -9999 -9999 -9999 -9999 -9999 -9999 -9999 -9999 -9999 -9999 -9999 -9999 -9999 -9999 -9999 -9999 -9999 0.00293494693323737 0.00288855034887092 0.00322954545845278 0.00371953737339936 0.00321384442213459 0.00273774706147378 0.00270247614389518 0.00278262456413359 0.00304414622951299 0.00370372710312952 0.0046166183819878 0.00418110132886795 0.00348937018861763 0.0030265878958744 0.00264621520909713 0.00248010749783134
-9999 -9999 -9999 -9999 -9999 -9999 -9999 -9999 -9999 -9999 -9999 -9999 -9999 -9999 -9999 -9999 -9999 -9999 -9999 -9999 -9999 -9999 -9999 -9999 -9999 -9999 -9999 -9999 -9999 -9999 -9999 -9999 -9999 -9999 -9999 -9999 -9999 -9999 -9999 -9999 -9999 -9999 -9999 0.00278628105297685 0.00276602413214278 0.0027491570363054 0.00275519698334392 0.00280262016167399 0.00291507413203362 0.0029397528123809 0.00290857448999304 0.00279176564072259 0.00266022011783207 0.00256929493480129 0.00252256173553178 0.00259072769404156
-9999 -9999 -9999 -9999 -9999 -9999 -9999 -9999 -9999 -9999 -9999 -9999 -9999 -9999 -9999 -9999 -9999 -9999 -9999 -9999 -9999 -9999 -9999 -9999 -9999 -9999 -9999 -9999 -9999 -9999 -9999 -9999 -9999 -9999 -9999 -9999 -9999 -9999 -9999 -9999 -9999 -9999 -9999 -9999 -9999 -9999 0.00297440844587982 0.00302014878252521 0.00313776679104194 0.00325383619201603 0.00336892011546297 0.00322676757787121 0.003037023016077 0.00291281801037258 0.00280848801048705 0.00275583302573068
-9999 -9999 -9999 -9999 -9999 -9999 -9999 -9999 -9999 -9999 -9999 -9999 -9999 -9999 -9999 -9999 -9999 -9999 -9999 -9999 -9999 -9999 -9999 -9999 -9999 -9999 -9999 -9999 -9999 -9999 -9999 -9999 -9999 -9999 -9999 -9999 -9999 -9999 -9999 -9999 -9999 -9999 -9999 -9999 -9999 -9999 -9999 0.00322895430144854 0.00331404266762547 0.00324875154910842 0.00308776439487701 0.00293886115105124 0.00279169906571042 0.00263305137923453 0.00253033805347513 0.00257305406557862
-9999 -9999 -9999 -9999 -9999 -9999 -9999 -9999 -9999 -9999 -9999 -9999 -9999 -9999 -9999 -9999 -9999 -9999 -9999 -9999 -9999 -9999 -9999 -9999 -9999 -9999 -9999 -9999 -9999 -9999 -9999 -9999 -9999 -9999 -9999 -9999 -9999 -9999 -9999 -9999 -9999 -9999 -9999 -9999 -9999 -9999 -9999 0.0031627744610887 0.00307768609491177 0.00303006532340078 0.0030062875666772 0.00282963601057418 0.00262624190509087 0.00248799537803279 0.00237084712716751 0.00230855439440347
-9999 -9999 -9999 -9999 -9999 -9999 -9999 -9999 -9999 -9999 -9999 -9999 -9999 -9999 -9999 -9999 -9999 -9999 -9999 -9999 -9999 -9999 -9999 -9999 -9999 -9999 -9999 -9999 -9999 -9999 -9999 -9999 -9999 -9999 -9999 -9999 -9999 -9999 -9999 -9999 -9999 -9999 -9999 -9999 -9999 -9999 -9999 -9999 -9999 0.00332046433322831 0.0037718849562225 0.00345003157417522 0.0029846806137357 0.00270900243776851 0.00252894573350204 0.00259750485565746
