data/dis.20102014.winter.platessa_min.asc
NCOLS 320 
NROWS 120 
XLLCORNER 2 
YLLCORNER 53 
CELLSIZE 0.025 
NODATA_value -9999 
[rows 50 to 74 of 120, columns 116 to 173 of 320]
-9999 -9999 -9999 -9999 0.850600665435195 0.854863600805402 0.855153173208237 0.853914529085159 0.856182558462024 0.858367955312133 0.859108814969659 0.861576482653618 0.866757705807686 0.869489887729287 0.870663588866591 0.870500376448035 0.870141053572297 0.870993359014392 0.871608912944794 0.871608912944794 0.871425081044435 0.871057417243719 0.870961390435696 0.870969839394092 0.87220666743815 0.8732900172472 0.873244687914848 0.871313259005546 0.866417959332466 0.86329916678369 0.861310878768563 0.86106831766665 0.861143451184034 0.860683921724558 0.860271712765098 0.85998253710568 0.860981727018952 0.863269282504916 0.865500394254923 0.867709796875715 0.868584141135216 0.869412871077657 0.87040619365871 0.871884196996689 0.874123841524124 0.876093972474337 0.877892594784498 0.878728415817022 0.879493318498134 0.882326133549213 0.885837789624929 0.891114432364702 0.898896761238575 0.909184776246547 0.914017725735903 0.916752573102713 0.915161827579141 0.915590282529592
-9999 -9999 0.846670173108578 0.847869522869587 0.846281923353672 0.841907374560833 0.839422225952148 0.837663769721985 0.841768525540829 0.845705589279532 0.847079718485474 0.850430147722363 0.856886191293597 0.866291435435415 0.877573443576694 0.876547185704112 0.873349541798234 0.87508643977344 0.875814715400338 0.873920572921634 0.873045200482011 0.873188598081469 0.874104119837284 0.875316612422466 0.876121070235968 0.876236718147993 0.873028326779604 0.869463162496686 0.865337355062365 0.864218793809414 0.865013934671879 0.863922560587525 0.86253741197288 0.862572247162461 0.86310319788754 0.864924049004912 0.867765514180064 0.871627593412995 0.874395690858364 0.876743026077747 0.877579942345619 0.878378849476576 0.879431951791048 0.88121777959168 0.884155033156276 0.882854977622628 0.878858452662825 0.879045447334647 0.880006052553654 0.879894070327282 0.880796326324344 0.884335601702332 0.890004936605692 0.897804331034422 0.904637644067407 0.911099387332797 0.915983645245433 0.921044766902923
-9999 -9999 0.841668822802603 0.843359502963722 0.843804724514484 0.843004487454891 0.844819670543074 0.847640784457326 0.851640183478594 0.855526754632592 0.858502632007003 0.862213829532266 0.867080530151725 0.872104238718748 0.877227861434221 0.876713871955872 0.875148767605424 0.874882591888308 0.87419661320746 0.872419146820903 0.870405629277229 0.868156060576439 0.867840882390737 0.868269700556993 0.869088092818856 0.869498666375875 0.867755565792322 0.865961419418454 0.864087058231234 0.863272741436958 0.863132998347282 0.864382779225707 0.86586538143456 0.866581564769149 0.867470713332295 0.868809571489692 0.871121719479561 0.874407157301903 0.875231735408306 0.875109829008579 0.878931572660804 0.882693745195866 0.88499816507101 0.885719852522015 0.8839543890208 0.883013222366571 0.882596608251333 0.880950592458248 0.879138704389334 0.878686953336 0.878755019977689 0.880174612626433 0.883994044736028 0.890213316306472 0.898175297304988 0.906807551160455 0.913278196007013 0.919562852010131
-9999 -9999 0.840729556046426 0.839038875885308 0.839918984100223 0.843369880691171 0.849535888060927 0.856746168807149 0.866553420200944 0.874853432178497 0.874853432178497 0.875434871762991 0.876930002123117 0.875035354867577 0.870983576402068 0.870320685207844 0.870301019400358 0.869693968445063 0.868550941348076 0.866014376282692 0.865148911252618 0.865954546257854 0.864911630749702 0.863157734274864 0.864122496917844 0.86459930986166 0.861836768686771 0.860696975141764 0.862107213586569 0.864579237997532 0.867726944386959 0.86825156211853 0.868277236819267 0.868739381432533 0.87004167214036 0.873528342694044 0.876047490164637 0.87759911455214 0.877829577773809 0.877551902085543 0.879116747528314 0.880370473489165 0.879526684060693 0.879536304622889 0.880886998027563 0.881579643115401 0.881853530183434 0.881595473736525 0.881240392103791 0.881044490262866 0.880850125104189 0.880659755319357 0.884070921689272 0.891083624213934 0.899916134774685 0.909448571503162 0.914501523599028 0.919894417747855
-9999 -9999 0.837350118905306 0.836939807981253 0.838540349155664 0.842151742428541 0.850337838754058 0.860283436253667 0.864034226164222 0.86659624427557 0.865036405622959 0.864612938836217 0.865975199267268 0.867381019517779 0.868814559653401 0.868682611733675 0.868173256516457 0.866570636630058 0.864910665899515 0.863101582974195 0.860203439369798 0.856216235086322 0.855006033554673 0.854863910004497 0.857682144269347 0.860358200967312 0.861452676355839 0.862121522426605 0.862121522426605 0.864456336945295 0.868276942521334 0.870081085711718 0.87140959315002 0.871508264914155 0.87229236215353 0.874858565628528 0.876575732603669 0.877443863078952 0.87807946279645 0.878625627607107 0.880036784335971 0.881183534860611 0.880753844976425 0.880970291793346 0.882202096283436 0.883058192208409 0.883675200864673 0.884339511394501 0.884917676448822 0.883870542049408 0.882801530882716 0.881675640121102 0.885013917461038 0.892816362902522 0.901751896366477 0.911123232915998 0.920387130230665 0.928433885797858
-9999 -9999 -9999 -9999 -9999 0.851639091968536 0.855871694162488 0.86173222027719 0.861878644675016 0.861764812842012 0.862030318006873 0.861836111173034 0.860919499769807 0.861084016039968 0.861936522647738 0.861766101792455 0.861408069729805 0.861338600516319 0.860937776044011 0.859675427898764 0.857942519709468 0.855739051476121 0.856402276083827 0.858168074861169 0.860588261857629 0.862819267436862 0.863911898806691 0.86506343819201 0.866307547315955 0.867252413183451 0.868006851524115 0.870191214606166 0.872481655329466 0.871713671833277 0.871495485305786 0.872706770896912 0.874612798914313 0.877213569357991 0.876377761363983 0.874220192432404 0.875283425673842 0.876793593168258 0.879591137170792 0.880604086443782 0.878812672570348 0.879667056724429 0.882205130532384 0.882260289043188 0.881817746907472 0.881356205791235 0.88180311396718 0.884611990302801 0.889549115672708 0.896614490076899 0.907208602875471 0.919159922748804 0.924546303227544 0.929089188575745
-9999 -9999 -9999 -9999 -9999 -9999 -9999 0.860940158367157 0.85961814597249 0.858307087793946 0.857439627870917 0.857467353343964 0.858901798725128 0.859775949269533 0.860293548554182 0.860437007620931 0.860581118613482 0.862008389085531 0.86244442500174 0.860303251072764 0.858969673514366 0.858443692326546 0.859249502420425 0.860567539930344 0.863219970837235 0.865630276501179 0.86643748730421 0.867285521700978 0.86819770745933 0.868987081572413 0.869698302820325 0.870157005265355 0.870515033602714 0.870020166039467 0.871052360162139 0.876054914668202 0.878204235807061 0.877500323578715 0.877144299447536 0.876922078430653 0.877536255866289 0.878284519538283 0.879457214847207 0.880043124780059 0.879706943407655 0.879057504236698 0.878208719193935 0.87963455915451 0.881339959800243 0.88006416708231 0.880982253700495 0.887604426592588 0.894333736971021 0.901170184835791 0.910311745479703 0.920339887961745 0.925633896142244 0.929891277104616
-9999 -9999 -9999 -9999 -9999 -9999 -9999 -9999 0.857836246490479 0.857614019885659 0.856280660256743 0.856103556230664 0.857743425294757 0.858772637322545 0.859413249418139 0.86059407517314 0.861817270517349 0.861924022436142 0.861669924110174 0.860477615147829 0.858975728973746 0.857164265587926 0.856670113280415 0.856682619079947 0.861772824078798 0.866366531699896 0.866984311491251 0.867037640884519 0.866203976795077 0.866851776838303 0.868442326784134 0.870678450912237 0.872943622991443 0.873507658019662 0.875103319063783 0.879381207749247 0.880272187292576 0.877776257693768 0.875570585951209 0.87347655184567 0.875094475224614 0.876809423789382 0.877917746081948 0.877548713237047 0.874858122318983 0.875460620969534 0.87815872207284 0.877183007076383 0.87572094425559 0.878481943160295 0.882930740714073 0.89176781475544 0.900331353768706 0.908621357753873 0.915840286761522 0.922647263854742 0.927473153918982 0.93135442212224
-9999 -9999 -9999 -9999 -9999 -9999 -9999 -9999 -9999 0.857614019885659 0.856280660256743 0.856076618656516 0.857647219672799 0.859982904046774 0.862805459648371 0.861871413886547 0.860268065705895 0.860059021040797 0.860282938927412 0.861632559448481 0.86189660616219 0.861075079068542 0.861938195303082 0.863449251279235 0.863374462351203 0.863510500639677 0.8651670999825 0.866179466247559 0.866179466247559 0.867438295856118 0.869498198851943 0.873671486973762 0.878050761297345 0.878746291622519 0.879696929827332 0.881310848519206 0.881296783685684 0.879654735326767 0.87795927003026 0.876243259757757 0.879256634041667 0.881024964153767 0.875177077949047 0.871927572414279 0.87276123650372 0.873590720817447 0.8744175452739 0.875377697870135 0.876507872715592 0.880075110122561 0.886524651199579 0.900468181818723 0.910388013347983 0.916284145787358 0.919722735881805 0.92221611738205 0.925007149577141 0.927341900765896
-9999 -9999 -9999 -9999 -9999 -9999 -9999 -9999 -9999 -9999 -9999 -9999 -9999 0.860067155212164 0.863027576357126 0.861417848616838 0.859039150178432 0.859126456081867 0.859562104567885 0.86090344376862 0.860891239717603 0.859525492414832 0.861111309379339 0.863832343369722 0.864987893030047 0.865960272029042 0.86647723428905 0.868132824078202 0.871577685698867 0.87315603159368 0.873546594753861 0.876088708639145 0.878932524472475 0.87959000095725 0.880198089405894 0.880677768960595 0.879958517849445 0.878040336072445 0.876863719895482 0.875972321256995 0.877081515267491 0.877332681789994 0.872705301269889 0.870338030159473 0.871522359549999 0.872542468830943 0.873458074405789 0.873658480122685 0.873966917395592 0.878543570637703 0.885499594733119 0.898641983047128 0.908579081296921 0.915310889482498 0.918031753972173 0.919209947809577 0.922585532069206 0.925634069368243
-9999 -9999 -9999 -9999 -9999 -9999 -9999 -9999 -9999 -9999 -9999 -9999 -9999 -9999 -9999 -9999 0.855787808075547 0.859800292178988 0.863032495602965 0.864235969260335 0.864352511242032 0.863382121548057 0.863063292577863 0.862995063886046 0.865182900801301 0.866941457614303 0.865890065208077 0.86727804876864 0.872499337419868 0.875994112342596 0.878390196710825 0.883500397205353 0.888541594147682 0.883181735873222 0.880123855546117 0.883051117882133 0.883728476241231 0.882155930623412 0.880455823615193 0.878706654533744 0.880906201899051 0.882689569145441 0.881230648607015 0.879219338297844 0.876339986920357 0.876737846061587 0.879221202805638 0.880193218588829 0.880928987637162 0.882787121459842 0.886903153732419 0.89688972197473 0.904237449169159 0.908946335315704 0.912500243633986 0.915609929710627 0.921824365854263 0.927208553999662
-9999 -9999 -9999 -9999 -9999 -9999 -9999 -9999 -9999 -9999 -9999 -9999 -9999 -9999 -9999 -9999 -9999 -9999 -9999 0.866517603397369 0.866238368675113 0.865679899230599 0.865008590742946 0.864293882623315 0.865558994933963 0.867409976199269 0.871608002111316 0.87456513941288 0.875572308897972 0.87754799798131 0.880140017718077 0.885741280391812 0.891412742435932 0.88804616779089 0.885292887687683 0.88413417339325 0.88383849337697 0.884405847638845 0.881291234865785 0.876760480925441 0.87890150398016 0.880822965875268 0.879684334620833 0.877369277179241 0.873205550014973 0.873200720176101 0.875842461362481 0.87914852425456 0.882851671427488 0.891046557575464 0.897305112332106 0.898529205471277 0.901267237961292 0.905519209802151 0.909801619127393 0.914095735177398 0.918405620381236 0.92209061793983
-9999 -9999 -9999 -9999 -9999 -9999 -9999 -9999 -9999 -9999 -9999 -9999 -9999 -9999 -9999 -9999 -9999 -9999 -9999 -9999 -9999 0.866158366203308 0.866609456017613 0.867234041914344 0.869436841458082 0.87145284563303 0.87207069247961 0.872499845921993 0.87263248115778 0.874947737902403 0.878651935607195 0.885981362313032 0.893497228622437 0.891856789588928 0.890368593856692 0.889276230707765 0.88917750865221 0.890072427690029 0.888612328097224 0.886246452108025 0.885172918438911 0.882614448666573 0.872251197695732 0.86594713665545 0.866021802648902 0.867911003530025 0.870954908430576 0.87727865204215 0.884214090183377 0.890396883711219 0.895257776603103 0.896681727841496 0.897590979933739 0.897985532879829 0.902263564988971 0.908035242930055 0.911228125914931 0.914271622896194
-9999 -9999 -9999 -9999 -9999 -9999 -9999 -9999 -9999 -9999 -9999 -9999 -9999 -9999 -9999 -9999 -9999 -9999 -9999 -9999 -9999 -9999 0.864696979522705 0.86267352104187 0.86175200343132 0.861847640946507 0.866704953834414 0.869789028540254 0.870086586102843 0.872863611206412 0.877218479290605 0.884912334382534 0.892628585919738 0.889373021200299 0.88777469843626 0.89048520475626 0.892119022086263 0.892676150426268 0.891494031995535 0.889642972499132 0.887941783294082 0.884829046204686 0.874614490196109 0.868582025170326 0.869121417403221 0.870001686736941 0.871098877862096 0.877812335267663 0.885393977165222 0.888639450073242 0.891331354156136 0.892583979293704 0.895980527624488 0.901520999148488 0.900286938995123 0.896447289735079 0.899104151874781 0.901732364669442
-9999 -9999 -9999 -9999 -9999 -9999 -9999 -9999 -9999 -9999 -9999 -9999 -9999 -9999 -9999 -9999 -9999 -9999 -9999 -9999 -9999 -9999 -9999 -9999 0.86175200343132 0.861319424584508 0.863007439300418 0.863673638552427 0.862734127789736 0.867104018107057 0.874852618202567 0.883416833356023 0.891430394724011 0.887309750542044 0.884057350456715 0.88306238502264 0.882188823074102 0.881436664611101 0.880748771131039 0.880085594952106 0.87603186070919 0.871731782332063 0.867197206243873 0.865370573475957 0.86779928021133 0.872476952150464 0.87858578376472 0.881381835788488 0.883393179625273 0.883327934890985 0.884082831442356 0.886970095336437 0.889591971412301 0.891948459669948 0.889908293262124 0.88617710582912 0.886934047564864 0.888015067204833
-9999 -9999 -9999 -9999 -9999 -9999 -9999 -9999 -9999 -9999 -9999 -9999 -9999 -9999 -9999 -9999 -9999 -9999 -9999 -9999 -9999 -9999 -9999 -9999 -9999 -9999 -9999 -9999 0.861573934555054 0.866184554994106 0.873729206621647 0.882451990619302 0.890907231718302 0.890808593481779 0.890744134783745 0.89076854288578 0.89100994169712 0.891468331217766 0.890223892405629 0.888324519619346 0.885367156937718 0.882080132141709 0.877455970272422 0.87440381012857 0.873821938410401 0.876624066382647 0.881579648703337 0.881742067635059 0.881040200591087 0.881942227482796 0.882693789899349 0.8830541446805 0.883123781532049 0.882902700453997 0.880334906280041 0.876864530146122 0.878114387392998 0.87946486286819
-9999 -9999 -9999 -9999 -9999 -9999 -9999 -9999 -9999 -9999 -9999 -9999 -9999 -9999 -9999 -9999 -9999 -9999 -9999 -9999 -9999 -9999 -9999 -9999 -9999 -9999 -9999 -9999 -9999 -9999 0.86991935968399 0.87476035580039 0.8801872394979 0.87911482527852 0.878108376637101 0.877273438498378 0.877582848072052 0.879036605358124 0.877331426367164 0.874411271885037 0.875209787860513 0.875855574384331 0.874643987044692 0.871754759922623 0.866229241713881 0.867567693814635 0.873274127021432 0.874568298459053 0.87489883042872 0.873849181458354 0.873746193945408 0.876104526221752 0.877378458157182 0.877567989751697 0.874590860679745 0.870395785197615 0.870471775531769 0.871455984190106
-9999 -9999 -9999 -9999 -9999 -9999 -9999 -9999 -9999 -9999 -9999 -9999 -9999 -9999 -9999 -9999 -9999 -9999 -9999 -9999 -9999 -9999 -9999 -9999 -9999 -9999 -9999 -9999 -9999 -9999 -9999 -9999 0.886910324916243 0.88105677254498 0.874507624655962 0.866149928420782 0.862717740237713 0.864211060106754 0.865164689719677 0.865910746157169 0.868442231789231 0.870760526508093 0.871487740427256 0.872190598398447 0.872855182737112 0.874445710331202 0.876625474542379 0.874327095225453 0.871426736935973 0.873518424108624 0.876435020938516 0.88149638287723 0.881813269108534 0.877385679632425 0.872004261240363 0.866255985572934 0.867101749405265 0.868151979520917
-9999 -9999 -9999 -9999 -9999 -9999 -9999 -9999 -9999 -9999 -9999 -9999 -9999 -9999 -9999 -9999 -9999 -9999 -9999 -9999 -9999 -9999 -9999 -9999 -9999 -9999 -9999 -9999 -9999 -9999 -9999 -9999 0.886910324916243 0.88105677254498 0.874821843579411 0.86759533546865 0.861699035391212 0.857132943347096 0.86061941832304 0.867203034460544 0.871987447142601 0.876858903095126 0.882694752886891 0.886179680004716 0.885970300063491 0.886080324649811 0.88639360666275 0.879830989986658 0.872427068650722 0.874099023640156 0.876444436609745 0.88054084032774 0.880560453981161 0.876503277570009 0.869203673675656 0.860656982287764 0.861841885372996 0.863736597821116
-9999 -9999 -9999 -9999 -9999 -9999 -9999 -9999 -9999 -9999 -9999 -9999 -9999 -9999 -9999 -9999 -9999 -9999 -9999 -9999 -9999 -9999 -9999 -9999 -9999 -9999 -9999 -9999 -9999 -9999 -9999 -9999 -9999 -9999 -9999 -9999 0.862541902810335 0.859661545604467 0.862246157601476 0.866932680830359 0.874472565948963 0.88142560608685 0.884605197235942 0.886351073160768 0.885843968018889 0.888030543923378 0.891931280493736 0.885812625288963 0.878324499353766 0.881621303036809 0.883527465164661 0.88181795924902 0.8797726072371 0.877391409128904 0.87193931825459 0.865306114777923 0.864607369527221 0.864325692877173
-9999 -9999 -9999 -9999 -9999 -9999 -9999 -9999 -9999 -9999 -9999 -9999 -9999 -9999 -9999 -9999 -9999 -9999 -9999 -9999 -9999 -9999 -9999 -9999 -9999 -9999 -9999 -9999 -9999 -9999 -9999 -9999 -9999 -9999 -9999 -9999 -9999 -9999 -9999 0.867329895496368 0.871455397456884 0.875510590150952 0.878000853583217 0.880129128694534 0.881688565015793 0.883138712495565 0.884519312530756 0.884025886654854 0.883034275844693 0.879945209249854 0.877702509984374 0.877660365775227 0.87666642293334 0.874720681458712 0.872308788821101 0.869717607274651 0.869460640475154 0.869254160672426
-9999 -9999 -9999 -9999 -9999 -9999 -9999 -9999 -9999 -9999 -9999 -9999 -9999 -9999 -9999 -9999 -9999 -9999 -9999 -9999 -9999 -9999 -9999 -9999 -9999 -9999 -9999 -9999 -9999 -9999 -9999 -9999 -9999 -9999 -9999 -9999 -9999 -9999 -9999 -9999 -9999 -9999 0.868307769298553 0.86936167255044 0.872071709483862 0.874578576534986 0.876956153661013 0.877238562330604 0.877251885831356 0.879814334213734 0.880851201713085 0.877921558916569 0.875539019703865 0.873703584074974 0.871618885546923 0.86943831667304 0.86655361391604 0.863225808367133
-9999 -9999 -9999 -9999 -9999 -9999 -9999 -9999 -9999 -9999 -9999 -9999 -9999 -9999 -9999 -9999 -9999 -9999 -9999 -9999 -9999 -9999 -9999 -9999 -9999 -9999 -9999 -9999 -9999 -9999 -9999 -9999 -9999 -9999 -9999 -9999 -9999 -9999 -9999 -9999 -9999 -9999 -9999 0.849742314778268 0.855306574143469 0.859151132404804 0.861901335418224 0.863414816558361 0.864641174674034 0.865191295742989 0.865316202864051 0.864335553720593 0.864544061943889 0.865941727533937 0.868744263425469 0.872087134048343 0.865184582769871 0.857053097337484
-9999 -9999 -9999 -9999 -9999 -9999 -9999 -9999 -9999 -9999 -9999 -9999 -9999 -9999 -9999 -9999 -9999 -9999 -9999 -9999 -9999 -9999 -9999 -9999 -9999 -9999 -9999 -9999 -9999 -9999 -9999 -9999 -9999 -9999 -9999 -9999 -9999 -9999 -9999 -9999 -9999 -9999 -9999 0.845414557494223 0.839850298129022 0.840454475954175 0.844984022900462 0.848984587937593 0.852653095498681 0.852475164458156 0.851335419341922 0.847694957628846 0.848449680954218 0.853599589318037 0.858363665640354 0.862979345023632 0.856950433924794 0.85004860162735
-9999 -9999 -9999 -9999 -9999 -9999 -9999 -9999 -9999 -9999 -9999 -9999 -9999 -9999 -9999 -9999 -9999 -9999 -9999 -9999 -9999 -9999 -9999 -9999 -9999 -9999 -9999 -9999 -9999 -9999 -9999 -9999 -9999 -9999 -9999 -9999 -9999 -9999 -9999 -9999 -9999 -9999 -9999 -9999 -9999 0.833581142127514 0.826863415539264 0.828756669536233 0.831967867910862 0.828306786715984 0.826320372521877 0.828688092529774 0.833656717091799 0.841226246207952 0.844814009964466 0.846870325505733 0.844994612038136 0.841396104544401
