data/dis.20102014.winter.platessa_min.asc
NCOLS 320 
NROWS 120 
XLLCORNER 2 
YLLCORNER 53 
CELLSIZE 0.025 
NODATA_value -9999 
[rows 75 to 99 of 120, columns 174 to 231 of 320]
0.82785976678133 0.820404121652246 0.81117688678205 0.803803075104952 0.797608714550733 0.796893771737814 0.796743201091885 0.787556936964392 0.780511038377881 0.779030090197921 0.775861026719213 0.771003847941756 0.764603268355131 0.757609073072672 0.753734162077308 0.750855000689626 0.752037150785327 0.754218937829137 0.75797158293426 0.755467984825373 0.748983141034841 0.7614989541471 0.777285469695926 0.784071693196893 0.790124444290996 0.794270167127252 0.795888293534517 0.794978823512792 0.792854541912675 0.790263025090098 0.786663960665464 0.784796377643943 0.791882539168 0.796430544927716 0.79699002020061 0.801778096705675 0.809257101267576 0.814011735841632 0.81754014454782 0.809485571458936 0.806528136134148 0.81682325899601 0.822095308452845 0.822344284504652 0.822709223255515 0.823118763044476 0.817959195002913 0.81398831307888 0.817598834633827 0.819697801023722 0.819421466439962 0.829709637910127 0.846720676869154 0.850466068834066 0.850674487650394 0.835857562720775 0.82578868791461 0.828064743429422
0.795942969620228 0.791808476671576 0.790952751412988 0.786460170522332 0.779653226956725 0.774639815092087 0.769978821277618 0.765210926532745 0.764389269053936 0.773827828466892 0.774988420307636 0.767871044576168 0.764505203813314 0.762582261115312 0.76265430636704 0.762852868065238 0.763097250834107 0.762419041246176 0.760291043668985 0.759039098396897 0.758344640955329 0.757959559559822 0.75792926363647 0.762878442183137 0.767199257388711 0.769886327907443 0.771552734076977 0.772198475897312 0.769321218132973 0.765088960528374 0.77353136613965 0.78082875162363 0.778673194348812 0.777501380071044 0.777875447645783 0.77848587743938 0.779246719554067 0.783751366659999 0.788825180381536 0.790845889598131 0.791758464649319 0.789789890870452 0.788307132199407 0.787310188636184 0.787955949082971 0.789233518764377 0.78105098940432 0.775230053812266 0.783999469131231 0.79253726825118 0.80071109905839 0.813411545008421 0.828992564231157 0.840557087212801 0.850722221657634 0.850753838196397 0.845073448494077 0.82454184256494
0.770942887291313 0.751740179955959 0.740766324102878 0.735491162165999 0.733842441812158 0.73105344735086 0.72823498211801 0.728792445734143 0.729966472834349 0.732743564993143 0.73651210218668 0.741272084414959 0.742120014503598 0.741463309153914 0.738433377817273 0.735703643411398 0.735172901302576 0.734537029638886 0.733735954388976 0.733193267136812 0.732815008610487 0.737288614735007 0.742553703486919 0.744777657091617 0.74822604842484 0.754857977852225 0.75749589689076 0.756139805540442 0.758185714483261 0.761540085077286 0.759954879060388 0.758496249094605 0.759123316034675 0.758727354928851 0.756723778322339 0.757958380505443 0.761253641918302 0.7657735273242 0.769742961972952 0.760191012173891 0.752633852884173 0.750263148918748 0.749129496514797 0.749232895672321 0.752224683761597 0.756327390670776 0.75761628523469 0.759528834372759 0.765387248247862 0.771577700972557 0.778289929032326 0.791539940983057 0.808950360864401 0.821393916383386 0.832330977544188 0.834544973447919 0.837714087218046 0.843366507440805
0.714838612824679 0.697487955912948 0.687724882736802 0.68486581556499 0.686400206759572 0.689703794196248 0.693506319075823 0.699775513261557 0.703043976798654 0.698510540649295 0.695427911356091 0.693796088919043 0.695482799783349 0.698445869609714 0.696526106446981 0.693989893421531 0.689807558432221 0.687977397814393 0.689843511208892 0.69609447568655 0.705135799944401 0.711891351267695 0.718620020896196 0.732663329690695 0.744412260130048 0.750195806846023 0.758146880194545 0.768265480175615 0.768537662923336 0.76502276211977 0.76866221241653 0.772881142795086 0.777893252670765 0.778627386316657 0.77263898588717 0.771304765716195 0.772932296618819 0.766011264175176 0.757173020392656 0.744807299226522 0.73551207408309 0.73420013859868 0.734950637444854 0.73776357062161 0.740499138832092 0.743204951286316 0.744467727839947 0.745625419542193 0.746682109311223 0.749563904479146 0.755313722416759 0.770235894247889 0.790995018556714 0.805178483948111 0.818081771954894 0.831579284742475 0.840276649221778 0.83649362809956
0.698137406259776 0.681879805400968 0.677085055038333 0.674768133088946 0.674028011038899 0.670971969142556 0.667346078902483 0.661906894296407 0.656763218343258 0.652387864887714 0.656490890309214 0.669072294607758 0.667644925415516 0.660829566419124 0.663753433153033 0.66791820526123 0.6754230260849 0.680353483185172 0.681238511577249 0.687577839940786 0.697388086467982 0.70009089820087 0.702044112607837 0.715419450774789 0.725666839629412 0.727781560271978 0.73662649653852 0.752201648429036 0.752956917509437 0.74801223166287 0.765548152849078 0.782075103372335 0.786945257335901 0.789151798933744 0.78717266395688 0.789501382037997 0.794571461156011 0.788496375083923 0.779902944341302 0.766391215845942 0.754609474912286 0.747325701639056 0.745907500386238 0.750354871153831 0.758475443348289 0.768008785322309 0.765935998409986 0.763762788847089 0.764501033350825 0.768248163163662 0.77672354131937 0.782511036843061 0.786588061600924 0.80038577504456 0.8161785248667 0.832836551591754 0.84606035426259 0.850355174392462
0.690015617758036 0.674007207155228 0.666649907827377 0.658729547634721 0.650450875982642 0.646582957357168 0.643716845661402 0.642884891480207 0.639286955818534 0.628497468307614 0.619894232600927 0.613477248698473 0.624456195160747 0.642125884070992 0.64396470412612 0.644252186641097 0.64143911935389 0.634512791410088 0.62112276814878 0.643461057916284 0.688535546883941 0.695336449891329 0.695235615596175 0.707935439422726 0.719619572162628 0.72866290807724 0.735400231555104 0.739831542596221 0.75579522177577 0.776194427162409 0.761510020121932 0.747258750721812 0.745491879060864 0.749669345095753 0.763187913224101 0.774210786446929 0.783645490184426 0.800392538309098 0.817094400525093 0.80816613137722 0.799124464392662 0.789787963032723 0.786335272714496 0.788766393437981 0.793826567009091 0.799897914752364 0.79535991512239 0.79529986716807 0.820749973878264 0.837817775085568 0.841713381931186 0.840766780078411 0.836738772690296 0.841182326897979 0.847602192312479 0.858816038817167 0.865968853235245 0.862562984228134
0.672158656641841 0.654792590066791 0.64132203347981 0.644407158717513 0.658027717843652 0.662293933331966 0.66418925113976 0.657584076747298 0.651979878544807 0.648978218436241 0.631171049550177 0.598558371886611 0.601031130179763 0.616998286917805 0.622431870549917 0.625510185956955 0.619910269975662 0.618387784808874 0.623272690922022 0.643959034234286 0.67470083758235 0.672384163364768 0.665353206917644 0.690578276291489 0.711483247578144 0.721155963838101 0.728356420993805 0.733084619045258 0.750657871365547 0.773171529173851 0.765333523973822 0.758729550987482 0.767222698777914 0.777565034106374 0.79081323556602 0.807482214644552 0.826328052207828 0.834480760619044 0.840450897812843 0.845673963427544 0.846351085230708 0.835208753123879 0.82982812449336 0.830209199339151 0.83842452429235 0.849653022363782 0.844880705699324 0.843887265771628 0.866494331508875 0.880385188385844 0.880579145625234 0.880871532484889 0.881226556375623 0.876963598653674 0.872640307992697 0.882992494851351 0.890254497528076 0.889482021331787
0.648745432496071 0.631861925125122 0.62308144569397 0.624620668590069 0.632726974785328 0.629876345396042 0.624959234148264 0.622165512293577 0.619291733950376 0.61620980873704 0.60627636499703 0.589491402730346 0.596034677699208 0.611550351604819 0.60663290694356 0.601698324084282 0.602687790989876 0.612757137045265 0.637094864621759 0.645352728664875 0.64337795227766 0.656336737796664 0.673200653865934 0.70567767880857 0.730620797723532 0.735975760966539 0.738854173570871 0.739256035536528 0.745652072131634 0.754353560507297 0.762830100953579 0.771431034430861 0.78072009421885 0.795508630573749 0.818939201533795 0.826112842187285 0.822941163554788 0.832734333351255 0.845096133649349 0.857044167816639 0.868208568543196 0.877335522323847 0.882575251162052 0.883927755057812 0.881389321759343 0.877354374155402 0.875577740371227 0.874096082523465 0.873425094410777 0.870438387617469 0.863812694326043 0.867854854092002 0.878685647621751 0.882171798497438 0.88395276106894 0.88171730749309 0.881106536835432 0.88471994176507
0.624018024653197 0.606567049399018 0.598338400945067 0.599477613344788 0.606578191742301 0.608112515881658 0.608421996235847 0.606834396719932 0.603038156405091 0.593499450013041 0.58671572431922 0.582686979323626 0.590189076960087 0.602126114070415 0.60392108373344 0.606123624369502 0.613346980884671 0.62988124601543 0.661046938970685 0.675301546230912 0.678794553503394 0.693035451695323 0.709187135100365 0.721279338002205 0.733647901564837 0.746735002845526 0.755016909912229 0.758493622764945 0.765602832660079 0.774109156802297 0.786148499697447 0.798891741782427 0.814115356653929 0.825006233528256 0.82908852212131 0.828488703817129 0.82490936294198 0.839846903458238 0.858176715672016 0.871217750012875 0.880472343415022 0.87988219037652 0.879911476746201 0.880560202524066 0.878858510404825 0.876252811402082 0.875565566122532 0.875100515782833 0.875182189047337 0.875858601182699 0.877469602972269 0.877087937667966 0.875438211485743 0.871604552492499 0.867651958018541 0.869102831929922 0.871188318356872 0.8749237973243
0.608217036351562 0.593192560598254 0.585802035406232 0.592920146882534 0.60927102714777 0.606789642944932 0.60078995116055 0.599008729681373 0.596945261582732 0.594147952273488 0.60262400098145 0.622373407706618 0.621663691475987 0.613085081800818 0.623133199289441 0.633570646867156 0.640476295724511 0.654294379055501 0.678974859416485 0.705424224957824 0.732999244704843 0.747502323240042 0.758297529071569 0.750503499060869 0.747668715193868 0.757727971300483 0.776140380650759 0.802905943244696 0.817131698131561 0.826534450054169 0.832476822659373 0.836702447384596 0.833362091332674 0.831826344132423 0.833126410841942 0.836725661531091 0.841788029298186 0.85066257044673 0.860023094341159 0.864683935418725 0.869472973048687 0.874595321714878 0.876412954181433 0.874925870448351 0.874749656766653 0.875077623873949 0.8755300976336 0.876185819506645 0.877821162343025 0.878247834742069 0.876775167882442 0.877630082890391 0.879966186359525 0.876811863854527 0.873290771618486 0.882202042266727 0.890160448849201 0.895641408860684
0.588418690487742 0.586203545331955 0.582514435052871 0.588483290746808 0.600598124787212 0.602484494447708 0.602713974192739 0.609553104266524 0.61533435434103 0.618365116417408 0.629838332533836 0.649754002690315 0.655267730355263 0.655242249369621 0.662758160382509 0.671372309327125 0.683259591460228 0.695539567619562 0.708436634391546 0.739233016967774 0.78141987323761 0.794417478144169 0.800712015479803 0.79229785874486 0.790532832965255 0.80605554766953 0.818172996863723 0.826885180547834 0.84162725508213 0.85868851840496 0.862257845699787 0.863213438540697 0.855068575590849 0.852220609784126 0.85769633948803 0.864322429522872 0.87168056704104 0.878047125414014 0.884136993438005 0.888894494622946 0.89311246201396 0.895927641540766 0.89869093708694 0.901402348652482 0.903300907462835 0.904886830598116 0.903037548065185 0.902209080755711 0.90749504417181 0.911113394424319 0.912111209705472 0.915211349725723 0.919649332761764 0.916683999821544 0.912514293566346 0.913041515275836 0.915429510176182 0.922655515372753
0.585123104974628 0.579746505245566 0.578490057960153 0.585488606244326 0.597740333527327 0.607334718108177 0.615827981382608 0.614637147635221 0.616491133347154 0.626261649653316 0.634997772052884 0.642699500545859 0.677416736260057 0.722524551674723 0.738541318103671 0.749768804758787 0.745606083422899 0.747777812182904 0.75990367680788 0.776389149948955 0.795648919418454 0.814193209633231 0.832013560459018 0.839959571138024 0.847198810428381 0.852600444108248 0.856908407062292 0.860122699290514 0.868257137015462 0.878283938392997 0.881728954613209 0.884749943390489 0.887586614117026 0.89113350585103 0.895796459168196 0.902463655918837 0.910406280308962 0.914233334362507 0.917142109945416 0.918433090671897 0.920291107147932 0.923623416572809 0.925760516896844 0.926702408120036 0.92683532088995 0.92665708810091 0.930087743327021 0.933314083144069 0.934457408264279 0.938124338164925 0.945756932720542 0.952403079718351 0.958421487361193 0.959153009578586 0.958839502185583 0.958735901862383 0.958183301612735 0.956463301554322
0.608257530257106 0.599420400336385 0.591878263279796 0.5983263887465 0.613677408546209 0.629184750840068 0.644376613199711 0.653673820197582 0.658684503287077 0.652550224214792 0.654870117083192 0.665644181892276 0.7139743976295 0.776749286800622 0.800821036100388 0.817265056073666 0.806953705847263 0.805874628946185 0.819303410127759 0.832214431837201 0.844795970246196 0.85154602304101 0.857627024874091 0.872161211445927 0.882189268246293 0.880501387640834 0.880803052335978 0.883094262331724 0.886380223557353 0.89004878140986 0.896377988159657 0.902762254700065 0.908639276400208 0.91357759013772 0.917040791362524 0.921705391258001 0.927134517580271 0.928973730653524 0.930114358663559 0.931584745645523 0.932917846366763 0.93389400281012 0.937518371269107 0.943790951743722 0.947410240769386 0.950009033083916 0.947404637932777 0.945720260962844 0.950166324153542 0.954850040376186 0.959907211363315 0.963847603648901 0.967077318578958 0.970648204907775 0.974095806479454 0.974287584424019 0.973114090040326 0.968390887603163
0.652547685429454 0.646349987015128 0.628302911296487 0.631166659295559 0.647337295114994 0.65415758267045 0.659652262926102 0.674402803182602 0.685656515881419 0.687818476930261 0.707209758460521 0.743830360472202 0.784011421725154 0.825561890378594 0.842697624117136 0.855878228321671 0.856463989242911 0.860447535291314 0.869770457968116 0.87425285205245 0.87565490975976 0.885247092694044 0.896191090345383 0.902269512414932 0.906326238065958 0.905126553028822 0.904943559318781 0.905777256935835 0.908882845193148 0.912862237542868 0.918652106076479 0.925108077004552 0.934362066909671 0.941074080765247 0.943791560828686 0.944757202640176 0.944608038291335 0.948245286941528 0.952316876500845 0.950898457318544 0.950423831120133 0.952403066679835 0.954122949391603 0.955583479255438 0.959105670452118 0.963420808315277 0.962044389918446 0.96064387448132 0.960796860978007 0.961765106767416 0.96401447430253 0.965572355315089 0.966690199449658 0.968707896769047 0.970868760719895 0.972403956577182 0.972814422100782 0.9703005887568
0.643470911309123 0.643586641177535 0.645044857636094 0.659228483214974 0.681510096415877 0.704467291012406 0.727425096556544 0.748096311464906 0.767090754583478 0.781725591048598 0.802379505708813 0.829052498564124 0.860182415693999 0.893026534467935 0.90347807481885 0.911795241758227 0.916026594117284 0.918855706229806 0.919481297954917 0.918423792347312 0.916295224800706 0.920005574822426 0.925058737397194 0.933087393641472 0.938924266025424 0.939062500372529 0.939977435395122 0.941669071093202 0.943960472941399 0.946482554078102 0.949845593422651 0.952806405723095 0.953508742153644 0.953436003997922 0.952145291492343 0.952034320682287 0.952674094587564 0.955936035141349 0.959416382014751 0.95769426971674 0.956831758841872 0.95820421166718 0.959864566102624 0.961812822148204 0.964084533974528 0.96648065187037 0.964110558852553 0.961807016283274 0.96123805269599 0.962594708427787 0.966977337375283 0.968061160296202 0.967045743018389 0.968707896769047 0.970868760719895 0.972403956577182 0.972814422100782 0.9703005887568
0.644345567561686 0.647934103384614 0.6647465582937 0.696688961237669 0.738259512931109 0.763098333030939 0.784773297607899 0.809550605714322 0.831631194800139 0.846700314432383 0.86466658860445 0.885530017316341 0.903924643993378 0.921369731426239 0.926012735813856 0.929462235420942 0.930709529668093 0.932520153000951 0.935216007754207 0.937027040868998 0.938275005668402 0.94254227168858 0.947394574061036 0.951926870271563 0.955406883731484 0.956150962039828 0.955359810963273 0.953033430501819 0.954392625018954 0.957169348374009 0.959873590618372 0.962342413142323 0.963655455037951 0.96407375484705 0.963086031377316 0.963527360931039 0.964878087863326 0.963805383071303 0.962334513664246 -9999 -9999 0.956031501293182 0.957148507237434 0.959382519125938 0.96128024160862 0.963048622012138 -9999 -9999 -9999 -9999 -9999 -9999 -9999 -9999 0.971958577632904 -9999 -9999 -9999
0.67251024208963 0.670341450721025 0.700643103569746 0.732954306527972 0.766544314101339 0.799760041758418 0.83228593505919 0.8543571960181 0.87081796489656 0.87269145436585 0.882838200777769 0.901258204132318 0.919275837019086 0.937138712033629 0.940693739801645 0.943440416827798 0.94635353051126 0.94898184388876 0.951162613928318 0.952224023640156 0.952573113143444 0.954181220382452 0.956179911270738 0.960537863895297 0.963471433147788 0.962701605632901 0.961094610393047 0.958650447428226 0.958954714238644 0.960316069424152 0.961321447044611 0.962141811847687 -9999 -9999 -9999 -9999 -9999 -9999 -9999 -9999 -9999 -9999 -9999 0.961628198623657 0.962245156988502 0.963099407032132 -9999 -9999 -9999 -9999 -9999 -9999 -9999 -9999 -9999 -9999 -9999 -9999
0.739737212657928 0.749250648543238 0.773713769391179 0.805176846683025 0.841094441711903 0.86464244313538 0.885308759287 0.89904304407537 0.907524529844522 0.90234873816371 0.906186643987894 0.919038247317076 0.933170331642032 0.94779490865767 0.948392221704125 0.94855336099863 0.950659297406673 0.952842604368925 0.955147493630648 0.955743325874209 0.955251576378942 0.956066006794572 0.957187935709953 0.959096327424049 0.960061233490705 0.958573076874017 0.957828998565674 -9999 -9999 -9999 0.958302261307835 -9999 -9999 -9999 -9999 -9999 -9999 -9999 -9999 -9999 -9999 -9999 -9999 -9999 -9999 -9999 -9999 -9999 -9999 -9999 -9999 -9999 -9999 -9999 -9999 -9999 -9999 -9999
-9999 0.760958923026919 0.815529035404325 0.853001713752746 0.879594206809998 0.895515000447631 0.908944521099329 0.916306179016829 0.919540112838149 0.912041964009404 0.913843050599098 0.924943372607231 0.937730178236961 0.95116563141346 0.951132358983159 0.950814349576831 0.953034045174718 0.954752188175917 0.955682177096605 0.955743325874209 0.955251576378942 0.955728691071272 0.956490816548467 0.958803987130523 0.960061233490705 0.958573076874017 -9999 -9999 -9999 0.953797698020935 0.958302261307835 0.962276875972748 -9999 -9999 -9999 -9999 -9999 -9999 -9999 -9999 -9999 -9999 -9999 -9999 -9999 -9999 -9999 -9999 -9999 -9999 -9999 -9999 -9999 -9999 -9999 -9999 -9999 -9999
-9999 0.872264279983938 0.888655141927302 0.902779161930084 0.915460646152496 0.914009403437376 0.910144042223692 0.913289938122034 0.91326954215765 0.905016787350178 0.90539258159697 0.914396924898028 0.930936494842172 0.950374228879809 0.954067349433899 0.956668158993125 0.958438182249665 0.958958841860294 0.957516215741634 -9999 -9999 -9999 0.95631711743772 0.955503704026341 0.95491623878479 -9999 -9999 -9999 -9999 -9999 0.958302261307835 -9999 -9999 -9999 -9999 -9999 -9999 -9999 -9999 -9999 -9999 -9999 -9999 -9999 -9999 -9999 -9999 -9999 -9999 -9999 -9999 -9999 -9999 -9999 -9999 -9999 -9999 -9999
-9999 -9999 0.940189361572266 0.941897086799145 0.94469154626131 0.93879235163331 0.931806117296219 0.935898631811142 0.935421826317906 0.923064788803458 0.917736563831568 0.919437151402235 0.924385469406843 0.930582914501428 -9999 -9999 -9999 -9999 0.960398077964783 0.958744443953037 0.956038497388363 0.956657204777002 0.957844127900898 0.957386895082891 -9999 -9999 -9999 0.953590154647827 0.953590154647827 -9999 -9999 -9999 -9999 -9999 -9999 -9999 -9999 -9999 -9999 -9999 -9999 -9999 -9999 -9999 -9999 -9999 -9999 -9999 -9999 -9999 -9999 -9999 -9999 -9999 -9999 -9999 -9999 -9999
-9999 -9999 -9999 -9999 0.951728940010071 0.950949674472213 0.950117014348507 0.951026149094105 0.950450038537383 0.946012290194631 0.943273520097136 0.942233728244901 0.947368895635009 0.954879047349095 -9999 -9999 -9999 -9999 -9999 -9999 -9999 -9999 0.956243813037872 -9999 -9999 -9999 -9999 -9999 -9999 -9999 -9999 -9999 -9999 -9999 -9999 -9999 -9999 -9999 -9999 -9999 -9999 -9999 -9999 -9999 -9999 -9999 -9999 -9999 -9999 -9999 -9999 -9999 -9999 -9999 -9999 -9999 -9999 -9999
-9999 -9999 -9999 -9999 -9999 -9999 -9999 -9999 -9999 -9999 -9999 0.949444532394409 0.951821804046631 0.955113410949707 0.954217927530408 -9999 -9999 -9999 -9999 -9999 -9999 -9999 -9999 -9999 0.959113111719489 0.955906229093671 0.954302787780762 -9999 -9999 -9999 -9999 -9999 -9999 -9999 -9999 -9999 -9999 -9999 -9999 -9999 -9999 -9999 -9999 -9999 -9999 -9999 -9999 -9999 -9999 -9999 -9999 -9999 -9999 -9999 -9999 -9999 -9999 -9999
-9999 -9999 -9999 -9999 -9999 -9999 -9999 -9999 -9999 -9999 -9999 -9999 0.950015362352133 0.950805742293596 0.952133571729064 0.953266441822052 -9999 -9999 -9999 -9999 -9999 -9999 -9999 0.960003912448883 0.959113111719489 0.955906229093671 -9999 -9999 -9999 -9999 -9999 -9999 -9999 -9999 -9999 -9999 -9999 -9999 -9999 -9999 -9999 -9999 -9999 -9999 -9999 -9999 -9999 -9999 -9999 -9999 -9999 -9999 -9999 -9999 -9999 -9999 -9999 -9999
-9999 -9999 -9999 -9999 -9999 -9999 -9999 -9999 -9999 -9999 -9999 -9999 0.955930761992931 0.957963205873966 0.957362549379468 0.956608049571514 0.955858774483204 0.955400884151459 -9999 -9999 -9999 -9999 0.960501582361758 0.960773038677871 0.960893685929477 0.960622229613364 -9999 -9999 -9999 -9999 -9999 -9999 -9999 -9999 -9999 -9999 -9999 -9999 -9999 -9999 -9999 -9999 -9999 -9999 -9999 -9999 -9999 -9999 -9999 -9999 -9999 -9999 -9999 -9999 -9999 -9999 -9999 -9999
