data/dis.20102014.winter.sprattus_all.asc
NCOLS 320 
NROWS 120 
XLLCORNER 2 
YLLCORNER 53 
CELLSIZE 0.025 
NODATA_value -9999 
[rows 50 to 74 of 120, columns 116 to 173 of 320]
-9999 -9999 -9999 -9999 0.95139642432332 0.954814430326223 0.956542586907744 0.957620801404118 0.956077441573143 0.955062801018357 0.95746280811727 0.959652621299028 0.961512129753828 0.964463625103235 0.968110021203756 0.969947937875986 0.971437035128474 0.973145032301545 0.97437858581543 0.97437858581543 0.974705262109637 0.975358614698052 0.974947333335876 0.974126577377319 0.975119274109602 0.975977620109916 0.975630844011903 0.97520112991333 0.97464108467102 0.974066041409969 0.973481453955173 0.972660692408681 0.971806125715375 0.97117986343801 0.970558267086744 0.969948802143335 0.96959176659584 0.96948716044426 0.969205861911178 0.968856604769826 0.968822097405791 0.968588946387172 0.967270003631711 0.966750908643007 0.967488717287779 0.967781215906143 0.967790335416794 0.968829842284322 0.96997975744307 0.969503296539187 0.969069629907608 0.968747228384018 0.967811154201627 0.966261407360434 0.964801689609885 0.96337659843266 0.965499186888337 0.967204697430134
-9999 -9999 0.947909267619252 0.949094703420996 0.948928523808718 0.947410728782415 0.947259739041328 0.947634443640709 0.947611594572663 0.947895411401987 0.949829485267401 0.952498005703092 0.956320656463504 0.961859658360481 0.968490883708 0.971768649294972 0.974272387102246 0.975019415840506 0.975482242181897 0.975206142291427 0.975112348794937 0.975200861692429 0.974956983700395 0.974585263058543 0.975215770304203 0.975764617323875 0.975610390305519 0.974884372204542 0.973259825259447 0.972393682226539 0.972010159865022 0.971649380400777 0.971289044246078 0.970858918502927 0.970352228730917 0.969646472483873 0.969142351299524 0.96883986517787 0.968266008421779 0.96758777834475 0.96750364638865 0.967476544901728 0.967559861019254 0.967565232887864 0.967448120936751 0.967536391690373 0.967755360528826 0.967154635116458 0.966463526710868 0.967022867873311 0.967486338689923 0.967700546607375 0.967784080654383 0.967736940830946 0.966325998306274 0.964390516281128 0.96556630730629 0.966615073382854
-9999 -9999 0.947301788255572 0.946082288399339 0.945115402340889 0.944401130080223 0.948990607634187 0.955619988963008 0.957842176780105 0.959635557606816 0.960581136867404 0.961724732071161 0.963179495185614 0.966809811070561 0.971824569627643 0.972824340686202 0.973089696839452 0.974520957097411 0.975601639598608 0.975770819932222 0.975140852853656 0.973711738362908 0.973136568441987 0.97288983874023 0.973776524886489 0.974456643685698 0.973770568147301 0.972996274009347 0.972083350643515 0.971077652648091 0.970012916252017 0.969539215788245 0.969249444082379 0.970076939091086 0.970383629202843 0.969336226582527 0.968433562666178 0.967675637453794 0.966206438839435 0.964463673532009 0.964303048327565 0.964439053088426 0.965592872351408 0.965914990752935 0.964930150657892 0.964658413082361 0.964840468019247 0.965054765343666 0.965291669592261 0.965803267434239 0.966281896457076 0.966674806550145 0.966439409181476 0.965575704351068 0.964777257293463 0.964003909379244 0.965916162356734 0.967486355453729
-9999 -9999 0.947979288175702 0.949198788031935 0.950166529044509 0.950882511213422 0.955491609871387 0.961598061025143 0.964483330026269 0.966729819774628 0.966729819774628 0.967197263613343 0.968399262055755 0.970869433134794 0.974146623164415 0.974034367129207 0.973354510962963 0.974549569189548 0.975286789238453 0.974833630025387 0.97360254637897 0.971593538299203 0.97074251063168 0.97033686004579 0.971228808164597 0.971946315839887 0.971409974619746 0.970896072685718 0.970417432487011 0.969576708972454 0.968505568802357 0.968327045440674 0.968357026576996 0.968896687030792 0.968847882002592 0.967269066721201 0.965921709313989 0.964805809780955 0.963236641138792 0.961493138223886 0.961574455723166 0.961757969111204 0.961915750056505 0.961995886638761 0.961954010650515 0.961927644908428 0.961911149322986 0.963116735219955 0.964493483304977 0.964624911546707 0.964958380907774 0.965817157179117 0.965406494215131 0.963726392015815 0.965043619275093 0.967513665556908 0.966644451022148 0.965814787894487
-9999 -9999 0.946380735374987 0.944713155739009 0.945486176759005 0.948699798434973 0.953073676675558 0.957893807440996 0.962517457082868 0.966351071372628 0.966292297467589 0.966868760064244 0.968443451449275 0.969911886379123 0.971312703564763 0.971739739179611 0.971944954246283 0.971690077334642 0.971432341262698 0.971167171373963 0.970360262319446 0.969011614099145 0.968782905489206 0.968984942883253 0.969774428755045 0.970296755433082 0.969310507178306 0.968707799911499 0.968707799911499 0.9672857131809 0.964958662167191 0.965208711102605 0.965825198218226 0.963908994570374 0.962561884894967 0.962694419547915 0.962606325745583 0.962297603487968 0.961436672136187 0.960363352671265 0.96085605584085 0.961183475330472 0.960223881527781 0.959716163575649 0.959918536245823 0.960367986932397 0.960974669083953 0.962498527020216 0.964173113927245 0.965291695669293 0.966160589829087 0.96638029627502 0.96550490707159 0.9635344222188 0.965291233733296 0.968481620773673 0.96692767739296 0.965431747958064
-9999 -9999 -9999 -9999 -9999 0.95474636554718 0.957117753103375 0.960401212796569 0.962772879749537 0.964723454788327 0.964836744591594 0.965523337945342 0.967110836878419 0.968423126265406 0.969560282304883 0.969976175576448 0.970244804397225 0.970462230965495 0.970475958660245 0.969960069283843 0.969222512096166 0.968263287097216 0.967907678335905 0.967784229665995 0.968628905713558 0.969136575236917 0.967674469575286 0.966130886226892 0.964459266513586 0.963603809475899 0.963267728686333 0.962505986914039 0.96163228712976 0.960302548483014 0.959334749728441 0.959307994693518 0.959874292835593 0.961033644154668 0.960060894489288 0.958268105983734 0.95885519310832 0.959494145587087 0.959692461416125 0.959500534459949 0.95869536884129 0.959135940298438 0.960369253531098 0.962081145495176 0.963753623887897 0.963128903880715 0.962601209059358 0.962325779721141 0.962324187159538 0.96259643137455 0.964408274739981 0.966812271624804 0.965561054646969 0.964354529976845
-9999 -9999 -9999 -9999 -9999 -9999 -9999 0.965153217315674 0.964060364291072 0.963209249079227 0.963888250291348 0.964944925159216 0.966595087200403 0.967252962291241 0.967279382050037 0.967711737379432 0.968249855563044 0.96920576132834 0.969795312732458 0.969432342797518 0.969066573306918 0.968698004260659 0.967498809099197 0.965980142354965 0.965737257152796 0.965301482006907 0.963526027277112 0.962413502857089 0.962342726066708 0.962211035192013 0.962040580809116 0.960564002394676 0.958908079192042 0.958644116297364 0.958419958129525 0.958299292251468 0.958239495754242 0.958240568637848 0.957802513614297 0.957195563241839 0.957653474062681 0.958272539079189 0.959384180605411 0.959364822134375 0.957568177953362 0.957321410998702 0.95806092955172 0.959572952240705 0.9611313957721 0.960852479562163 0.960728544741869 0.961007561534643 0.962171891704202 0.964221535250544 0.964727003127337 0.96463855728507 0.964300781488419 0.963833495974541
-9999 -9999 -9999 -9999 -9999 -9999 -9999 -9999 0.961830139160156 0.961969966068864 0.96280892752111 0.963322656229138 0.963325304910541 0.963352704420686 0.963395854458213 0.964968087151646 0.966740399599075 0.966715186834335 0.966260829940438 0.964690698310733 0.964410172775388 0.965419253334403 0.963326688855886 0.960041183978319 0.96074859984219 0.961442934349179 0.960897473618388 0.960605025291443 0.960710167884827 0.960270710289478 0.959484688937664 0.958438130095601 0.957383224740624 0.95707225613296 0.95703654922545 0.957716522738337 0.958046484738588 0.958026435226202 0.95679728873074 0.955103104934096 0.955129848793149 0.955385563895106 0.956279980018735 0.956752430647612 0.956561792641878 0.956702155992389 0.9570531565696 0.957756392657757 0.958463361486793 0.958036186173558 0.958642732352018 0.961936954408884 0.964229170233011 0.9655193798244 0.964899219572544 0.963544301688671 0.962946081534028 0.962528020143509
-9999 -9999 -9999 -9999 -9999 -9999 -9999 -9999 -9999 0.961969966068864 0.96280892752111 0.962513785809278 0.96043648198247 0.957681234925985 0.954494569450617 0.956701351329684 0.959824087098241 0.960180317983031 0.96060175076127 0.961192708462477 0.960956120863557 0.959891987964511 0.958447398617864 0.956856479868293 0.957618331536651 0.95801561139524 0.955898040905595 0.954603970050812 0.954603970050812 0.954516153782606 0.954372454434633 0.95471965521574 0.955189036205411 0.956066420301795 0.956489393487573 0.955730898305774 0.954848786816001 0.953843059018254 0.952559592202306 0.951169302687049 0.941929964348674 0.935486683622002 0.945332234725356 0.952204991132021 0.954406213015318 0.955316068604588 0.955404145643115 0.956153862178326 0.957003423944116 0.957300780341029 0.958660850301385 0.96278397552669 0.964882854372263 0.964957486838102 0.964661106467247 0.964222028851509 0.964705446735024 0.965195782482624
-9999 -9999 -9999 -9999 -9999 -9999 -9999 -9999 -9999 -9999 -9999 -9999 -9999 0.956503009423613 0.951388338580727 0.953390154987574 0.956654353067279 0.957182982936501 0.957894561812281 0.959081808105111 0.959348570555449 0.958694849163294 0.956687422469258 0.954159339889884 0.955302018672228 0.956212902441621 0.954885175451636 0.954042794182896 0.953963099047542 0.952552288770676 0.950294405221939 0.94919903576374 0.948465017601848 0.949921423569322 0.951365396380424 0.952777042984962 0.953114598989487 0.952378064393997 0.951159905642271 0.949756506830454 0.940321605652571 0.933742459863424 0.943804297596216 0.950862882658839 0.95320207066834 0.953292908146977 0.951952977105975 0.952631436288357 0.953878965228796 0.957938153296709 0.961422873660922 0.963413977995515 0.964329399168491 0.964169137179851 0.96432739123702 0.964608151465654 0.965318858623505 0.966008538380265
-9999 -9999 -9999 -9999 -9999 -9999 -9999 -9999 -9999 -9999 -9999 -9999 -9999 -9999 -9999 -9999 0.949245736002922 0.950396671891212 0.951665652915835 0.953241551294923 0.955089224502444 0.9572086725384 0.954760802909732 0.950556272640824 0.95112469792366 0.951504649594426 0.949538422748446 0.948340438306332 0.948349691927433 0.947054835036397 0.944930089637637 0.944921299815178 0.945376209914684 0.946519769728184 0.947668684646487 0.948831522837281 0.945995723828673 0.939161287620664 0.93733324855566 0.937430746853351 0.928605563938618 0.920579824596643 0.919175621122122 0.921128652989864 0.928357340395451 0.930065978318453 0.928261857479811 0.940377004444599 0.954726038500666 0.959725642576813 0.963506639003754 0.964119255542755 0.964509785175323 0.964678227901459 0.964982343837619 0.965338641777635 0.965728726238012 0.96609859727323
-9999 -9999 -9999 -9999 -9999 -9999 -9999 -9999 -9999 -9999 -9999 -9999 -9999 -9999 -9999 -9999 -9999 -9999 -9999 0.952692329883575 0.95314403064549 0.954047432169318 0.952815076336265 0.950761275365949 0.951596142724156 0.952024731785059 0.949572321027517 0.947957986965775 0.947660630568862 0.946540616452694 0.944897092878819 0.945602374151349 0.946774031966925 0.947888154536486 0.948908437043428 0.949684735387564 0.946292025968433 0.938730308786035 0.936190534383059 0.935582276433706 0.927395673468709 0.920068504288792 0.919267429038882 0.921492215245962 0.928471926599741 0.930022969841957 0.928119406104088 0.942831931635738 0.959983071312308 0.962095947936177 0.963767824694514 0.964293101802468 0.964825637638569 0.965365432202816 0.965354058891535 0.96513069793582 0.966362627223134 0.967357648536563
-9999 -9999 -9999 -9999 -9999 -9999 -9999 -9999 -9999 -9999 -9999 -9999 -9999 -9999 -9999 -9999 -9999 -9999 -9999 -9999 -9999 0.951846659183502 0.950970074161887 0.949756341055035 0.95086301676929 0.951923120766878 0.952067892998457 0.951959600672126 0.951453635469079 0.949096091091633 0.945560269057751 0.946149321272969 0.946914553642273 0.936650276184082 0.926823366433382 0.918133612722159 0.912418881431222 0.909679172560573 0.911043414846063 0.913986099883914 0.910135889425874 0.910134548321366 0.931375464424491 0.945563638582826 0.948668932542205 0.947974974289536 0.944863310083747 0.952470703050494 0.961746973916888 0.962949374690652 0.963821453973651 0.963834697380662 0.964743597432971 0.966548154130578 0.966073725372553 0.964722763746977 0.965018950402737 0.965220149606466
-9999 -9999 -9999 -9999 -9999 -9999 -9999 -9999 -9999 -9999 -9999 -9999 -9999 -9999 -9999 -9999 -9999 -9999 -9999 -9999 -9999 -9999 0.95090539753437 0.949602112174034 0.949115339666605 0.949002306908369 0.950517822057009 0.951313246041536 0.950977098196745 0.948604682460427 0.944936459884048 0.94597808457911 0.947320979088545 0.9377719797194 0.928791152313352 0.921287572011352 0.914659766480327 0.908907735720277 0.910752847790718 0.915519937872887 0.913176564499736 0.914451759308576 0.935911107808352 0.950282940641046 0.953517248854041 0.952344188466668 0.94836643896997 0.953484563156963 0.960139472037554 0.961993750184774 0.963298054412007 0.963172426447272 0.963583324104548 0.964530747383833 0.963537799194455 0.961798554286361 0.962678793817759 0.96327556297183
-9999 -9999 -9999 -9999 -9999 -9999 -9999 -9999 -9999 -9999 -9999 -9999 -9999 -9999 -9999 -9999 -9999 -9999 -9999 -9999 -9999 -9999 -9999 -9999 0.949115339666605 0.949010772630572 0.950577082112431 0.950923534110188 0.949353067204356 0.946242783218622 0.942152615636587 0.933479446917772 0.924560723826289 0.927049780264497 0.929271761327982 0.930799346417189 0.931039270013571 0.929991532117128 0.936214938759804 0.945234939455986 0.953190395608544 0.95992867462337 0.960894169285893 0.961529580876231 0.961646290495992 0.955017272382974 0.944095518440008 0.948079582303762 0.95478580892086 0.957089021801949 0.959202505648136 0.960822694003582 0.961575590074062 0.961461193859577 0.960544139146805 0.959318369626999 0.958061346784234 0.957105742767453
-9999 -9999 -9999 -9999 -9999 -9999 -9999 -9999 -9999 -9999 -9999 -9999 -9999 -9999 -9999 -9999 -9999 -9999 -9999 -9999 -9999 -9999 -9999 -9999 -9999 -9999 -9999 -9999 0.943826675415039 0.942720243707299 0.940909719094634 0.93444324284792 0.927552666515112 0.929282624274492 0.931368878111243 0.934381501749158 0.936007875949144 0.936248000711203 0.941687487065792 0.949126727879047 0.955950813367963 0.961793938651681 0.962913190945983 0.963469844311476 0.963142413645983 0.956327499821782 0.945384187623858 0.947726331651211 0.952660210430622 0.956483028829098 0.959416639059782 0.960038308054209 0.960578253492713 0.961036475375295 0.959274867549539 0.956659479066729 0.95584699884057 0.955510465428233
-9999 -9999 -9999 -9999 -9999 -9999 -9999 -9999 -9999 -9999 -9999 -9999 -9999 -9999 -9999 -9999 -9999 -9999 -9999 -9999 -9999 -9999 -9999 -9999 -9999 -9999 -9999 -9999 -9999 -9999 0.953388452529907 0.955663049593568 0.958278154954314 0.958948271349072 0.959460640326142 0.959562866017222 0.959268074482679 0.958576265722513 0.958351770415902 0.958307011052966 0.961480615660548 0.96432832814753 0.964600002393126 0.964669123291969 0.964419946074486 0.956713926047086 0.944262642413378 0.946634838357568 0.951892103999853 0.955795723944902 0.95842513628304 0.957741608843207 0.957985404878855 0.959156524389982 0.958232712000608 0.95650315657258 0.956926755607128 0.957440499216318
-9999 -9999 -9999 -9999 -9999 -9999 -9999 -9999 -9999 -9999 -9999 -9999 -9999 -9999 -9999 -9999 -9999 -9999 -9999 -9999 -9999 -9999 -9999 -9999 -9999 -9999 -9999 -9999 -9999 -9999 -9999 -9999 0.957111170515418 0.957497240975499 0.9573630746454 0.955876292660832 0.955232411623001 0.955431431531906 0.956296395510435 0.957417491823435 0.960592187941074 0.963422795757651 0.963928962126374 0.963996382430196 0.96337434463203 0.955899380147457 0.94406346231699 0.945773649960756 0.950214251875877 0.955015137791634 0.958416301757097 0.9581781886518 0.958503272384405 0.959391552954912 0.958300041034818 0.956447070464492 0.957306172698736 0.958043674007058
-9999 -9999 -9999 -9999 -9999 -9999 -9999 -9999 -9999 -9999 -9999 -9999 -9999 -9999 -9999 -9999 -9999 -9999 -9999 -9999 -9999 -9999 -9999 -9999 -9999 -9999 -9999 -9999 -9999 -9999 -9999 -9999 0.957111170515418 0.957497240975499 0.956862581893802 0.95357402600348 0.952258989214897 0.952917471528053 0.953025367110968 0.952921498566866 0.954335173591971 0.955640509724617 0.955957815051079 0.956279553472996 0.956608258187771 0.951832821592688 0.943809295073151 0.947756076231599 0.953788958489895 0.954586513340473 0.955415546894073 0.956326425075531 0.95748639665544 0.958895461633801 0.957376159727573 0.954730562865734 0.954980758950114 0.955182801932096
-9999 -9999 -9999 -9999 -9999 -9999 -9999 -9999 -9999 -9999 -9999 -9999 -9999 -9999 -9999 -9999 -9999 -9999 -9999 -9999 -9999 -9999 -9999 -9999 -9999 -9999 -9999 -9999 -9999 -9999 -9999 -9999 -9999 -9999 -9999 -9999 0.951590314507484 0.950911447405815 0.949716910719872 0.948324039578438 0.950918262824416 0.953442797064781 0.954446211457252 0.954550111666322 0.953240489587188 0.949088210240006 0.943126967176795 0.947860864922404 0.954481730237603 0.956817565485835 0.958526676520705 0.958606304600835 0.95899198949337 0.959683731198311 0.957083817571401 0.953217882663011 0.953724879771471 0.954038446769118
-9999 -9999 -9999 -9999 -9999 -9999 -9999 -9999 -9999 -9999 -9999 -9999 -9999 -9999 -9999 -9999 -9999 -9999 -9999 -9999 -9999 -9999 -9999 -9999 -9999 -9999 -9999 -9999 -9999 -9999 -9999 -9999 -9999 -9999 -9999 -9999 -9999 -9999 -9999 0.953919529914856 0.954478353261948 0.954811098054051 0.953849090263247 0.953508667647839 0.954145021736622 0.954220650717616 0.953939454630017 0.955723335966468 0.957855235785246 0.958882186561823 0.959369845688343 0.958455346524715 0.957930589094758 0.957795573398471 0.956180211156606 0.953995484858751 0.954992739483714 0.955983279272914
-9999 -9999 -9999 -9999 -9999 -9999 -9999 -9999 -9999 -9999 -9999 -9999 -9999 -9999 -9999 -9999 -9999 -9999 -9999 -9999 -9999 -9999 -9999 -9999 -9999 -9999 -9999 -9999 -9999 -9999 -9999 -9999 -9999 -9999 -9999 -9999 -9999 -9999 -9999 -9999 -9999 -9999 0.951797962188721 0.951841119676828 0.95195209607482 0.95199523307383 0.951995199546218 0.95356029085815 0.955407107248902 0.956721825525164 0.957296673208475 0.955947857350111 0.954957099631429 0.954324400052428 0.953545518219471 0.952710412442684 0.953004226088524 0.953544517979026
-9999 -9999 -9999 -9999 -9999 -9999 -9999 -9999 -9999 -9999 -9999 -9999 -9999 -9999 -9999 -9999 -9999 -9999 -9999 -9999 -9999 -9999 -9999 -9999 -9999 -9999 -9999 -9999 -9999 -9999 -9999 -9999 -9999 -9999 -9999 -9999 -9999 -9999 -9999 -9999 -9999 -9999 -9999 0.948707177303731 0.950449959374964 0.951479136943817 0.95205420255661 0.953193761408329 0.954486101865768 0.956456452608108 0.95815304107964 0.959137847647071 0.958860356360674 0.957320567220449 0.956158474087715 0.955141648650169 0.956471957266331 0.957450063899159
-9999 -9999 -9999 -9999 -9999 -9999 -9999 -9999 -9999 -9999 -9999 -9999 -9999 -9999 -9999 -9999 -9999 -9999 -9999 -9999 -9999 -9999 -9999 -9999 -9999 -9999 -9999 -9999 -9999 -9999 -9999 -9999 -9999 -9999 -9999 -9999 -9999 -9999 -9999 -9999 -9999 -9999 -9999 0.947351680137217 0.945608898065984 0.946033155545592 0.947836438193917 0.949588088318706 0.95142556913197 0.954897722229361 0.957583103328943 0.95822287723422 0.957922704517841 0.956682585179806 0.954507015645504 0.951971657574177 0.954379359260201 0.956410529091954
-9999 -9999 -9999 -9999 -9999 -9999 -9999 -9999 -9999 -9999 -9999 -9999 -9999 -9999 -9999 -9999 -9999 -9999 -9999 -9999 -9999 -9999 -9999 -9999 -9999 -9999 -9999 -9999 -9999 -9999 -9999 -9999 -9999 -9999 -9999 -9999 -9999 -9999 -9999 -9999 -9999 -9999 -9999 -9999 -9999 0.943132923915982 0.940190372988582 0.943581802770495 0.948183186352253 0.951818250119686 0.95430639013648 0.953812528401613 0.952287575230002 0.949731530621648 0.947402738034725 0.94516135007143 0.947860583662987 0.9508335608989
