data/dis.20102014.winter.merlangus_min.asc
NCOLS 320 
NROWS 120 
XLLCORNER 2 
YLLCORNER 53 
CELLSIZE 0.025 
NODATA_value -9999 
[rows 50 to 74 of 120, columns 116 to 173 of 320]
-9999 -9999 -9999 -9999 0.989962995052338 0.989940464496613 0.989244677126408 0.988289944827556 0.98903096653521 0.989671310409904 0.989309513941407 0.989106956869364 0.989154633134603 0.988924764096737 0.98851827532053 0.987369820475578 0.986149817705154 0.986236184835434 0.986298561096191 0.986298561096191 0.986376663669944 0.986532868817449 0.986685829237103 0.986837541684508 0.986871998757124 0.986925235018134 0.987106854096055 0.987498953938484 0.988221809267998 0.988491076976061 0.988471698015928 0.988074630498886 0.987642671912908 0.987901706248522 0.98815081268549 0.988374106585979 0.98806980997324 0.987237922847271 0.986879136413336 0.986702311784029 0.986411651596427 0.986180054023862 0.986277250573039 0.986256930977106 0.986051943153143 0.985538471490145 0.984828691929579 0.983940294012427 0.983028531074524 0.982326865196228 0.981807719916105 0.981763128191233 0.981729315593839 0.981706282123923 0.981773229315877 0.981874784454703 0.977271400392056 0.972909664735198
-9999 -9999 0.990167303942144 0.990038608200848 0.990037761628628 0.990164764225483 0.98957758769393 0.988715726882219 0.989505542442203 0.99020498432219 0.989966770634055 0.989635813981295 0.989159118384123 0.988709468394518 0.988277029246092 0.9872717987746 0.986191134899855 0.985775593668222 0.985495503991842 0.985567588359118 0.985567504540086 0.985495252534747 0.985821908339858 0.986301990225911 0.986384676769376 0.986428329721093 0.986393695697188 0.986562553793192 0.98705118522048 0.987145278602839 0.986988302320242 0.98657064884901 0.986149590462446 0.986556950956583 0.986989885568619 0.987489312887192 0.987431477755308 0.986816380172968 0.986511081457138 0.986324936151505 0.986000034958124 0.985762313008308 0.986001297831535 0.985935468226671 0.985390644520521 0.985017765313387 0.984754305332899 0.983725130558014 0.982557622715831 0.981641883030534 0.980942079797387 0.980803711339831 0.980719892308116 0.980690622702241 0.981169879436493 0.98184472322464 0.97846144810319 0.974857643246651
-9999 -9999 0.990062077529728 0.990308589302003 0.990633865818381 0.991037907078862 0.990395886823535 0.989351535215974 0.989412797614932 0.989494247362018 0.989351453259587 0.989090491086244 0.98864383623004 0.987953156232834 0.987107187509537 0.986386891454458 0.985722297802567 0.985577357932925 0.985395779833197 0.985118942335248 0.985091483220458 0.985313402488828 0.985570529475808 0.985841197893023 0.985597753897309 0.985373767092824 0.985398275777697 0.985106548294425 0.984317878261208 0.984834220260382 0.986181024461985 0.986091142520308 0.985717739909887 0.985409218817949 0.985443256795406 0.98636794835329 0.986682806164026 0.986387830227613 0.986404590308666 0.986541248857975 0.986124688759446 0.985684365034103 0.985287934541702 0.984922235831618 0.984604829922318 0.984312748536468 0.984036782756448 0.982508700340986 0.980807980522513 0.98042962141335 0.980091542005539 0.979858189821243 0.978426141664386 0.975795397534966 0.976664189249277 0.978878956288099 0.975427815690637 0.971418891102076
-9999 -9999 0.989925126545131 0.989678614772856 0.989758050069213 0.990163432434201 0.989425096660852 0.988246869295835 0.988156681880355 0.988134860992432 0.988134860992432 0.988063944503665 0.987881587818265 0.987046448513865 0.985795902088284 0.985441744327545 0.985261168330908 0.984983760863542 0.984782163053751 0.984777670353651 0.984778843820095 0.984785683453083 0.984874125570059 0.984993953257799 0.984884304925799 0.984685860574245 0.984110929071903 0.983532438054681 0.982948353514075 0.983640698716044 0.985145317390561 0.985396087169647 0.985409459099173 0.985650153830647 0.98587379604578 0.986053101718426 0.98605078831315 0.985866855829954 0.985782565549016 0.985736599192023 0.985660107806325 0.98538514226675 0.984126783907413 0.983449760824442 0.98368626460433 0.983160492032766 0.982149634510279 0.980932805687189 0.979720147326589 0.97927868925035 0.978752546012401 0.978006221354008 0.97659869864583 0.974529977887869 0.97388600744307 0.97379001788795 0.970641937106848 0.967348279431462
-9999 -9999 0.989980857819319 0.990187857300043 0.990472171455622 0.990833800286054 0.990822479128838 0.990667715668678 0.9901520665735 0.989624163135886 0.989141130819917 0.988711765035987 0.988366732373834 0.987645806744695 0.986685676500201 0.985650695860386 0.984647328034043 0.984435869380832 0.984147688373923 0.983660029247403 0.984126968309283 0.985548505559564 0.984854770824313 0.983347469940781 0.982689486816525 0.982337357476354 0.98326469771564 0.983831405639648 0.983831405639648 0.984205147251487 0.984816724434495 0.984594944864511 0.984283350408077 0.985278315842152 0.985952775925398 0.985793922096491 0.985412042587995 0.984807137399912 0.984705697745085 0.984797898679972 0.984610402956605 0.984323713928461 0.983623322099447 0.982976974919438 0.982415555045009 0.981716530397534 0.980929939076304 0.978381751105189 0.975556982681155 0.974019775167107 0.97306108660996 0.973606547340751 0.973101738840342 0.971546661108732 0.970829280093312 0.97043409012258 0.966745870187879 0.963036006316543
-9999 -9999 -9999 -9999 -9999 0.9903843998909 0.989901129156351 0.98923198506236 0.988086061552167 0.987145869061351 0.987374560907483 0.987248318269849 0.986564321443439 0.985846804454922 0.985107956454158 0.983731608837843 0.982320630922913 0.982488436624408 0.982520474120974 0.98219951428473 0.982768192887306 0.984226509928703 0.983534710481763 0.982015943154693 0.981765167787671 0.981754075735807 0.982568461447954 0.983077863231301 0.983108004555106 0.983579624444246 0.9843321852386 0.984403716400266 0.98435927182436 0.984658740460873 0.984830468893051 0.984670072793961 0.984272971749306 0.983639165759087 0.983568102121353 0.98371347784996 0.983577067032456 0.983288651332259 0.98232308961451 0.98166630603373 0.981494745239615 0.980792824178934 0.979753401130438 0.976738084107637 0.973478680476546 0.972787844017148 0.972094483673573 0.971394561231136 0.970092734321952 0.968189002946019 0.966479616239667 0.964844977483153 0.96199662052095 0.959054885432124
-9999 -9999 -9999 -9999 -9999 -9999 -9999 0.987500846385956 0.986618058755994 0.98568595200777 0.984766893088818 0.984253162518144 0.984376376494765 0.984599208459258 0.98488543368876 0.984060721471906 0.98301032744348 0.981900529935956 0.981134250760078 0.981261119246483 0.981173058971763 0.980870069935918 0.980931386351585 0.981132820248604 0.981049459427595 0.981228832155466 0.982805635780096 0.983442870900035 0.982603641226888 0.982628047466278 0.983202040195465 0.983895670622587 0.984576877206564 0.98464011028409 0.984526867046952 0.983954785391688 0.983579996973276 0.983402501791715 0.983208080753684 0.983007149770856 0.982594633474946 0.982066774740815 0.981024434790015 0.980282176285982 0.980011474341154 0.979050105437636 0.977649221196771 0.977009860798717 0.976375507190823 0.97323708795011 0.970513675361872 0.968869280070066 0.967112550511956 0.965243486687541 0.965187450870871 0.96582873351872 0.962421871721745 0.959153158590198
-9999 -9999 -9999 -9999 -9999 -9999 -9999 -9999 0.984263181686401 0.984163040295243 0.983562191948295 0.983095588162541 0.98283994011581 0.983021775260568 0.98348200879991 0.983244700357318 0.982812210917473 0.981433287262917 0.980344517156482 0.980010146275163 0.979635944589972 0.979221912100911 0.979224923998117 0.97938833758235 0.979094920679927 0.97916093096137 0.981158439069986 0.982214070856571 0.981789611279964 0.982298409566283 0.983401099219918 0.983360497280955 0.983108835294842 0.983156343922019 0.983104396611452 0.982793863862753 0.98267051577568 0.982734352350235 0.982221668586135 0.981487246230245 0.980705611407757 0.979965567588806 0.979447364807129 0.978921573609114 0.978383857756853 0.97803253121674 0.977799816057086 0.976565407589078 0.975056823343039 0.972293008118868 0.969397224485874 0.96615832298994 0.964187268167734 0.963484060019255 0.96367041580379 0.964198911562562 0.960450293496251 0.957212872803211
-9999 -9999 -9999 -9999 -9999 -9999 -9999 -9999 -9999 0.984163040295243 0.983562191948295 0.982943220064044 0.982295768335462 0.982429422438145 0.983060143887997 0.983078008517623 0.98291615396738 0.981782786548138 0.980662168934941 0.979574700817466 0.978812048211694 0.978374211117625 0.979456650093198 0.981123810634017 0.98098904453218 0.980783838778734 0.980756413191557 0.980739653110504 0.980739653110504 0.981306586414576 0.982234295457601 0.982172856107354 0.981939923018217 0.982154700905085 0.982263224199414 0.982095485553145 0.981724921613932 0.981151532381773 0.981182558462024 0.981446051970124 0.981559390202165 0.981431225314736 0.980139708146453 0.978984352201223 0.978042963892221 0.977608352899551 0.977496236562729 0.976192995905876 0.974626155570149 0.972627943381667 0.970130793750286 0.966336406767368 0.964176876470446 0.963652202859521 0.961730552837253 0.959271604195237 0.954988500103355 0.951464049518108
-9999 -9999 -9999 -9999 -9999 -9999 -9999 -9999 -9999 -9999 -9999 -9999 -9999 0.982015829533339 0.981969762593508 0.981809450313449 0.981602279469371 0.980986947193742 0.980212302878499 0.97902344726026 0.978309493511915 0.978070441633463 0.979042787104845 0.980481054633856 0.980403678491712 0.980301212519407 0.980519074946642 0.980731396004557 0.9809350091964 0.981029579415917 0.981054758653045 0.980371220037341 0.97961019910872 0.979941619560122 0.980352370068431 0.980969378724694 0.981057874858379 0.980617858469486 0.98064379952848 0.980848954990506 0.980680368840694 0.98039655201137 0.979646505787968 0.978807197883725 0.977827621623873 0.977050395682454 0.976401938125491 0.974271839484572 0.971854150295258 0.969585001468658 0.967206086963415 0.964541781693697 0.962553443387151 0.961241072043776 0.958866488188505 0.956083361059427 0.953900823369622 0.952195547521114
-9999 -9999 -9999 -9999 -9999 -9999 -9999 -9999 -9999 -9999 -9999 -9999 -9999 -9999 -9999 -9999 0.981214329600334 0.981202259659767 0.981121206656098 0.980860797688365 0.979789456352592 0.977907182648778 0.978822905570269 0.980814781039953 0.980916479602456 0.980983182787895 0.981430843472481 0.98173239454627 0.981804344803095 0.981335444375873 0.980522366240621 0.979416619986296 0.978359194472432 0.979118293151259 0.979871599003673 0.980609843507409 0.981129739433527 0.981431286782026 0.981516115367413 0.981517590582371 0.980937855318189 0.980425452813506 0.980420658364892 0.980056952685118 0.979129243642092 0.978359444066882 0.977690132334828 0.973762188106775 0.969147281721234 0.963933369144797 0.959956374019384 0.959195364266634 0.958052139729261 0.956526700407267 0.956011775881052 0.955885510891676 0.955985555425286 0.95562102086842
-9999 -9999 -9999 -9999 -9999 -9999 -9999 -9999 -9999 -9999 -9999 -9999 -9999 -9999 -9999 -9999 -9999 -9999 -9999 0.980231463909149 0.979237705469131 0.977250188589096 0.978118419647217 0.980085015296936 0.980330176651478 0.98053677380085 0.981056854128838 0.981331354007125 0.981219941750169 0.980518791824579 0.979442354291678 0.977110112085938 0.974773291498423 0.976628374308348 0.978331930935383 0.979641519486904 0.98042794317007 0.980691201984882 0.980345275253057 0.979765046387911 0.979865550994873 0.979963038116693 0.979845222085714 0.979778204113245 0.979791011661291 0.978938933461905 0.977536473423243 0.972659211605787 0.967091660946608 0.96160352602601 0.95750249363482 0.957007927820086 0.956554885953665 0.956143368035555 0.955362871289253 0.954440459609032 0.954610932618379 0.954249918460846
-9999 -9999 -9999 -9999 -9999 -9999 -9999 -9999 -9999 -9999 -9999 -9999 -9999 -9999 -9999 -9999 -9999 -9999 -9999 -9999 -9999 0.978145182132721 0.978785507380962 0.979672111570835 0.979485146701336 0.979416655376553 0.980256287381053 0.980568824335933 0.980053069069981 0.979236083105206 0.978227404877543 0.976364973932505 0.974552070721984 0.976483898237348 0.978307636454701 0.97985034249723 0.980722077190876 0.980922840535641 0.98045957274735 0.979740908369422 0.980078112334013 0.980049479752779 0.977881114929914 0.975802989676595 0.973866669461131 0.97323827072978 0.973442185670137 0.969636924564838 0.964986743405461 0.959604119881988 0.955960052087903 0.95683622919023 0.95618661493063 0.954011209309101 0.952913828194141 0.9522310718894 0.952635753899813 0.952836338430643
-9999 -9999 -9999 -9999 -9999 -9999 -9999 -9999 -9999 -9999 -9999 -9999 -9999 -9999 -9999 -9999 -9999 -9999 -9999 -9999 -9999 -9999 0.978485902771353 0.97895766980946 0.979402933269739 0.97972771525383 0.979457885026932 0.979007145389914 0.978272119536996 0.977908151224256 0.977780310437083 0.975724520161748 0.97348777204752 0.974729768931866 0.975989274680614 0.97729430347681 0.978007217869162 0.978128017857671 0.977391289547086 0.976324742659926 0.976975925266743 0.977192334830761 0.974729664623737 0.972525887191295 0.970728941261768 0.970285115763545 0.970702366903424 0.967595307156443 0.96373418904841 0.95903673581779 0.955996245145798 0.957263857126236 0.956123733893037 0.9525758754462 0.951202711090445 0.950665967538953 0.950919708237052 0.950921976938844
-9999 -9999 -9999 -9999 -9999 -9999 -9999 -9999 -9999 -9999 -9999 -9999 -9999 -9999 -9999 -9999 -9999 -9999 -9999 -9999 -9999 -9999 -9999 -9999 0.979402933269739 0.979581903666258 0.978437203913927 0.977950297296047 0.978497065603733 0.978108445182443 0.977124577388167 0.975883608683944 0.974612738937139 0.973707694560289 0.973034186288714 0.972962671890855 0.97274760901928 0.972388997673988 0.972074408084154 0.971776749938726 0.96762746013701 0.96364202722907 0.961608711630106 0.960294248536229 0.96010941080749 0.963759005069733 0.969848692417145 0.968748020008206 0.966229977086186 0.964063858613372 0.962004348635673 0.960222020745277 0.958376124501228 0.956466659903526 0.952968513593078 0.948859335854649 0.951056489720941 0.952456893399358
-9999 -9999 -9999 -9999 -9999 -9999 -9999 -9999 -9999 -9999 -9999 -9999 -9999 -9999 -9999 -9999 -9999 -9999 -9999 -9999 -9999 -9999 -9999 -9999 -9999 -9999 -9999 -9999 0.976596474647522 0.976025566458702 0.975091353058815 0.973835721611976 0.972522754222154 0.971327897161245 0.970185538753867 0.96917967684567 0.968646956607699 0.968587378039956 0.96774417348206 0.966599574312568 0.963738987222314 0.960952395573258 0.95904048345983 0.957210961729288 0.955510910600424 0.959364408627152 0.966751983389258 0.966857612133026 0.965490140020847 0.963838569819927 0.961885008960962 0.959146272391081 0.95706645399332 0.955645553767681 0.951203424483538 0.945599284023046 0.949698714539409 0.952887564897537
-9999 -9999 -9999 -9999 -9999 -9999 -9999 -9999 -9999 -9999 -9999 -9999 -9999 -9999 -9999 -9999 -9999 -9999 -9999 -9999 -9999 -9999 -9999 -9999 -9999 -9999 -9999 -9999 -9999 -9999 0.970313191413879 0.968895029276609 0.967138677835464 0.964454859495163 0.962347073480487 0.961736971512437 0.961679438129067 0.962174473330378 0.962234763428569 0.962127843871712 0.956968810409307 0.952659109607339 0.954081987962127 0.954201770946383 0.952273832634091 0.956751666963101 0.965305902063847 0.965813789516687 0.964679265394807 0.962981326505542 0.961488604545593 0.960529446601868 0.959323408082127 0.957870488986373 0.952025128528476 0.944490367546677 0.944682935252786 0.94509663246572
-9999 -9999 -9999 -9999 -9999 -9999 -9999 -9999 -9999 -9999 -9999 -9999 -9999 -9999 -9999 -9999 -9999 -9999 -9999 -9999 -9999 -9999 -9999 -9999 -9999 -9999 -9999 -9999 -9999 -9999 -9999 -9999 0.967890549451113 0.964938845485449 0.962415512651205 0.961005944758654 0.960367226973176 0.960499359294772 0.960385134443641 0.960176156833768 0.955411825329065 0.951552428305149 0.953557513654232 0.954419486224651 0.953485138714313 0.957649543881416 0.965058609843254 0.965514859184623 0.964529482647777 0.962676042690873 0.961106777191162 0.960276365280151 0.959114030003548 0.957619771361351 0.952257385477423 0.945407258346676 0.944258820265532 0.94323356822133
-9999 -9999 -9999 -9999 -9999 -9999 -9999 -9999 -9999 -9999 -9999 -9999 -9999 -9999 -9999 -9999 -9999 -9999 -9999 -9999 -9999 -9999 -9999 -9999 -9999 -9999 -9999 -9999 -9999 -9999 -9999 -9999 0.967890549451113 0.964938845485449 0.962492980062962 0.961362294852734 0.960955336689949 0.961272105574608 0.961978193372488 0.962834019213915 0.962795373052359 0.962940162047744 0.964265206828713 0.965600682422519 0.966952549293637 0.967179769650102 0.966691305860877 0.965687327086926 0.964629005640745 0.964399609714746 0.963694037869573 0.961750408634543 0.959759270772338 0.957720624282956 0.954127486795187 0.949936468154192 0.950024431571364 0.950244780629873
-9999 -9999 -9999 -9999 -9999 -9999 -9999 -9999 -9999 -9999 -9999 -9999 -9999 -9999 -9999 -9999 -9999 -9999 -9999 -9999 -9999 -9999 -9999 -9999 -9999 -9999 -9999 -9999 -9999 -9999 -9999 -9999 -9999 -9999 -9999 -9999 0.961229793727398 0.962095476686954 0.963234031572938 0.964477537199855 0.964437598362565 0.964228207245469 0.963549038395286 0.963304599747062 0.96374330855906 0.964573809877038 0.965653633698821 0.965551720932126 0.965147785842419 0.963627375662327 0.962199185043573 0.9610107652843 0.959194608032703 0.956750713288784 0.954306552186608 0.951862288638949 0.951592743396759 0.951368974521756
-9999 -9999 -9999 -9999 -9999 -9999 -9999 -9999 -9999 -9999 -9999 -9999 -9999 -9999 -9999 -9999 -9999 -9999 -9999 -9999 -9999 -9999 -9999 -9999 -9999 -9999 -9999 -9999 -9999 -9999 -9999 -9999 -9999 -9999 -9999 -9999 -9999 -9999 -9999 0.958982348442078 0.959621347486973 0.960105754435062 0.959629260003567 0.959665466099977 0.960507344454527 0.960505481809378 0.959966693073511 0.959106598049402 0.958259664475918 0.958728916943073 0.959196353331208 0.95965906791389 0.959540698677301 0.958841245621443 0.956205077469349 0.952824018895626 0.948377275839448 0.944281704723835
-9999 -9999 -9999 -9999 -9999 -9999 -9999 -9999 -9999 -9999 -9999 -9999 -9999 -9999 -9999 -9999 -9999 -9999 -9999 -9999 -9999 -9999 -9999 -9999 -9999 -9999 -9999 -9999 -9999 -9999 -9999 -9999 -9999 -9999 -9999 -9999 -9999 -9999 -9999 -9999 -9999 -9999 0.958368241786957 0.958760857582092 0.959770441055298 0.959265409037471 0.957796530798077 0.95667158998549 0.955688681453466 0.955950934439898 0.956071402877569 0.955823231488466 0.955772286280989 0.955918567255139 0.954135227948427 0.95160972699523 0.946815874427557 0.942539192736149
-9999 -9999 -9999 -9999 -9999 -9999 -9999 -9999 -9999 -9999 -9999 -9999 -9999 -9999 -9999 -9999 -9999 -9999 -9999 -9999 -9999 -9999 -9999 -9999 -9999 -9999 -9999 -9999 -9999 -9999 -9999 -9999 -9999 -9999 -9999 -9999 -9999 -9999 -9999 -9999 -9999 -9999 -9999 0.948827226646245 0.951221416704357 0.949176019057631 0.9443054292351 0.941510701552033 0.939058089628816 0.935363514348864 0.932498747482896 0.931791482493281 0.930764934048057 0.929419102147222 0.930132389068604 0.931637644767761 0.929383255541325 0.927301498129964
-9999 -9999 -9999 -9999 -9999 -9999 -9999 -9999 -9999 -9999 -9999 -9999 -9999 -9999 -9999 -9999 -9999 -9999 -9999 -9999 -9999 -9999 -9999 -9999 -9999 -9999 -9999 -9999 -9999 -9999 -9999 -9999 -9999 -9999 -9999 -9999 -9999 -9999 -9999 -9999 -9999 -9999 -9999 0.946965078823268 0.944570888765156 0.939545150846243 0.932844791561365 0.928892970085144 0.925427636131644 0.920887561514974 0.917071580886841 0.915138244628906 0.913948718458414 0.913503002375364 0.916322451084852 0.920397732406855 0.920236684381962 0.920037547126412
-9999 -9999 -9999 -9999 -9999 -9999 -9999 -9999 -9999 -9999 -9999 -9999 -9999 -9999 -9999 -9999 -9999 -9999 -9999 -9999 -9999 -9999 -9999 -9999 -9999 -9999 -9999 -9999 -9999 -9999 -9999 -9999 -9999 -9999 -9999 -9999 -9999 -9999 -9999 -9999 -9999 -9999 -9999 -9999 -9999 0.939713632687926 0.933288970962167 0.926647245883942 0.919880274683237 0.911722134798765 0.90575890801847 0.905502455309033 0.909875025972724 0.918876620009541 0.923250190913677 0.925843752920628 0.919587621465325 0.913237810134888
