data/dis.20102014.winter.solea_max.asc
NCOLS 320 
NROWS 120 
XLLCORNER 2 
YLLCORNER 53 
CELLSIZE 0.025 
NODATA_value -9999 
[rows 50 to 74 of 120, columns 232 to 289 of 320]
0.0311109850299545 0.0309804840362631 0.0317216177354567 0.0327979955472983 0.0333569687791169 0.0341721933800727 0.036420852644369 0.0397562331054361 0.0447993183042853 0.0470872269943357 0.0476218415424228 0.0464033426251262 0.0456579119199893 0.058915226603858 0.0742222978733496 0.0948587362654513 0.10876605915837 0.115944266552106 0.116131308255717 0.113629440078512 0.114139333833009 0.114801070769317 0.115336211281829 -9999 -9999 -9999 -9999 -9999 -9999 -9999 0.113296178053133 0.111330577754416 0.111330577754416 0.113296178053133 -9999 -9999 -9999 -9999 -9999 -9999 -9999 -9999 -9999 -9999 -9999 -9999 -9999 -9999 -9999 -9999 -9999 -9999 -9999 -9999 -9999 -9999 -9999 -9999
0.0305467438302003 0.030965184152592 0.0329005604726263 0.0354193737148307 0.0366045762784779 0.0376855288632214 0.0386374699883163 0.0405679990071804 0.0440363090019672 0.0457015631254763 0.0462194180581719 0.0463817458366975 0.0469787116162483 0.0561733157373964 0.0669828483369213 0.0819911949802194 0.0971982262562967 0.112603942165152 0.117493525380269 0.118338442174718 0.117444655392319 0.116614602506161 -9999 -9999 -9999 -9999 -9999 -9999 -9999 -9999 -9999 0.117336578667164 0.117336578667164 -9999 -9999 -9999 -9999 -9999 -9999 -9999 -9999 -9999 -9999 -9999 -9999 -9999 -9999 -9999 -9999 -9999 -9999 -9999 -9999 -9999 -9999 -9999 -9999 -9999
0.0303940874291584 0.0316586127737537 0.0332083775429055 0.0348678497830406 0.0381815592991188 0.0410871659405529 0.0414657178334892 0.0430783343035729 0.0466301951091736 0.0499142890330406 0.0530279858503491 0.0528171142796054 0.0527639352949342 0.0666950627928598 0.07796800066717 0.0823296455200763 0.0909791535232222 0.103916524676607 0.115201902575791 0.125851898454131 0.12904335767962 -9999 -9999 -9999 -9999 0.142704610712826 0.140109556727111 0.15445775166154 0.171210607513785 0.171235652640462 0.163995455019178 0.137865626253189 -9999 -9999 -9999 -9999 -9999 -9999 -9999 -9999 -9999 -9999 -9999 -9999 -9999 -9999 -9999 -9999 -9999 -9999 -9999 -9999 -9999 -9999 -9999 -9999 -9999 -9999
0.0316903471830301 0.0309779137023725 0.0316316559328698 0.0328108503599651 0.0371309730689973 0.0412156952079385 0.0431996120605618 0.0460247258888559 0.050171720678918 0.0534645596053453 0.056213844800368 0.0587214308325202 0.0617426743265247 0.0743178718257694 0.0839348861481996 0.0858606242109091 0.0928635722957557 0.104943730402739 0.119646579027176 0.135358154773714 0.133631227305159 -9999 -9999 -9999 0.14429047703743 0.142704610712826 0.140109556727111 0.15445775166154 0.171210607513785 0.171235652640462 0.163995455019178 0.137865626253189 0.124800711870193 -9999 -9999 -9999 -9999 -9999 -9999 -9999 -9999 -9999 -9999 -9999 -9999 -9999 -9999 -9999 -9999 -9999 -9999 -9999 -9999 -9999 -9999 -9999 -9999 -9999
0.0358732874738052 0.0351114751538262 0.0337947523221373 0.0322646023705602 0.037228052620776 0.0427965511335059 0.0494804085465149 0.0543426336953417 0.0563422938575968 0.0571729652583599 0.0572597347199917 0.0670720840571451 0.0800743105355665 0.114237476838752 0.131930800620464 0.106802533846348 0.0976098680403086 0.104352803202346 0.113053223351017 0.122506522340701 0.126537773525342 -9999 -9999 0.162389711244031 0.170743203954772 0.162196093704552 0.142894054297358 0.15445775166154 0.171210607513785 0.171235652640462 0.163995455019178 0.137865626253189 -9999 -9999 -9999 0.147013336420059 -9999 -9999 -9999 -9999 -9999 -9999 -9999 -9999 -9999 -9999 -9999 -9999 -9999 -9999 -9999 -9999 -9999 -9999 -9999 -9999 -9999 -9999
0.0378526360727847 0.0362982708029449 0.0345607252093032 0.0327527256449685 0.0375693400856108 0.0426939923781901 0.0474104180466384 0.0509295355295763 0.0525671687209978 0.0563656793674457 0.0615392938489095 0.0696113721933218 0.0795846267137691 0.112023099092766 0.130950317252426 0.114748274441808 0.106006123358384 0.104723864002153 0.108879266073927 0.115126076387242 0.138691316358745 0.162597903981805 0.183117574080825 0.192456442862749 0.184225481003522 0.174544234294444 0.163940079044551 0.169973079580814 0.178966861218214 0.181727591902018 0.178238386753948 0.158499348443002 0.148133100941777 0.147139644250274 0.146726176608354 0.146535781677812 -9999 -9999 -9999 -9999 -9999 -9999 -9999 -9999 -9999 -9999 -9999 -9999 -9999 -9999 -9999 -9999 -9999 -9999 -9999 -9999 -9999 -9999
0.0394374297466129 0.038389888824895 0.0368697481462732 0.0351678383303806 0.0360413432354107 0.0377001016167923 0.0425276524620131 0.0478391351643951 0.0539110822137444 0.0584271461702885 0.0619531027041376 0.0662387006450446 0.0712896871846176 0.0867694991175084 0.0992317793425176 0.103848477127031 0.107581523247063 0.110430917702615 0.105940668145195 0.0986274785827838 0.128992283483967 0.159847697243094 0.182074392214418 0.201143709477037 0.21525143319741 0.200606034137309 0.167663193307817 0.170444917865098 0.179941993672401 0.182136518415064 0.17704912973568 0.153028766158969 0.141018584370613 -9999 -9999 -9999 -9999 -9999 -9999 -9999 -9999 -9999 -9999 -9999 -9999 -9999 -9999 -9999 -9999 -9999 -9999 -9999 -9999 -9999 -9999 -9999 -9999 -9999
0.0424118287628517 0.0407003007130697 0.0386983074713498 0.0365845968481153 0.0360149848274887 0.0366629066411405 0.0429443509783596 0.0490971475373955 0.055047783302143 0.0585251507582144 0.0604286201996729 0.061324366601184 0.0628539191093303 0.0785844337660818 0.092255873372779 0.100573717849329 0.106148563558236 0.108980410499498 0.104663274483755 0.097596529638394 0.119211112847552 0.142288690432906 0.164245555177331 0.181559159886091 0.191576213110239 0.191180774010718 0.1841592034325 -9999 -9999 -9999 -9999 -9999 -9999 -9999 -9999 -9999 -9999 0.185164114460349 0.179336244240404 0.178041161969304 0.18386903218925 -9999 -9999 -9999 -9999 -9999 -9999 -9999 -9999 -9999 -9999 -9999 -9999 -9999 -9999 -9999 -9999 -9999
0.0400153602240607 0.03885843756143 0.0371965874219313 0.0353405344067142 0.0338427269598469 0.0337526822695508 0.0405960850184784 0.0477039960678669 0.0552275630179791 0.0586394497659058 0.0594348127488047 0.0611416395986453 0.0634197311010216 0.0723103445488959 0.0825203417334716 0.096160736633465 0.105226028943435 0.10971621866338 0.105226814746857 0.097283720970153 0.113165111280978 0.132896780502051 0.164872643072158 0.181371226441115 0.173548371065408 0.17479710932821 0.181818679906428 -9999 -9999 -9999 -9999 -9999 -9999 -9999 -9999 -9999 -9999 0.187106737866998 0.192934608086943 0.194229690358043 0.188401820138097 -9999 -9999 -9999 -9999 -9999 -9999 -9999 -9999 -9999 -9999 -9999 -9999 -9999 -9999 -9999 -9999 -9999
0.0395945274503902 0.0388618003344163 0.0376875420333817 0.0363434640457854 0.0346026596380397 0.0343093342380597 0.0413700881181285 0.0484993292484434 0.0557361932005731 0.058686254080385 0.0589083493687212 0.0602221264271066 0.0620298410067338 0.0685227754293009 0.0757412910461433 0.0848463177680972 0.0926087920088324 0.0990287137683485 0.108821717789397 0.119912061141805 0.13734797295183 0.158039483241737 0.193142642267049 0.212456190958619 0.206957494840026 0.198921572417021 0.189271051436663 -9999 -9999 0.143086403608322 0.143086403608322 -9999 -9999 -9999 -9999 -9999 0.197651520371437 0.197543198242784 0.196893265470862 -9999 -9999 -9999 -9999 -9999 -9999 -9999 -9999 -9999 -9999 -9999 -9999 -9999 -9999 -9999 -9999 -9999 -9999 -9999
0.042378677520901 0.0408036592416465 0.0391451210016385 0.0374544596998021 0.036920836311765 0.0370639590546488 0.040250507183373 0.0451839638408275 0.0528625624720005 0.0581383138196545 0.0618849805323407 0.0620370663236826 0.0618136061821135 0.0674274403136223 0.0723398185800763 0.0754284115973861 0.0832870828453457 0.0959158323239543 0.112024673493579 0.129472011467444 0.146053807344288 0.165009601507336 0.196089958306402 0.210413455497474 0.198404744733124 0.195195140549913 0.197584967827424 -9999 0.168302729725838 -9999 -9999 -9999 0.18753334088251 0.187068706844002 0.192601570859551 0.200441164895892 0.193772092461586 0.187503322958946 -9999 -9999 -9999 -9999 -9999 -9999 -9999 -9999 -9999 -9999 -9999 -9999 -9999 -9999 -9999 -9999 -9999 -9999 -9999 -9999
0.0452029117150232 0.0423526937374845 0.0416823517298326 0.0418504235567525 0.0418701786547899 0.041979223722592 0.0425783412065357 0.0458790848497303 0.0534252410288898 0.0592837922740731 0.0640684131067246 0.0660805378574878 0.0673556178808211 0.0655274242162705 0.0651517817750576 0.0685527725145222 0.0763682287652051 0.0885981505271055 0.109739874722436 0.13430921523832 0.146220196038485 0.161892858799547 0.200096978340298 0.218803796451539 0.206871998030692 0.204706765478477 0.208756620297208 -9999 -9999 -9999 0.181240170262754 0.185590495355427 0.18753334088251 0.187068706844002 0.192661834415048 0.200584870297461 0.202500982675701 -9999 -9999 -9999 -9999 -9999 -9999 -9999 -9999 -9999 -9999 -9999 -9999 -9999 -9999 -9999 -9999 -9999 -9999 -9999 -9999 -9999
0.0520484130829573 0.0546971950680017 0.0567863356554881 0.0586602295516059 0.053723044344224 0.0501841842196881 0.0556402080692351 0.0585038831923157 0.0572938674595207 0.0597769652958962 0.0646102263126523 0.0654997879173607 0.0655942535959184 0.0655806665308773 0.0657966376747937 0.0666094601619989 0.0730686741881078 0.0851742797531195 0.102501669432968 0.121837437618526 0.145607472863048 0.167372094467282 0.17780545167625 0.191279817838221 0.209532912354917 0.213693503756076 0.208886138629168 0.197482138872146 0.185295853763819 0.182239275425672 0.183169209398329 0.194464075379073 0.204447714146226 0.213120125699788 0.209636842366308 0.201478291768581 0.202500982675701 0.203803285956383 -9999 -9999 0.197881355881691 0.197881355881691 -9999 -9999 -9999 -9999 -9999 -9999 -9999 -9999 -9999 -9999 -9999 -9999 -9999 -9999 -9999 -9999
0.0657034837640822 0.0695391516201198 0.0735555374994874 0.0776414303109049 0.0736543911043554 0.0695921373553574 0.0675282026641071 0.0649901370052247 0.0617070083972067 0.061715862946585 0.0638196158688516 0.0659663889091462 0.0679232426919042 0.0665052006952465 0.0660228549968453 0.0679733196739108 0.0731378858909014 0.0815165536478167 0.092415942111984 0.104284838540481 0.129536616848782 0.154310310259461 0.172757437452674 0.187649104744195 0.196953620761633 0.203154591843486 0.207380579784513 0.197482138872146 0.18550333334133 0.186181387398392 0.189250863622873 0.198538037482649 0.206654360052198 0.213599831331521 0.209636842366308 0.201478291768581 0.202500982675701 -9999 -9999 -9999 -9999 -9999 -9999 -9999 -9999 -9999 -9999 -9999 -9999 -9999 -9999 -9999 -9999 -9999 -9999 -9999 -9999 -9999
0.0879417171236128 0.096274632262066 0.0971759462263435 0.0952189520467073 0.0847689742222427 0.0752913600299508 0.0731735003646463 0.0720671638846398 0.0725503638386726 0.0709724938496945 0.0680830338969826 0.0675000781193375 0.0674813443329186 0.0692122702021152 0.0707899690605701 0.0719692776910961 0.0738287484273316 0.0763683812692763 0.0853399455081672 0.0967853295151155 0.119447707664222 0.14405121281743 0.175061237066984 0.194286281242967 0.194992071017623 0.206087728030979 0.223795118741691 0.242190342396498 0.259250988252461 0.251285179518163 0.240098829381169 0.22053907159716 0.212100737262517 0.214783826377243 -9999 -9999 -9999 -9999 -9999 -9999 -9999 -9999 -9999 -9999 -9999 -9999 -9999 -9999 -9999 -9999 -9999 -9999 -9999 -9999 -9999 -9999 -9999 -9999
0.110471025109291 0.115285992622375 0.109422206645831 0.0994512077886612 0.0911569402087479 0.0843877117149532 0.0847505223937333 0.0834683401044457 0.0796011688653381 0.0777629304211586 0.0772158310282975 0.0773333432152867 0.077489006333053 0.0760335559025407 0.0755249636713417 0.077478202758357 0.0822228146716956 0.0897587994113569 0.0961426151916385 0.102083289064468 0.131841607391834 0.159783382900059 0.17163725476712 0.183615709654986 0.195789937861264 0.204718969762325 0.211582876741886 0.229315192438663 0.247870152816177 0.243457483127713 0.238689499907196 0.232997701503337 0.230151802301407 -9999 -9999 -9999 -9999 -9999 -9999 -9999 -9999 -9999 -9999 -9999 -9999 -9999 -9999 -9999 -9999 -9999 -9999 -9999 -9999 -9999 -9999 -9999 -9999 -9999
0.123729407321662 0.115981637034565 0.108118070522323 0.10020996700041 0.0894487944897263 0.0813586898148059 0.0874630622565747 0.0887294949498026 0.0823934508953245 0.0815570824779572 0.0842205076478422 0.0810719141736625 0.0772376563400032 0.0815079677850008 0.0849005763884634 0.0860111576039344 0.0908183425199244 0.0993221311364328 0.113498236751184 0.129856002749877 0.156753377988935 0.179179229773581 0.176147579215467 0.178551343735307 0.18949647480622 0.193987468723208 0.194371284451336 0.21676038298756 0.24115981347859 0.224916925653815 0.212843851884827 0.211612294660881 -9999 -9999 -9999 -9999 -9999 -9999 -9999 -9999 -9999 -9999 -9999 -9999 -9999 -9999 -9999 -9999 -9999 -9999 -9999 -9999 -9999 -9999 -9999 -9999 -9999 -9999
0.143001255579293 0.132042369805276 0.113991871010512 0.0932138287462296 0.0877624065615236 0.0842522087041288 0.085940303048119 0.0881231927778573 0.091083618113771 0.0899373036809263 0.0861776093952357 0.0882580620236696 0.0913338724058121 0.0914742650929838 0.0927550657652322 0.0970009271986784 0.104435363085941 0.115058373427019 0.145262205507607 0.182997122872624 0.189335013739765 0.19195772241801 0.185238939709961 0.1827636170201 0.186956588644535 0.194405559450388 0.203926529735327 0.208713044878095 0.212228972930461 0.210242067929357 0.210339011158794 0.215853959787637 -9999 -9999 -9999 -9999 -9999 -9999 -9999 -9999 -9999 -9999 -9999 -9999 -9999 -9999 -9999 -9999 -9999 -9999 -9999 -9999 -9999 -9999 -9999 -9999 -9999 -9999
0.138122478732839 0.111026941565797 0.101783503545448 0.0994062575045973 0.0973143365699798 0.0949745359830559 0.0913114179857075 0.0905414032749833 0.0943176937289535 0.0958009366877377 0.0958249676041305 0.0987545154057444 0.102068226551637 0.10203395714052 0.103141889674589 0.107219547266141 0.113790846196935 0.122855786466972 0.157484959810973 0.201946530491118 0.197416704613715 0.191583539824933 0.193642914760858 0.200576465111225 0.215169433970005 0.214452601503581 0.203993168193847 0.210649169050157 0.220426041167229 0.22506524855271 0.226883857045323 0.22136890841648 -9999 -9999 -9999 -9999 -9999 -9999 -9999 -9999 -9999 -9999 -9999 -9999 -9999 -9999 -9999 -9999 -9999 -9999 -9999 -9999 -9999 -9999 -9999 -9999 -9999 -9999
0.158871183171868 0.110923109576106 0.0950299748219549 0.0914656626991928 0.0914573620539159 0.0916124167852104 0.0915383626706898 0.0950699455570432 0.104267529444769 0.107189671834931 0.106118351453915 0.106020774226636 0.106171496678144 0.107232586946338 0.106322869425639 0.100289051653817 0.102839622879401 0.113974583102391 0.135256739566103 0.160441663814711 0.193536326754838 0.219400982838124 0.20678921090439 0.208204972092061 0.231663999613375 0.235120228957385 0.225847404915839 0.204408779274672 0.182353529147804 0.191179388202727 0.196371014695615 0.192113636527211 0.189984947443008 -9999 -9999 -9999 0.210624694824219 0.21403646050021 0.23450705455616 0.247016862034798 -9999 -9999 -9999 -9999 -9999 -9999 -9999 -9999 -9999 -9999 -9999 -9999 -9999 -9999 -9999 -9999 -9999 -9999
0.180127078900114 0.110472394851968 0.0907254540361464 0.0901737990789115 0.0916381932329386 0.0935715427622199 0.0972567135468126 0.10437015676871 0.116870885249227 0.117778240004554 0.111307993298396 0.108137090690434 0.105696560814977 0.104454597458243 0.102849084185436 0.100298341130838 0.100267860339955 0.102757641812787 0.112432594643906 0.124871074920521 0.17276481539011 0.211383889429271 0.193201613612473 0.193550508003681 0.22301981272176 0.221853307913989 0.201191287953406 0.215084571857006 0.233639739919454 0.213958905544132 0.1984918192029 0.193980477750302 0.197410784196108 0.208782738540321 -9999 -9999 -9999 -9999 -9999 -9999 -9999 -9999 -9999 -9999 -9999 -9999 -9999 -9999 -9999 -9999 -9999 -9999 -9999 -9999 -9999 -9999 -9999 -9999
0.208036841824651 0.119228130206466 0.0985097419470549 0.103979939594865 0.107856019865721 0.111994627863169 0.117914732545614 0.126603885553778 0.139644400216639 0.141491895541548 0.136216560378671 0.122641248162835 0.107981065986678 0.103098016465083 0.0981755766551938 0.0931507220957427 0.0950868851505224 0.103984065819532 0.106235716957599 0.10593139519915 0.154835192952305 0.196874056942761 0.190115275792777 0.192080559208988 0.207755086943508 0.211383055429906 0.207345031667501 0.209443161729723 0.212887784931809 0.218359868507832 0.219446239992977 0.209129760041833 0.206213109195232 0.210696287453174 0.209584571188316 0.206320972414687 -9999 -9999 -9999 -9999 -9999 -9999 -9999 -9999 -9999 -9999 -9999 -9999 -9999 -9999 -9999 -9999 -9999 -9999 -9999 -9999 -9999 -9999
0.279309087432921 0.172667960636318 0.124347599456087 0.0984583019744607 0.108901649480686 0.121672136243433 0.13539224723354 0.145293204113841 0.149192633107304 0.143967488780617 0.132935797795653 0.12228551832959 0.111849847016856 0.103765715146437 0.09759575384669 0.0964026360306888 0.0954876800533384 0.0948508859146386 0.0961835144553334 0.0982736132573338 0.146025351248682 0.187716086860746 0.185671916697174 0.183667318429798 0.181724904570728 0.192732552532106 0.211981148924679 0.217248046305031 0.218711566645653 0.203055453952402 0.193535842001438 0.199971131980419 0.202386913821101 0.200783187523484 0.20230010850355 0.205017278436571 -9999 -9999 -9999 -9999 -9999 -9999 -9999 -9999 -9999 -9999 -9999 -9999 -9999 -9999 -9999 -9999 -9999 -9999 -9999 -9999 -9999 -9999
0.352020216174424 0.267489946447313 0.207076988182961 0.15593991894275 0.154656697064638 0.156690637115389 0.160647490527481 0.162565866485238 0.161280920729041 0.148825007025151 0.129260295536369 0.122326207580045 0.117791509488597 0.111102319089696 0.105253451736644 0.101589424302801 0.0979536774102597 0.0943462110590187 0.0978753238450736 0.104149274760858 0.156081741908566 0.200929600279778 0.196925439406186 0.193945111706853 0.192573664709926 0.201508228201419 0.217001162003726 0.22605305025354 0.23216942884028 0.210281698033213 0.194646981079131 0.195270100142807 0.199554241728037 0.207499405834823 0.207862766925245 0.20531004993245 -9999 -9999 -9999 -9999 -9999 -9999 -9999 -9999 -9999 -9999 -9999 -9999 -9999 -9999 -9999 -9999 -9999 -9999 -9999 -9999 -9999 -9999
0.400154340080917 0.36218919698149 0.322420154698193 0.281957305036486 0.269563137553632 0.253500557038933 0.210840416606515 0.178508348762989 0.162406109273434 0.145795248448848 0.128860719501972 0.11996809928678 0.113161759916693 0.114479705225676 0.113257440272718 0.105430628638714 0.100076164118945 0.0971940467134116 0.101960579166189 0.109668900026009 0.168783304747194 0.220108061563224 0.21736514242366 0.211948023643345 0.202328591141849 0.196446221321821 0.192941982299089 0.189603600185364 0.186530865728855 0.187410227954388 0.187786149792373 0.186853126622736 0.19294530339539 0.206062680110334 0.207862766925245 0.20531004993245 0.215804954059422 0.225190296769142 -9999 -9999 -9999 -9999 -9999 -9999 -9999 -9999 -9999 -9999 -9999 -9999 -9999 -9999 -9999 -9999 -9999 -9999 -9999 -9999
