data/dis.20102014.winter.merlangus_max.asc
NCOLS 320 
NROWS 120 
XLLCORNER 2 
YLLCORNER 53 
CELLSIZE 0.025 
NODATA_value -9999 
[rows 75 to 99 of 120, columns 174 to 231 of 320]
0.96316066943109 0.962343472987413 0.962015371769666 0.961949305608868 0.962049989029765 0.962050257250666 0.961955334991217 0.960583586245775 0.959971070289612 0.961332559585571 0.962334800511598 0.962977793067694 0.961945246905088 0.960268262773752 0.960329052060842 0.960160218179226 0.958332158625126 0.957207005470991 0.957186419516802 0.954626251012087 0.950449984520674 0.954461608082056 0.959968723356724 0.96306037157774 0.964674169197678 0.962445555254817 0.960030276328325 0.957428332418203 0.956785162910819 0.956895368173718 0.956937430426478 0.956584267318249 0.954275019466877 0.952010428532958 0.949816012755036 0.949630409479141 0.950723141431808 0.952408222481608 0.953952563926577 0.951090345159173 0.949412340298295 0.950813291594386 0.951030433177948 0.950063765048981 0.949887793511152 0.950015936046839 0.950741311535239 0.951326709240675 0.951036561280489 0.95169360935688 0.953839108347893 0.958330895751714 0.96431577578187 0.966822193935513 0.968773234635591 0.973109629005194 0.976275434717536 0.976397709921002
0.964974755421281 0.965585704892874 0.966937068849802 0.966378685086966 0.964605007320642 0.962915008887649 0.961286930367351 0.960426980629563 0.96048441156745 0.962927032262087 0.964083936065435 0.963955122977495 0.964294059202075 0.964812899008393 0.964188158512115 0.963477903977036 0.962676426395774 0.961044903844595 0.958109024912119 0.955891493707895 0.954131092876196 0.955218192189932 0.956992648541927 0.960770674049854 0.963092111051083 0.961626417934895 0.960088171064854 0.95847737044096 0.956855770200491 0.955230016261339 0.95334080979228 0.951447634026408 0.949612097814679 0.94791224040091 0.946425592526793 0.946371952071786 0.947230225428939 0.946613674983382 0.945586379617453 0.942590821534395 0.940180543810129 0.93929199501872 0.937784526497126 0.935658138245344 0.935234069824219 0.9354647397995 0.932799775153399 0.931484084576368 0.937766421586275 0.943782629445195 0.949380634352565 0.954220378771424 0.958577593788505 0.961230544373393 0.963844636455178 0.971592633053661 0.97769926674664 0.979538356885314
0.959864985197783 0.958722796291113 0.960217390209436 0.960071852430701 0.958882594481111 0.957775814458728 0.95678610727191 0.957506213337183 0.958469357341528 0.960064399987459 0.961676843464375 0.963306687772274 0.96444309130311 0.965389709919691 0.963732803240418 0.962106820195913 0.96140119805932 0.960119286552071 0.957931777462363 0.956553936004639 0.955691337585449 0.955497112125158 0.955403927713633 0.95475597307086 0.954138547182083 0.953600496053696 0.953014466911554 0.952380459755659 0.951533317565918 0.950604200363159 0.947056453675031 0.943582395091653 0.941246962174773 0.938791040331125 0.936145778745413 0.936431277543306 0.938581805676222 0.937491359189152 0.935612358152866 0.931347243487835 0.928120283409953 0.92759252525866 0.926176436245441 0.923872016370296 0.923589836806059 0.924085441976786 0.924874138087034 0.926612757146359 0.933014787733555 0.938739949837327 0.943401461467147 0.946828689426184 0.949470464140177 0.95324295759201 0.957555439323187 0.96720327809453 0.974466735497117 0.975530801340938
0.952776508405805 0.951000191271305 0.948804400861263 0.949789378792047 0.95279848203063 0.953301452100277 0.953318001702428 0.95358625613153 0.953692488372326 0.953377462923527 0.954475525766611 0.956986676901579 0.958163639530539 0.958827452734113 0.957524934783578 0.956223515793681 0.955505924299359 0.954969920217991 0.954719267785549 0.954140236601233 0.953352237120271 0.953781764954328 0.954245083034039 0.951143242418766 0.948015222325921 0.944819135591388 0.942903351038694 0.942267868667841 0.940324615687132 0.937878374010325 0.933489138260484 0.92927173897624 0.926484990864992 0.924457553774118 0.923623319715261 0.922477876767516 0.921134391799569 0.921181995421648 0.921323580667377 0.91833315230906 0.916445251554251 0.91742392256856 0.917531110346317 0.916766814887524 0.916780382394791 0.917093127965927 0.920035997405648 0.923965863883495 0.932057149708271 0.938334751874208 0.941762279719114 0.943813001736998 0.944987574592232 0.948066180571913 0.951854364946485 0.961231669411063 0.966870812699199 0.962790736928582
0.951125528663397 0.949401635676622 0.948059659451246 0.94761723652482 0.947747256606817 0.946307485923171 0.944553742185235 0.942799745127559 0.9421256352216 0.94425923191011 0.94698036648333 0.950289038941264 0.951459096744656 0.951806610450149 0.953460050746799 0.954840069636702 0.954468885436654 0.954167913645506 0.953977275639772 0.95391108840704 0.953924097120762 0.953675590455532 0.953334178775549 0.952302534133196 0.950446305796504 0.946446159854531 0.943649051710963 0.9420549813658 0.94223446957767 0.943096095696092 0.940684894099831 0.937918681651354 0.934340011328459 0.931328177452087 0.92920708656311 0.928337326273322 0.928263867273927 0.928196750581264 0.927690679207444 0.919700814411044 0.914104262366891 0.914730323478579 0.916331887245178 0.918908953666687 0.923074290156364 0.927850499749184 0.929754190146923 0.931397641077638 0.932584753260016 0.93512848392129 0.939804043620825 0.941021924838424 0.940039465203881 0.940307250246406 0.941410802304745 0.952471561729908 0.960766581818461 0.961870679631829
0.949822958558798 0.948306135833263 0.946750588715076 0.9449906013906 0.94310051575303 0.941046424210071 0.93906232714653 0.938825756311416 0.938234556466341 0.936721321195364 0.935904974117875 0.935785515233874 0.939900910481811 0.945645095780492 0.947029395028949 0.94707627221942 0.941718358546495 0.939294528216124 0.941481400281191 0.942872004583478 0.943755893036723 0.947204420343041 0.950850330293179 0.949131973087788 0.94629462249577 0.940547889098525 0.938158761709928 0.939127240329981 0.938166970387101 0.936464874073863 0.941404251381755 0.945610435679555 0.944197280332446 0.943019574508071 0.942211860790849 0.939385827630758 0.935275409370661 0.936431033536792 0.938265042379498 0.933727046474814 0.928570717573166 0.92180672287941 0.917960971593857 0.917033463716507 0.918521365150809 0.920938270166516 0.92061279900372 0.920757789164782 0.924061667174101 0.930028492584824 0.940179949626327 0.942844977602363 0.94074591435492 0.939252527430654 0.938402933999896 0.94643853046 0.953270075842738 0.956971088424325
0.95175939053297 0.949988065287471 0.944329978898167 0.94155372492969 0.94061136431992 0.939659001305699 0.938659783452749 0.936898041516542 0.935258433222771 0.93393637239933 0.932339636608958 0.930468225851655 0.936520125716925 0.945619452744722 0.946998892351985 0.946157611906528 0.936483286321163 0.930816309526563 0.93144659511745 0.929800644516945 0.926706179976463 0.929787753149867 0.934127487242222 0.938857428729534 0.940632712095976 0.934725884348154 0.931548791006207 0.931101432070136 0.93277857080102 0.935272824019194 0.940429594367743 0.944933973252773 0.945393301546573 0.945743210613727 0.945921175181866 0.943465922027826 0.939334984868765 0.936452113091945 0.933932380750775 0.933342596516013 0.929827649146318 0.918707277625799 0.912153350189328 0.910165866836905 0.912607485428452 0.91675260476768 0.918023431673646 0.919870825484395 0.92544643394649 0.933116301894188 0.944077149033546 0.945799954235554 0.941644005477428 0.938280034810304 0.935567734763026 0.941241109743714 0.945390999317169 0.945579826831817
0.948494996875525 0.94531823694706 0.942239865660667 0.939009526744485 0.935682481154799 0.935064243152737 0.934932829812169 0.933867489919066 0.931592334061861 0.926171656697989 0.924336858093738 0.926087938249111 0.933287037536502 0.942581528797745 0.944826574996114 0.945307612419128 0.939041972160339 0.933212665840983 0.928069027140736 0.926277445629239 0.926618991419673 0.926996970549226 0.927851408720016 0.936681777238846 0.943746153265238 0.946218948811293 0.946921737864613 0.9458545204252 0.945561461150646 0.945566155016422 0.947031680494547 0.948204504325986 0.947484163567424 0.947218984365463 0.947669059038162 0.946988586336374 0.945588674396276 0.946054127067327 0.946443483233452 0.939196959137917 0.933308694511652 0.930951904505491 0.929375620558858 0.928579842671752 0.929688356816769 0.93152929097414 0.93166683986783 0.932751128450036 0.939070111140609 0.943560872226953 0.945178713649511 0.946235051378608 0.946934068575501 0.945819912478328 0.94441027380526 0.944142220541835 0.94455967657268 0.946759456768632
0.945006892085075 0.941740531474352 0.939205508679151 0.935960108414292 0.93226264975965 0.932061869651079 0.932425731793046 0.930499805137515 0.928699932992458 0.927227802574635 0.927249344065785 0.928764557465911 0.933218283578753 0.938802206888795 0.938552429899573 0.93745237775147 0.93381674401462 0.932076858356595 0.933316005393863 0.93450085632503 0.93565115518868 0.93779113329947 0.940108122304082 0.942069387063384 0.944359632208943 0.947505226358771 0.949430029839277 0.950134042650461 0.949855241924524 0.949198435992002 0.949972411617637 0.950536876916885 0.949632972478866 0.948742667213082 0.947873732075095 0.946350190788507 0.94441008195281 0.944816347211599 0.94546709023416 0.942296283319592 0.939887102693319 0.939458150416613 0.939171120524406 0.939026013016701 0.940018666908145 0.941448921337724 0.939696403220296 0.938851915299893 0.94348368793726 0.946839394047856 0.948189852759242 0.947916407138109 0.946609567850828 0.945042442530394 0.943527286872268 0.943780587986112 0.944092515856028 0.944556873291731
0.943975422531366 0.941891776397824 0.936708642169833 0.933499755337834 0.931547207757831 0.930247973650694 0.92901822924614 0.926748543977737 0.926165279000998 0.929966706782579 0.933468447998166 0.936670502647757 0.934319471940398 0.929832639172673 0.934495747089386 0.938592625781894 0.937167199328542 0.937156165018678 0.939367746934295 0.941825464367867 0.944439813494682 0.943885076791048 0.942759973928332 0.942713538184762 0.943916881456971 0.948369650170207 0.952655870467424 0.956775542348623 0.957496071234345 0.9569092374295 0.954008074477315 0.951262867078185 0.949978122487664 0.946641741320491 0.940081359818578 0.936858201399445 0.935758730396628 0.935236549004912 0.935108290985227 0.939713945612311 0.943161947652698 0.943600052967667 0.944539044052362 0.945978920906782 0.944553775712848 0.942026698961854 0.941461963579058 0.941116930916905 0.941293252632022 0.940776916220784 0.939172117039561 0.937563568353653 0.935952633619308 0.932522797957063 0.929066034033894 0.931335752829909 0.932807859033346 0.93220617249608
0.942329999059439 0.937673900276423 0.9323973916471 0.92932634986937 0.927658786997199 0.927709961310029 0.9280149564147 0.926791198551655 0.926997672766447 0.930922750383615 0.935305647552013 0.94014636427164 0.939051263034344 0.935673154890537 0.936284072697163 0.937258921563625 0.938880182802677 0.940470542758703 0.942012343555689 0.944798836484551 0.948377406224609 0.949215037748217 0.949514474719763 0.949983794242144 0.95125419087708 0.954607388004661 0.957334272563457 0.959434844553471 0.959570128470659 0.958949532359839 0.956916583701968 0.954407662153244 0.949934273958206 0.946557072922587 0.944902451708913 0.943633496761322 0.942609965801239 0.941113835200667 0.939503815025091 0.937564510852098 0.936196377500892 0.936313288286328 0.936206687241793 0.935876574367285 0.934540014714003 0.932816360145807 0.932248825207353 0.93228847719729 0.935024028643966 0.935306813567877 0.931735251098871 0.928817577660084 0.926316015422344 0.923048431053758 0.919729072600603 0.918134029954672 0.916966278105974 0.916909482330084
0.937279814854264 0.932241750881076 0.929847108200192 0.927947830408811 0.926363784819841 0.925953485071659 0.9256308414042 0.922807615250349 0.922772349789739 0.929985782131553 0.934349652379751 0.935863960534334 0.938746623694897 0.942155577242374 0.942583622410893 0.943074924871325 0.94475925154984 0.946213096380234 0.947304755449295 0.949872612953186 0.95337986946106 0.954473389312625 0.955055441707373 0.955149251967669 0.955309186130762 0.95564104244113 0.956903172656894 0.959095576778054 0.959300100803375 0.958740055561066 0.956869270652533 0.954403907060623 0.949351161718368 0.945828212425113 0.944709228351712 0.944351844489574 0.944479115307331 0.940800443291664 0.936454642564058 0.933707859367132 0.931025691330433 0.928511522710323 0.927019443362951 0.926549453288317 0.92577743716538 0.92488925717771 0.928834037855268 0.931850433349609 0.928803443908691 0.92555251903832 0.921981124207377 0.918297182768583 0.914541620761156 0.916772665455937 0.919742040336132 0.914908565580845 0.912427322939038 0.916061883792281
0.94045333750546 0.937290593981743 0.931306317448616 0.927589569240808 0.925315793603659 0.927677964791655 0.930729281157255 0.929733846336603 0.930232644081116 0.934616446495056 0.937173279002309 0.937903141602874 0.941570524126291 0.946367722004652 0.947786932811141 0.948784982785582 0.948670754209161 0.949562342837453 0.952034501358867 0.95304773375392 0.953132558614016 0.953493623062968 0.953857306391001 0.953326296061277 0.952866178005934 0.952590379863977 0.952113047242165 0.951434180140495 0.95134449750185 0.95148142427206 0.94899383187294 0.94665746577084 0.94584914855659 0.944567846134305 0.942543281242251 0.941196884959936 0.940282050520182 0.936091288924217 0.931369420140982 0.928756881505251 0.927446257323027 0.929520610719919 0.928975803777575 0.925811836495996 0.925573451444507 0.926460290327668 0.926249653100967 0.925754752010107 0.924161318689585 0.921571729704738 0.91741675324738 0.914679335430264 0.912844000384212 0.90476143732667 0.895559847354889 0.888575375080108 0.884779835119843 0.889275519177318
0.947413917630911 0.944466397166252 0.936945751309395 0.933964608237147 0.933872239664197 0.934192903339863 0.934729244560003 0.937527794390917 0.93930104188621 0.938408503308892 0.940221559256315 0.944740209728479 0.945183046162128 0.944058261811733 0.945578737184405 0.947051353752613 0.947506658732891 0.948511550202966 0.950380077585578 0.948930580168962 0.945369612425566 0.945196386426687 0.945674434304237 0.945705816149711 0.94631314650178 0.948417942970991 0.948073161765933 0.945278802886605 0.943019581958652 0.940966183319688 0.943759487941861 0.945735448971391 0.942199191078544 0.939294179901481 0.937381127849221 0.934693567454815 0.931513138115406 0.92789307795465 0.924565356224775 0.927702132612467 0.928896058350801 0.925038572400808 0.918784281238913 0.910133184865117 0.913072982802987 0.920470817014575 0.914404612034559 0.908458545804024 0.907073184847832 0.904131272807717 0.898743351921439 0.896279245615005 0.895675748586655 0.872699862346053 0.847824459895492 0.866723405197263 0.878373336046934 0.871175829321146
0.946249078959226 0.945710383355618 0.941171683371067 0.939151216298342 0.938733261078596 0.940562047064304 0.942748179659247 0.943370284512639 0.944109493866563 0.94515317492187 0.94689867272973 0.949345987290144 0.949725296348333 0.949309218674898 0.948181407526135 0.947144174948335 0.94676916860044 0.946359649300575 0.9458958953619 0.945151543244719 0.944228628650308 0.944146139547229 0.944355249404907 0.946664094924927 0.94793313741684 0.946498692035675 0.94486621581018 0.943035708740353 0.942494109272957 0.942448243498802 0.942099027335644 0.941239021718502 0.937914289534092 0.934380250051618 0.930517299100757 0.923908829689026 0.915553212165832 0.914890086278319 0.915824385359883 0.917760437354445 0.918955454602837 0.918223781511187 0.915632952004671 0.911182966083288 0.911455851048231 0.913545224815607 0.906289285048842 0.900388503447175 0.904012134298682 0.903487704694271 0.896444894373417 0.894348541274667 0.895399933680892 0.872699862346053 0.847824459895492 0.866723405197263 0.878373336046934 0.871175829321146
0.943339774385095 0.942922616377473 0.942616140469909 0.942787285894155 0.943262372165918 0.944361044093966 0.945646841078997 0.947993572801351 0.948758630082011 0.945411333814263 0.943620003759861 0.943384639918804 0.941344941034913 0.938611267134547 0.943447040393948 0.948397448286414 0.951694721356034 0.953322034329176 0.952325124293566 0.950085734948516 0.947055676952004 0.94212943688035 0.937175057828426 0.938189335167408 0.938302259892225 0.936071667820215 0.933566568419337 0.930786961689591 0.926287818700075 0.921127315610647 0.922428365796804 0.922142716124654 0.912023110315203 0.905175559222698 0.903469808399677 0.906740736216307 0.913178641349077 0.912727544084191 0.91100025177002 -9999 -9999 0.89827173948288 0.899400329217315 0.901657508686185 0.894172102212906 0.882939547300338 -9999 -9999 -9999 -9999 -9999 -9999 -9999 -9999 0.876355707645416 -9999 -9999 -9999
0.944861741736531 0.945222578942776 0.946372307837009 0.946069052442908 0.944841170683503 0.944391325116158 0.944179443642497 0.945367628708482 0.94512584246695 0.941166130825877 0.93763037584722 0.93451857753098 0.936546767130494 0.940551875159144 0.941700929775834 0.941579615697265 0.9359464738518 0.930891016498208 0.926743349060416 0.920164445415139 0.912038391456008 0.907094554975629 0.902959978207946 0.901763277128339 0.900459595024586 0.898877762258053 0.896540937945247 0.893449122086167 0.890728294849396 0.888150155544281 0.889115484431386 0.890093624591827 -9999 -9999 -9999 -9999 -9999 -9999 -9999 -9999 -9999 -9999 -9999 0.89300799369812 0.888664174824953 0.882649656385183 -9999 -9999 -9999 -9999 -9999 -9999 -9999 -9999 -9999 -9999 -9999 -9999
0.945277452468872 0.945271845906973 0.945257429033518 0.941924516111612 0.936479832977056 0.938661452382803 0.9420928619802 0.940841276198625 0.939945260062814 0.939973725005984 0.939286978915334 0.937885021790862 0.937376502901316 0.937211614102125 0.935008862987161 0.931926378980279 0.925044601783156 0.919047135859728 0.914439301937819 0.909150758758187 0.903429036960006 0.899990210309625 0.896862145513296 0.891255188733339 0.885385692119598 0.878833591938019 0.875557541847229 -9999 -9999 -9999 0.869563240557909 -9999 -9999 -9999 -9999 -9999 -9999 -9999 -9999 -9999 -9999 -9999 -9999 -9999 -9999 -9999 -9999 -9999 -9999 -9999 -9999 -9999 -9999 -9999 -9999 -9999 -9999 -9999
-9999 0.944610415026546 0.942895175889134 0.939391074702144 0.93474860675633 0.936025941744447 0.938412023708224 0.939519474282861 0.939197242259979 0.935157835483551 0.931208584457636 0.927349489182234 0.926330741494894 0.926404435187578 0.923800697550177 0.920501116663218 0.914509799331426 0.911241954192519 0.912253851071 0.909150758758187 0.903429036960006 0.896208882331848 0.889047401025891 0.887978037819266 0.885385692119598 0.878833591938019 -9999 -9999 -9999 0.873434662818909 0.869563240557909 0.86614727973938 -9999 -9999 -9999 -9999 -9999 -9999 -9999 -9999 -9999 -9999 -9999 -9999 -9999 -9999 -9999 -9999 -9999 -9999 -9999 -9999 -9999 -9999 -9999 -9999 -9999 -9999
-9999 0.938947064802051 0.937432723119855 0.934664653614163 0.931098757311702 0.932789767161012 0.934922367334366 0.926688522100448 0.921659814193845 0.924964463338256 0.924951739609242 0.921621643006802 0.918654568493366 0.915827117860317 0.905517963692546 0.896520582959056 0.896282570436597 0.897746169008315 0.901883727870881 -9999 -9999 -9999 0.889105742797255 0.889086531475186 0.88907265663147 -9999 -9999 -9999 -9999 -9999 0.869563240557909 -9999 -9999 -9999 -9999 -9999 -9999 -9999 -9999 -9999 -9999 -9999 -9999 -9999 -9999 -9999 -9999 -9999 -9999 -9999 -9999 -9999 -9999 -9999 -9999 -9999 -9999 -9999
-9999 -9999 0.924580156803131 0.923693327233195 0.9222421515733 0.924066847190261 0.925954123958945 0.917767317965626 0.913419619202614 0.919053599238396 0.920267650857568 0.91706177406013 0.916996236890554 0.918138522654772 -9999 -9999 -9999 -9999 0.90170168876648 0.898906504735351 0.894332567229867 0.891084590926766 0.88820331916213 0.887047756463289 -9999 -9999 -9999 0.870990991592407 0.870990991592407 -9999 -9999 -9999 -9999 -9999 -9999 -9999 -9999 -9999 -9999 -9999 -9999 -9999 -9999 -9999 -9999 -9999 -9999 -9999 -9999 -9999 -9999 -9999 -9999 -9999 -9999 -9999 -9999 -9999
-9999 -9999 -9999 -9999 0.922398030757904 0.922825256362557 0.92305313795805 0.918439604341984 0.915532859042287 0.91706376336515 0.918505199253559 0.919857166707516 0.919995484873652 0.919667014852166 -9999 -9999 -9999 -9999 -9999 -9999 -9999 -9999 0.884158849716187 -9999 -9999 -9999 -9999 -9999 -9999 -9999 -9999 -9999 -9999 -9999 -9999 -9999 -9999 -9999 -9999 -9999 -9999 -9999 -9999 -9999 -9999 -9999 -9999 -9999 -9999 -9999 -9999 -9999 -9999 -9999 -9999 -9999 -9999 -9999
-9999 -9999 -9999 -9999 -9999 -9999 -9999 -9999 -9999 -9999 -9999 0.916588008403778 0.917831441387534 0.919553117826581 0.917888352647424 -9999 -9999 -9999 -9999 -9999 -9999 -9999 -9999 -9999 0.876583982259035 0.877248700708151 0.877581059932709 -9999 -9999 -9999 -9999 -9999 -9999 -9999 -9999 -9999 -9999 -9999 -9999 -9999 -9999 -9999 -9999 -9999 -9999 -9999 -9999 -9999 -9999 -9999 -9999 -9999 -9999 -9999 -9999 -9999 -9999 -9999
-9999 -9999 -9999 -9999 -9999 -9999 -9999 -9999 -9999 -9999 -9999 -9999 0.91334231197834 0.908848270773888 0.912708587944507 0.916335046291351 -9999 -9999 -9999 -9999 -9999 -9999 -9999 0.876399338245392 0.876583982259035 0.877248700708151 -9999 -9999 -9999 -9999 -9999 -9999 -9999 -9999 -9999 -9999 -9999 -9999 -9999 -9999 -9999 -9999 -9999 -9999 -9999 -9999 -9999 -9999 -9999 -9999 -9999 -9999 -9999 -9999 -9999 -9999 -9999 -9999
-9999 -9999 -9999 -9999 -9999 -9999 -9999 -9999 -9999 -9999 -9999 -9999 0.905917189083993 0.904844623990357 0.913035724312067 0.919658422470093 0.915714502334595 0.913304328918457 -9999 -9999 -9999 -9999 0.878429664298892 0.879537114873528 0.880029315128922 0.878921864554286 -9999 -9999 -9999 -9999 -9999 -9999 -9999 -9999 -9999 -9999 -9999 -9999 -9999 -9999 -9999 -9999 -9999 -9999 -9999 -9999 -9999 -9999 -9999 -9999 -9999 -9999 -9999 -9999 -9999 -9999 -9999 -9999
