data/dis.20102014.winter.solea_min.asc
NCOLS 320 
NROWS 120 
XLLCORNER 2 
YLLCORNER 53 
CELLSIZE 0.025 
NODATA_value -9999 
[rows 50 to 74 of 120, columns 232 to 289 of 320]
0.106466358527541 0.108759613707662 0.111829496920109 0.115198083221912 0.123743515694514 0.133039806969464 0.144567790441215 0.161526426672936 0.187018945813178 0.201962279621512 0.210192495491356 0.207615371793508 0.206989630591127 0.276282346341758 0.346762668341404 0.420330766588451 0.455885760486126 0.453427650034427 0.463653386570513 0.47875752579421 0.437154394574463 0.400800025556236 0.407368076499552 -9999 -9999 -9999 -9999 -9999 -9999 -9999 0.301036243792624 0.295603555161506 0.295603555161506 0.301036243792623 -9999 -9999 -9999 -9999 -9999 -9999 -9999 -9999 -9999 -9999 -9999 -9999 -9999 -9999 -9999 -9999 -9999 -9999 -9999 -9999 -9999 -9999 -9999 -9999
0.10834390996024 0.110949935857207 0.115397720132023 0.120553873013705 0.133052102755755 0.145936159417033 0.158589916303754 0.177616521716119 0.206657603383063 0.215228812303394 0.210773738566786 0.204772448167205 0.201418417040261 0.248324930202215 0.308276946656413 0.402147271670404 0.455570043995977 0.468545263633133 0.477445129305124 0.484777551144362 0.452180211432278 0.423058420419693 -9999 -9999 -9999 -9999 -9999 -9999 -9999 -9999 -9999 0.31220343708992 0.31220343708992 -9999 -9999 -9999 -9999 -9999 -9999 -9999 -9999 -9999 -9999 -9999 -9999 -9999 -9999 -9999 -9999 -9999 -9999 -9999 -9999 -9999 -9999 -9999 -9999 -9999
0.105160417268053 0.112131214467809 0.116786592639983 0.120551425032318 0.138673323905096 0.156325825024396 0.167408670764417 0.182221190538258 0.202894626650959 0.219266305211932 0.23290050169453 0.228670557495206 0.225392081309113 0.299026639666408 0.366012972779576 0.415713920257987 0.449664156883956 0.467863682657481 0.490185804665089 0.514093540608885 0.51198055781424 -9999 -9999 -9999 -9999 0.426500820554793 0.425674884580076 0.420920294709503 0.415357843972743 0.409419181756675 0.39330608583987 0.350739462301137 -9999 -9999 -9999 -9999 -9999 -9999 -9999 -9999 -9999 -9999 -9999 -9999 -9999 -9999 -9999 -9999 -9999 -9999 -9999 -9999 -9999 -9999 -9999 -9999 -9999 -9999
0.110114914365113 0.112838915549219 0.118646966991946 0.125641191611066 0.143618778325617 0.162168086506426 0.180345601402223 0.199828050099314 0.221361109055578 0.244959530420603 0.26987227331847 0.284476392902434 0.29981747362763 0.36273621302098 0.416150172241034 0.4448517030105 0.469553163275123 0.490254553034903 0.49863002076745 0.502264749258757 0.50590786896646 -9999 -9999 -9999 0.427005559206009 0.426500820554793 0.425674884580076 0.420920294709503 0.415357843972743 0.409419181756675 0.39330608583987 0.350739462301137 0.329456150531769 -9999 -9999 -9999 -9999 -9999 -9999 -9999 -9999 -9999 -9999 -9999 -9999 -9999 -9999 -9999 -9999 -9999 -9999 -9999 -9999 -9999 -9999 -9999 -9999 -9999
0.128426567651331 0.133679556660354 0.132272324059159 0.128303467761725 0.150442868005485 0.175864606164396 0.210019134916365 0.23460268881172 0.244146139360964 0.253403418697417 0.262478589080274 0.292932837270201 0.329328502528372 0.394039393402635 0.447480363771321 0.471619540825487 0.490755442529917 0.504888068884612 0.511777179315686 0.515880322083831 0.512484725564718 -9999 -9999 0.407306659035385 0.398214858956635 0.405286620371044 0.422644284553826 0.420920294709503 0.415357843972743 0.409419181756675 0.39330608583987 0.350739462301137 -9999 -9999 -9999 0.337782710790634 -9999 -9999 -9999 -9999 -9999 -9999 -9999 -9999 -9999 -9999 -9999 -9999 -9999 -9999 -9999 -9999 -9999 -9999 -9999 -9999 -9999 -9999
0.140032743569463 0.141796991694719 0.136232713237405 0.127849770709872 0.152378025930375 0.179805849678814 0.212051752023399 0.236085188575089 0.247213321737945 0.254467315040529 0.259255946613848 0.281168345361949 0.308343532495203 0.366765313781797 0.419576770626011 0.457801383920015 0.483494205400348 0.496655235067011 0.50677103921771 0.51571560278535 0.478622422553599 0.443346646614373 0.430698405019939 0.417361990548671 0.40294416155666 0.412859695963561 0.43826009798795 0.413948088884353 0.383670191280543 0.420994387008251 0.436248808167877 0.394121815450491 0.359560160897673 0.332563844509425 0.330102513544261 0.337077715434134 -9999 -9999 -9999 -9999 -9999 -9999 -9999 -9999 -9999 -9999 -9999 -9999 -9999 -9999 -9999 -9999 -9999 -9999 -9999 -9999 -9999 -9999
0.139778651762754 0.142481857445091 0.143194513395429 0.143141573294997 0.152822697535157 0.167072255630046 0.201301022898406 0.227916372474283 0.242567779961973 0.249870742205531 0.252497421111912 0.264258146286011 0.280116872861984 0.334585865959525 0.386990428902213 0.434027473442258 0.471395799890162 0.499095408245923 0.500483833253384 0.491752572357654 0.484488206915557 0.47329983022064 0.442059957422316 0.431418945081531 0.453147570602597 0.455030559562147 0.444284507073462 0.433771611191332 0.424638804048299 0.438174773007632 0.434621480293575 0.386636107228698 0.362643420696259 -9999 -9999 -9999 -9999 -9999 -9999 -9999 -9999 -9999 -9999 -9999 -9999 -9999 -9999 -9999 -9999 -9999 -9999 -9999 -9999 -9999 -9999 -9999 -9999 -9999
0.1469741249457 0.152400250546634 0.152808065526187 0.151285761035979 0.156918053049594 0.167877462692558 0.20336816739291 0.231192293111235 0.246968937572091 0.246430519036948 0.235509787686169 0.237724057398737 0.244675459340217 0.287499105557799 0.335370692424481 0.396366924978794 0.439684902317823 0.465324624441566 0.469930156134069 0.46644561458379 0.485698752105236 0.499861598014832 0.481885433197021 0.469223415479064 0.464912200346589 0.453444958198816 0.43742388067767 -9999 -9999 -9999 -9999 -9999 -9999 -9999 -9999 -9999 -9999 0.386056828778237 0.392041214276105 0.393371077720076 0.387386692222208 -9999 -9999 -9999 -9999 -9999 -9999 -9999 -9999 -9999 -9999 -9999 -9999 -9999 -9999 -9999 -9999 -9999
0.136522400658578 0.133515770081431 0.137804226018488 0.144898484461009 0.145684028510004 0.152327368501573 0.190115192439407 0.21862355992198 0.232549924403429 0.233538039028644 0.226292721927166 0.223819857928902 0.224329825956376 0.259321597870439 0.303639943711465 0.372207381762566 0.416616942733527 0.436868626624347 0.45058317668736 0.461783444508911 0.474147083237767 0.48328197747469 0.475930981338024 0.457183442078532 0.420527049340306 0.41606244398281 0.432083521503955 -9999 -9999 -9999 -9999 -9999 -9999 -9999 -9999 -9999 -9999 0.384062033612281 0.378077648114413 0.376747784670442 0.38273217016831 -9999 -9999 -9999 -9999 -9999 -9999 -9999 -9999 -9999 -9999 -9999 -9999 -9999 -9999 -9999 -9999 -9999
0.141004730015993 0.135763760656118 0.13745243428275 0.141806355211884 0.142815545201302 0.149024681653827 0.182217294815928 0.208355353679508 0.223407684359699 0.224131364841014 0.215736813377589 0.211095342878252 0.208948833867909 0.236456194892525 0.27072964701802 0.322594936005772 0.367738969624044 0.406161747872832 0.425403523258865 0.437267989851535 0.44811727758497 0.455906390212476 0.448693209327757 0.4521886985749 0.472512098029257 0.46767216688022 0.44681920716539 -9999 -9999 0.409778267145157 0.409778267145157 -9999 -9999 -9999 -9999 -9999 0.385571211576462 0.384525834582746 0.378253572620452 -9999 -9999 -9999 -9999 -9999 -9999 -9999 -9999 -9999 -9999 -9999 -9999 -9999 -9999 -9999 -9999 -9999 -9999 -9999
0.135680258274078 0.140166521072388 0.141201604157686 0.140909310430288 0.14409473259002 0.149863337166607 0.167524996213615 0.183855543378741 0.198094343300908 0.20236752834171 0.200298958458006 0.199309244286269 0.199241316877306 0.211175655014813 0.229157242923978 0.26286168023944 0.307429416105154 0.362860450521115 0.390879358164966 0.408355140127243 0.422208877280355 0.433983702212572 0.436429273337126 0.439676009118557 0.444181717932224 0.447433944791555 0.449888501316309 -9999 0.433253109455109 -9999 -9999 -9999 0.401032112538814 0.407240219414234 0.399211646988988 0.385707428678871 0.391621625050902 0.39750200510025 -9999 -9999 -9999 -9999 -9999 -9999 -9999 -9999 -9999 -9999 -9999 -9999 -9999 -9999 -9999 -9999 -9999 -9999 -9999 -9999
0.134053338319063 0.137323822826147 0.140177026856691 0.142869738396257 0.144201948773116 0.147958776447922 0.164238838013262 0.178371182177216 0.189128541853279 0.194883657619357 0.1974555272609 0.199086975306273 0.200768677983433 0.206502142827958 0.216065720655026 0.235587592236698 0.270815846975895 0.321750484872612 0.368476862087846 0.413584677502517 0.433697861619294 0.452401033602655 0.471405507065356 0.476816017180682 0.460864584892987 0.455347445327788 0.456470310222357 -9999 -9999 -9999 0.393984432332217 0.396613516844809 0.401032112538814 0.407240219414234 0.415564155206084 0.424701871350407 0.426284500397742 -9999 -9999 -9999 -9999 -9999 -9999 -9999 -9999 -9999 -9999 -9999 -9999 -9999 -9999 -9999 -9999 -9999 -9999 -9999 -9999 -9999
0.146596440579742 0.155495431739837 0.178448114078492 0.206806062255054 0.204675443936139 0.200931743718684 0.198089859448373 0.192167866975069 0.181405704468489 0.184432094451041 0.196233017835766 0.190964446868747 0.182739549316466 0.182293380610645 0.184319258667529 0.192772458307445 0.222756910603496 0.274272615555677 0.347589410841466 0.429291240870961 0.441033631563187 0.448787098750472 0.457172254100442 0.461499640718102 0.459450533613562 0.441307394765318 0.412922599352896 0.397895623929798 0.386446233838797 0.39039920642972 0.395366831682622 0.40297255385667 0.412566714920103 0.42414931487292 0.426490348763764 0.425276934169233 0.426284500397742 0.427233010530472 -9999 -9999 0.409716665744781 0.409716665744781 -9999 -9999 -9999 -9999 -9999 -9999 -9999 -9999 -9999 -9999 -9999 -9999 -9999 -9999 -9999 -9999
0.168527086731046 0.200056612957269 0.206476316321641 0.203238395508379 0.193956178613007 0.184436228126288 0.175505343824625 0.171727603767067 0.176047661807388 0.183537229429931 0.193043757695705 0.186402500607073 0.177033368963748 0.176192840095609 0.17773544928059 0.18547421740368 0.207596000283958 0.244100797921421 0.303523943759502 0.37176183890552 0.386388109996915 0.401319799944758 0.433546708896756 0.451577953062952 0.447301723994314 0.432766358368099 0.41170245129615 0.397895623929798 0.38680128287524 0.397145138122142 0.407398673705756 0.417417378164827 0.423816097900271 0.426594832912087 0.426490348763764 0.425276934169233 0.426284500397742 -9999 -9999 -9999 -9999 -9999 -9999 -9999 -9999 -9999 -9999 -9999 -9999 -9999 -9999 -9999 -9999 -9999 -9999 -9999 -9999 -9999
0.217958221677691 0.217160373460501 0.209687690250575 0.199647762812674 0.204718999098986 0.208867378998548 0.203957017045468 0.195324178319424 0.180841733235866 0.178753808606416 0.184553306084126 0.178606886416673 0.170697127934545 0.169346727896482 0.168169975280762 0.167444705963135 0.17702827230096 0.196920674294235 0.241348461247981 0.295212934724992 0.324709790758789 0.355951954610645 0.403087603859604 0.427924104966224 0.417719087563455 0.409684203565121 0.403030313551426 0.406522940844298 0.412027010694146 0.417227445170283 0.424559029750525 0.437431604601442 0.439226932823658 0.429945014417172 -9999 -9999 -9999 -9999 -9999 -9999 -9999 -9999 -9999 -9999 -9999 -9999 -9999 -9999 -9999 -9999 -9999 -9999 -9999 -9999 -9999 -9999 -9999 -9999
0.243963855784386 0.223533327225596 0.224410551134497 0.233483064454049 0.232558211311698 0.231273142620921 0.231127398088574 0.217493888922035 0.182665321044625 0.169058539904654 0.168956532143056 0.16403537010774 0.158449715469033 0.157952811103314 0.157487583346665 0.157104714773595 0.172945258673282 0.205009215045722 0.241168356966228 0.278902570251379 0.300616281107068 0.325460644438862 0.37067018263042 0.393161025829614 0.379951062612235 0.384368279017508 0.400002791546285 0.420687484554947 0.441184506751597 0.441320511512458 0.438047153875232 0.425909454002977 0.419840604066849 -9999 -9999 -9999 -9999 -9999 -9999 -9999 -9999 -9999 -9999 -9999 -9999 -9999 -9999 -9999 -9999 -9999 -9999 -9999 -9999 -9999 -9999 -9999 -9999 -9999
0.223275817930698 0.248329930007458 0.253951911814511 0.252099997363985 0.250657225959003 0.249346385709941 0.248574865050614 0.235781030729412 0.204094989225269 0.185279860161244 0.174655311740935 0.172214231919497 0.17168938042596 0.175916617270559 0.176831910386681 0.169136149808764 0.187244237400593 0.231156173162165 0.261556081473828 0.286759056150916 0.316158588975668 0.344340383075177 0.365199201740325 0.381849539466202 0.3918865500018 0.408334496431053 0.428862129338086 0.44426232855767 0.457911317236722 0.459223001264036 0.465441558510064 0.484417986124753 -9999 -9999 -9999 -9999 -9999 -9999 -9999 -9999 -9999 -9999 -9999 -9999 -9999 -9999 -9999 -9999 -9999 -9999 -9999 -9999 -9999 -9999 -9999 -9999 -9999 -9999
0.266608052887022 0.292410115711391 0.300317238084972 0.301341691054404 0.305093495175242 0.304584034718573 0.281966089271009 0.257431641686707 0.229885547887535 0.211457204539328 0.198831066023558 0.195301681291312 0.193653726484626 0.193061117548496 0.188798843882977 0.174995441921055 0.191979080438616 0.239749759435657 0.266117959283292 0.284254436381163 0.326037772931159 0.366871834732592 0.396004564128816 0.412484182976186 0.409080342389643 0.429100661538541 0.464027264155448 0.487007056362928 0.507115714251995 0.519034244120121 0.530897257849573 0.542615929618477 -9999 -9999 -9999 -9999 -9999 -9999 -9999 -9999 -9999 -9999 -9999 -9999 -9999 -9999 -9999 -9999 -9999 -9999 -9999 -9999 -9999 -9999 -9999 -9999 -9999 -9999
0.294557210989296 0.315576425753534 0.33221248537302 0.347162716090679 0.342014764435589 0.335458666086197 0.327773064374924 0.307816563174127 0.268577219918371 0.240618097595869 0.219837297685444 0.216035565361381 0.215320706367492 0.209353864192963 0.202698066830634 0.194250985980034 0.210564457811417 0.251638482324782 0.285857208073139 0.317439280450347 0.34205885976553 0.369413477368652 0.412491078488529 0.441019664518535 0.446685512550175 0.478114934638142 0.525939358398319 0.550434039905668 0.569165779277682 0.56924862600863 0.566053273156286 0.554334601387382 -9999 -9999 -9999 -9999 -9999 -9999 -9999 -9999 -9999 -9999 -9999 -9999 -9999 -9999 -9999 -9999 -9999 -9999 -9999 -9999 -9999 -9999 -9999 -9999 -9999 -9999
0.297761562280357 0.326576181687415 0.340379539877176 0.348409336060285 0.342690235003829 0.335236566141248 0.323153851553798 0.306434484198689 0.28242894820869 0.266803094185888 0.256509765051305 0.250246650539338 0.244486346840858 0.233571097254753 0.222985892090946 0.213258802425116 0.221516980323942 0.247760425787421 0.272760843858123 0.297283174470069 0.332594899460674 0.37005730997771 0.415099796839059 0.447032336145639 0.45836352929473 0.484178772196173 0.519211137667299 0.540431467816234 0.55879009142518 0.575460623949766 0.584259664639831 0.57259282656014 0.566759407520294 -9999 -9999 -9999 0.529428780078888 0.523348312824965 0.486865509301426 0.464570462703705 -9999 -9999 -9999 -9999 -9999 -9999 -9999 -9999 -9999 -9999 -9999 -9999 -9999 -9999 -9999 -9999 -9999 -9999
0.30679576843977 0.333016373217106 0.355289124883711 0.376043471507728 0.366960726678371 0.353751137852669 0.328682944178581 0.309880005195737 0.300922466441989 0.292943835258483 0.285588145256042 0.281179658137262 0.276430796831845 0.255875084549189 0.23706000484526 0.222770569846034 0.2219283352606 0.23453330108896 0.257172139827162 0.283670160453769 0.31629032548517 0.352150736376643 0.402411745861173 0.439779071137308 0.4568848926574 0.481388425454497 0.510599592700601 0.524785192683339 0.536185106262564 0.551315279677511 0.56563957966864 0.577868608757853 0.573263054713607 0.551822917535903 -9999 -9999 -9999 -9999 -9999 -9999 -9999 -9999 -9999 -9999 -9999 -9999 -9999 -9999 -9999 -9999 -9999 -9999 -9999 -9999 -9999 -9999 -9999 -9999
0.302728614769876 0.335866217501461 0.366898367181421 0.397120727226138 0.386485605500638 0.372327878139913 0.352574029006064 0.333179619163274 0.314350042492152 0.306135487742722 0.304675946943462 0.299940981902182 0.294445089064538 0.287149866111577 0.278135198168455 0.264649973250925 0.250183076597749 0.23473450820893 0.228177819866687 0.225041085388511 0.268958587665111 0.317060492932796 0.372244931757451 0.420965461060403 0.459528418257834 0.480190225876868 0.489460392855108 0.505451323464513 0.522016454488039 0.525492396205664 0.533740332350134 0.554395454004406 0.559419851750136 0.548813525587321 0.540279611945152 0.532542780041695 -9999 -9999 -9999 -9999 -9999 -9999 -9999 -9999 -9999 -9999 -9999 -9999 -9999 -9999 -9999 -9999 -9999 -9999 -9999 -9999 -9999 -9999
0.305729791522026 0.314447775483131 0.324816599488258 0.335820361971855 0.336415247991681 0.336036933586001 0.333854051306844 0.328521500341594 0.318239470012486 0.309920161962509 0.302849858999252 0.299832932651043 0.297253599390387 0.288331868126988 0.276495371945201 0.25708048697561 0.236513203475623 0.214793521445243 0.199639249593019 0.187010135501622 0.235362452920527 0.288087019696831 0.344737118110061 0.392405289225279 0.425959003157915 0.448335269466042 0.463598614558578 0.501667120493949 0.542103817686439 0.545262219384313 0.549381420016288 0.55599869787693 0.547790501266718 0.524756830185654 0.505227779969573 0.487046660855413 -9999 -9999 -9999 -9999 -9999 -9999 -9999 -9999 -9999 -9999 -9999 -9999 -9999 -9999 -9999 -9999 -9999 -9999 -9999 -9999 -9999 -9999
0.300859739072621 0.300782172940671 0.306414080783725 0.314241940155625 0.307179031893611 0.300396627746522 0.29939638171345 0.297438000328839 0.293973977677524 0.295521331951022 0.300257744267583 0.299271943047643 0.296826745383441 0.289027334190905 0.278301251120864 0.259965821169316 0.240697443485259 0.220496118068694 0.209866055753082 0.202917248476296 0.243387046735734 0.288891171105206 0.34562027733773 0.389726809225975 0.413997867144645 0.436277343891561 0.457289450801909 0.4987181276083 0.543023401871323 0.566814495250583 0.580001847818495 0.565619474276901 0.540951189585031 0.505996993742886 0.49212306831032 0.486356939189136 -9999 -9999 -9999 -9999 -9999 -9999 -9999 -9999 -9999 -9999 -9999 -9999 -9999 -9999 -9999 -9999 -9999 -9999 -9999 -9999 -9999 -9999
0.362579044885933 0.359531334601343 0.366407612338662 0.377100808545947 0.399326750077307 0.413251977413893 0.382281649857759 0.34769133478403 0.307412467896939 0.288365632295608 0.282830089330673 0.286558728665114 0.291839450597763 0.292007356882095 0.284681718330828 0.257872863207012 0.234443712979554 0.214394267648457 0.205084956251085 0.19990646559745 0.260536873247475 0.322236717678606 0.369928187690676 0.403987980447709 0.41662656608969 0.429508090950548 0.442544213496149 0.482692048884929 0.526497619226575 0.54030486010015 0.545979205518962 0.530508022755385 0.515323542989791 0.50042576622218 0.49212306831032 0.486356939189136 0.501701479777693 0.515523433685303 -9999 -9999 -9999 -9999 -9999 -9999 -9999 -9999 -9999 -9999 -9999 -9999 -9999 -9999 -9999 -9999 -9999 -9999 -9999 -9999
