data/dis.20102014.winter.merlangus_min.asc
NCOLS 320 
NROWS 120 
XLLCORNER 2 
YLLCORNER 53 
CELLSIZE 0.025 
NODATA_value -9999 
[rows 50 to 74 of 120, columns 232 to 289 of 320]
0.652626901865005 0.650580376386642 0.649759219959378 0.649409359320998 0.654666636139154 0.659933818504214 0.66360137052834 0.673351299017668 0.692659247666597 0.704450136050582 0.711457440629601 0.709269965067506 0.706649728119374 0.727934800088405 0.747285896912218 0.761608658358455 0.78483895212412 0.816976778209211 0.812775880098343 0.794598549604414 0.81692878715694 0.837454464286566 0.837043348699808 -9999 -9999 -9999 -9999 -9999 -9999 -9999 0.822520619258285 0.819233538582921 0.819233538582921 0.822520619258284 -9999 -9999 -9999 -9999 -9999 -9999 -9999 -9999 -9999 -9999 -9999 -9999 -9999 -9999 -9999 -9999 -9999 -9999 -9999 -9999 -9999 -9999 -9999 -9999
0.651855679228902 0.650762712582946 0.649268731474876 0.647620514035225 0.65732729062438 0.667257046326995 0.674961993470788 0.683199798688293 0.692274952307343 0.701034553349019 0.70959334820509 0.709268722683191 0.708476031199099 0.729929847642779 0.749970158562066 0.766335355117918 0.792609503492715 0.828792603686454 0.833685897290706 0.826544649899005 0.831414368003607 0.836061239242554 -9999 -9999 -9999 -9999 -9999 -9999 -9999 -9999 -9999 0.829277396202087 0.829277396202087 -9999 -9999 -9999 -9999 -9999 -9999 -9999 -9999 -9999 -9999 -9999 -9999 -9999 -9999 -9999 -9999 -9999 -9999 -9999 -9999 -9999 -9999 -9999 -9999 -9999
0.65234948694706 0.653701588511467 0.651317773386836 0.64749706722796 0.661035507917404 0.673393724486232 0.674745189025998 0.676615599542856 0.679301496595144 0.687354184687138 0.698822103440762 0.70915106125176 0.720097437500955 0.745412394404411 0.760854754596948 0.750628363341093 0.76535069011152 0.805021734908226 0.839492231607437 0.871962517499927 0.872629903256893 -9999 -9999 -9999 -9999 0.826685674488544 0.834016017615795 0.841553617268801 0.848513092845679 0.844939786940813 0.842654639855027 0.843718705698848 -9999 -9999 -9999 -9999 -9999 -9999 -9999 -9999 -9999 -9999 -9999 -9999 -9999 -9999 -9999 -9999 -9999 -9999 -9999 -9999 -9999 -9999 -9999 -9999 -9999 -9999
0.654468365013599 0.652457915246487 0.645824939012527 0.637414067983627 0.656826412305236 0.674373457208276 0.67441070638597 0.675781821832061 0.679249012842774 0.688748091459275 0.702085644006729 0.716670395806432 0.732092672958971 0.757512403652072 0.772777579724788 0.761640913784504 0.77065563388169 0.799821740016343 0.832933943718672 0.867563877254728 0.870624281466007 -9999 -9999 -9999 0.822206020355225 0.826685674488544 0.834016017615795 0.841553617268801 0.848513092845679 0.844939786940813 0.842654639855027 0.843718705698848 0.844250738620758 -9999 -9999 -9999 -9999 -9999 -9999 -9999 -9999 -9999 -9999 -9999 -9999 -9999 -9999 -9999 -9999 -9999 -9999 -9999 -9999 -9999 -9999 -9999 -9999 -9999
0.688550842925906 0.68351630307734 0.663166526705026 0.636926274746657 0.653446173295379 0.670814191922545 0.679846296086907 0.683500507846474 0.678703745827079 0.689350722357632 0.709825532510877 0.727203536778689 0.744299614802004 0.767132086679339 0.784845041111112 0.789247250184417 0.800973532721401 0.820023888722063 0.833872631192207 0.845720753073693 0.852517251856625 -9999 -9999 0.847027389332652 0.858483405783773 0.853416379541159 0.837834689766168 0.841553617268801 0.848513092845679 0.844939786940813 0.842654639855027 0.843718705698848 -9999 -9999 -9999 0.896040618419647 -9999 -9999 -9999 -9999 -9999 -9999 -9999 -9999 -9999 -9999 -9999 -9999 -9999 -9999 -9999 -9999 -9999 -9999 -9999 -9999 -9999 -9999
0.709160523489118 0.689569702371955 0.661753205582499 0.630772987380624 0.64730035327375 0.664187440648675 0.66890031658113 0.672853216528893 0.67561186850071 0.689057510346175 0.709303963929415 0.731066200882197 0.752739282324911 0.767743056640029 0.782585293054582 0.797007530927658 0.811442626640201 0.825890580192209 0.835920860990882 0.844252036884428 0.849223021417856 0.855740554630756 0.870979122817516 0.878008784726262 0.872138736769557 0.872232327237725 0.876120960339904 0.875257501378655 0.874353680759668 0.888920824974776 0.896923951804638 0.887860633432865 0.886312495917082 0.892279539257288 0.896178528666496 0.899282112717628 -9999 -9999 -9999 -9999 -9999 -9999 -9999 -9999 -9999 -9999 -9999 -9999 -9999 -9999 -9999 -9999 -9999 -9999 -9999 -9999 -9999 -9999
0.716146744787693 0.699933998286724 0.692272998392582 0.687901131808758 0.668993651866913 0.653633607551455 0.660285921767354 0.673439422622323 0.696809073910116 0.710713991895318 0.718595897778869 0.727675940841437 0.738145731389524 0.768167562782764 0.797143192961814 0.823398699983955 0.840732257813215 0.849143866449595 0.845174537971616 0.836443310603498 0.847939506173134 0.860553119331598 0.872804578393698 0.880836134776473 0.88223641552031 0.880714377388358 0.877332681789994 0.88110563904047 0.886439831927418 0.893989210948348 0.898019010201097 0.892897902056575 0.890337347984314 -9999 -9999 -9999 -9999 -9999 -9999 -9999 -9999 -9999 -9999 -9999 -9999 -9999 -9999 -9999 -9999 -9999 -9999 -9999 -9999 -9999 -9999 -9999 -9999 -9999
0.739630650728941 0.724420044571161 0.709877440705895 0.695591760799289 0.675256932154298 0.658587254583835 0.662022493779659 0.675291825085879 0.704014729708432 0.717433385550976 0.721112973988056 0.723050160333514 0.726290116086604 0.757601318880915 0.792623320594433 0.837293399497868 0.856208488345146 0.849368587136268 0.838498806580901 0.826079072430729 0.84463195130229 0.863268665969372 0.873214967548847 0.877972083166242 0.874574763700366 0.873261062428355 0.873273300006986 -9999 -9999 -9999 -9999 -9999 -9999 -9999 -9999 -9999 -9999 0.897030079737306 0.89289783500135 0.891979558393359 0.896111803129315 -9999 -9999 -9999 -9999 -9999 -9999 -9999 -9999 -9999 -9999 -9999 -9999 -9999 -9999 -9999 -9999 -9999
0.711018098518252 0.690931001678109 0.68827673792839 0.692327409982681 0.666998913511634 0.64533281698823 0.650619652122259 0.663046209141613 0.686692329123616 0.705959089100362 0.722438983619213 0.725421946495771 0.727237725630404 0.755100948736071 0.787960410118107 0.833810091018678 0.855379963293671 0.852670026943087 0.84306201711297 0.830800902098416 0.841167699545622 0.852916529402137 0.864920252934098 0.872483631595969 0.873069325461984 0.873289616778493 0.873277379199862 -9999 -9999 -9999 -9999 -9999 -9999 -9999 -9999 -9999 -9999 0.898407494649291 0.902539739385247 0.903458015993237 0.899325771257281 -9999 -9999 -9999 -9999 -9999 -9999 -9999 -9999 -9999 -9999 -9999 -9999 -9999 -9999 -9999 -9999 -9999
0.737728593870997 0.71597289480269 0.704926298931241 0.697998588904738 0.673376115038991 0.652583451941609 0.656144184991717 0.6663321480155 0.686934329569339 0.701657677069307 0.712639948353171 0.715964820235968 0.718986034393312 0.742880225181579 0.773773323744539 0.822863582521678 0.850572092458606 0.856898853555322 0.852904377505183 0.8449401948601 0.859285470098257 0.873710138723254 0.881970169022679 0.88951120339334 0.8959223870188 0.894098377786577 0.887033791281283 -9999 -9999 0.889972269535065 0.889972269535065 -9999 -9999 -9999 -9999 -9999 0.908997595310211 0.908628914505243 0.906416829675436 -9999 -9999 -9999 -9999 -9999 -9999 -9999 -9999 -9999 -9999 -9999 -9999 -9999 -9999 -9999 -9999 -9999 -9999 -9999
0.767136983573437 0.751449145376682 0.72833988815546 0.702376239001751 0.677381696179509 0.654562652111053 0.642336070537567 0.645033856853843 0.6711842212826 0.690573327243329 0.705659814178944 0.709136890247464 0.710739156231284 0.719941647723317 0.736423486843708 0.771831629797817 0.809619093313815 0.849785877391698 0.860635722056031 0.860209820792079 0.866451263427734 0.874495834112167 0.889595061540604 0.901054574176669 0.906794534996152 0.910800247453153 0.913702347315848 -9999 0.909455180168152 -9999 -9999 -9999 0.925264099612832 0.925855694338679 0.921061573550105 0.914196023717523 0.911823447793722 0.910066545009613 -9999 -9999 -9999 -9999 -9999 -9999 -9999 -9999 -9999 -9999 -9999 -9999 -9999 -9999 -9999 -9999 -9999 -9999 -9999 -9999
0.781401367858052 0.77161375246942 0.753996221348643 0.733367184177041 0.702670523896813 0.673156378790736 0.652515875175595 0.651067610830069 0.679778579622506 0.700085043907166 0.715043187141419 0.711392918601632 0.70459595695138 0.707573812454939 0.716069195419552 0.738910149782897 0.778467217460277 0.834740398451689 0.852455098181963 0.855339612811804 0.861645115539432 0.869972871616483 0.887405721470714 0.902715483680367 0.914688965305687 0.921177382580936 0.924175304360688 -9999 -9999 -9999 0.933051994070411 0.927662866190076 0.925264099612832 0.925855694338679 0.924899021163583 0.923346860334277 0.919118503108621 -9999 -9999 -9999 -9999 -9999 -9999 -9999 -9999 -9999 -9999 -9999 -9999 -9999 -9999 -9999 -9999 -9999 -9999 -9999 -9999 -9999
0.781656518578529 0.782207176089287 0.776012407615781 0.767223244532943 0.73723004758358 0.708017617464066 0.68894550204277 0.675814947113394 0.672021130099893 0.683759748935701 0.705382645130158 0.705361763015389 0.701314641162753 0.702410290017724 0.706958388909699 0.720482857897878 0.75422705896199 0.80819099210203 0.838808212429285 0.860445927828552 0.8758356384933 0.889724960550666 0.897949988022447 0.908888813108205 0.924092177301646 0.927364494651556 0.923044327646494 0.926800766959786 0.931957686319947 0.933462304994464 0.93495667912066 0.936424417421222 0.935148423537612 0.931128697469831 0.927269319072366 0.923471612855792 0.919118503108621 0.91546368598938 -9999 -9999 0.912035167217255 0.912035167217255 -9999 -9999 -9999 -9999 -9999 -9999 -9999 -9999 -9999 -9999 -9999 -9999 -9999 -9999 -9999 -9999
0.800757877528667 0.812476851046085 0.817386278882623 0.819676650688052 0.799951288849115 0.776479741558433 0.740752482786774 0.712880643084645 0.697353033348918 0.702093586325647 0.719732061028481 0.718370409682393 0.713714035227895 0.717647796496749 0.725727917626502 0.744588574394584 0.770367369055749 0.803064301609995 0.834950294345618 0.866524387151006 0.87964822165668 0.892045095562935 0.906233713030815 0.919595101848244 0.931656559929252 0.931526780128479 0.923638939857483 0.926800766959786 0.932073421776295 0.935661278665066 0.937324427068234 0.933983333408833 0.931665720418095 0.930371588096023 0.927269319072366 0.923471612855792 0.919118503108621 -9999 -9999 -9999 -9999 -9999 -9999 -9999 -9999 -9999 -9999 -9999 -9999 -9999 -9999 -9999 -9999 -9999 -9999 -9999 -9999 -9999
0.846808798611164 0.857949756085873 0.861597862094641 0.86236410215497 0.835172202438116 0.809630900621414 0.80056557059288 0.779236525297164 0.738635927438737 0.7227439917624 0.72257575020194 0.722677210345864 0.723030876368284 0.726755056530237 0.731818208470941 0.740362687036395 0.748674400150776 0.756753347814084 0.798622842878104 0.853488702327018 0.868391821160913 0.882380736991763 0.903552385047078 0.921025436371564 0.932686407119036 0.934631161391735 0.930392868816852 0.930570470169187 0.931690903380513 0.933825438842178 0.934932576492429 0.933368479833007 0.931862402707338 0.930414345115423 -9999 -9999 -9999 -9999 -9999 -9999 -9999 -9999 -9999 -9999 -9999 -9999 -9999 -9999 -9999 -9999 -9999 -9999 -9999 -9999 -9999 -9999 -9999 -9999
0.871566468849778 0.880460305139422 0.87742155790329 0.869793355464935 0.843172188848257 0.82020403072238 0.821087080985308 0.803733784705399 0.75772337242961 0.739634845405817 0.739314790815115 0.743027046322823 0.747233390808105 0.746129393577576 0.747778367251158 0.756585065275431 0.766603702679277 0.777834279462696 0.813277451321483 0.858033159747724 0.877294294536114 0.895396606996655 0.915203211829066 0.930140361189842 0.937425509095192 0.938730750232935 0.936230596154928 0.939203964546323 0.943083427846432 0.943756528198719 0.943677492439747 0.9416429027915 0.940625607967377 -9999 -9999 -9999 -9999 -9999 -9999 -9999 -9999 -9999 -9999 -9999 -9999 -9999 -9999 -9999 -9999 -9999 -9999 -9999 -9999 -9999 -9999 -9999 -9999 -9999
0.87549008987844 0.882394732907414 0.868783930316567 0.847282571718097 0.833765471354127 0.821241589263082 0.811335487291217 0.798998953774571 0.782843170687557 0.773224269971251 0.767765203490853 0.771489769220352 0.777124557644129 0.784008782356977 0.787396617233753 0.781693838536739 0.796451654285194 0.831670064479115 0.855543961748481 0.8750545848161 0.891308560967445 0.90698629617691 0.92074066400528 0.932583507150411 0.941422525793314 0.946565987542272 0.94935773126781 0.946801010519266 0.94331037811935 0.942128026857972 0.941765672527253 0.943535310216248 -9999 -9999 -9999 -9999 -9999 -9999 -9999 -9999 -9999 -9999 -9999 -9999 -9999 -9999 -9999 -9999 -9999 -9999 -9999 -9999 -9999 -9999 -9999 -9999 -9999 -9999
0.88338746316731 0.881469180807471 0.874143995344639 0.86473923176527 0.856764394789934 0.847842479124665 0.833764603361487 0.818901848047971 0.802805710583926 0.797462599352002 0.798962322995067 0.793925950303674 0.788526363670826 0.7991748675704 0.80720691382885 0.808436170220375 0.826522959396245 0.861467281356456 0.884509772062302 0.902974635362627 0.914018211886287 0.924096863716841 0.931533623486757 0.939442221075296 0.9480922780931 0.949916884303093 0.947398021817207 0.944639213383198 0.942162655293941 0.945300169289112 0.946898099966347 0.94449311401695 -9999 -9999 -9999 -9999 -9999 -9999 -9999 -9999 -9999 -9999 -9999 -9999 -9999 -9999 -9999 -9999 -9999 -9999 -9999 -9999 -9999 -9999 -9999 -9999 -9999 -9999
0.870518412441015 0.864506978541613 0.868467658758163 0.87626376748085 0.872473822906613 0.866805750876665 0.855154704302549 0.840431600809097 0.820880979299546 0.806795947253703 0.79618901759386 0.790012314915657 0.785705924034119 0.798132061958313 0.806711101904511 0.80528768710792 0.827246882021429 0.872588686645034 0.902147190645337 0.925635194405916 0.930717524141073 0.934455316513777 0.936883855611086 0.941424621269106 0.949284600093961 0.947372386232018 0.93924150429666 0.938552075996995 0.939297448843718 0.939133498817682 0.939683142118156 0.942088128067553 -9999 -9999 -9999 -9999 -9999 -9999 -9999 -9999 -9999 -9999 -9999 -9999 -9999 -9999 -9999 -9999 -9999 -9999 -9999 -9999 -9999 -9999 -9999 -9999 -9999 -9999
0.889921545982361 0.863646626472473 0.865229269489646 0.877526359632611 0.87426882609725 0.870249770581722 0.866997994482517 0.863804422318935 0.860702313482761 0.857419613748789 0.854021992534399 0.825792061164974 0.794368317350745 0.793079616501927 0.794596878811718 0.803409645333886 0.824860880151392 0.858950583264234 0.881900748237968 0.900566475465896 0.917517038062215 0.932261437177658 0.936479479074478 0.941077085211873 0.9462711494416 0.948084348812699 0.947746088728309 0.942688873037696 0.937228597700596 0.940960757434368 0.942581189796329 0.938711130991578 0.936776101589203 -9999 -9999 -9999 0.918712317943573 0.919130826368928 0.921641876921057 0.923176407814026 -9999 -9999 -9999 -9999 -9999 -9999 -9999 -9999 -9999 -9999 -9999 -9999 -9999 -9999 -9999 -9999 -9999 -9999
0.906784866005182 0.865140955895186 0.856275770813227 0.860017787665129 0.86318464204669 0.865057801827788 0.860631654039025 0.860679920762778 0.86775941029191 0.8670564442873 0.861401006579399 0.839265992864966 0.813523314893244 0.782480902969837 0.761120148003102 0.764931701123714 0.776448084041477 0.795669296756388 0.830180490389467 0.870572445914153 0.893880866467953 0.914758650586009 0.928507821634412 0.939630853012204 0.946627093479038 0.949253542348742 0.949099214747548 0.94446380995214 0.939221436157823 0.93889625184238 0.938651748001575 0.938617013394833 0.936847358942032 0.933342784643173 -9999 -9999 -9999 -9999 -9999 -9999 -9999 -9999 -9999 -9999 -9999 -9999 -9999 -9999 -9999 -9999 -9999 -9999 -9999 -9999 -9999 -9999 -9999 -9999
0.92239909619093 0.881570376455784 0.859791647642851 0.845339838415384 0.851391855627298 0.857262345030904 0.856194658204913 0.859908299520612 0.871135456487536 0.870301153510808 0.861791376024485 0.848690131679177 0.834516325965523 0.817719964310527 0.795664396136996 0.75993489101529 0.746647160500288 0.75580120459199 0.77493317425251 0.797902807593348 0.850461959838868 0.899305237457156 0.920866342261434 0.935289772227406 0.938496856018901 0.939732294529676 0.939713049679995 0.942774545401335 0.946017319336534 0.941867304965854 0.938199715688825 0.935786431655288 0.93395808711648 0.932714682072401 0.930358432233333 0.927574165165424 -9999 -9999 -9999 -9999 -9999 -9999 -9999 -9999 -9999 -9999 -9999 -9999 -9999 -9999 -9999 -9999 -9999 -9999 -9999 -9999 -9999 -9999
0.945777585729957 0.912711413577199 0.894651405513286 0.882362999022007 0.877452434971929 0.874629963189363 0.880077999085188 0.884282577782869 0.88653315231204 0.88157015107572 0.872016692534089 0.859091110527515 0.844783192500471 0.818440781906247 0.787061583250757 0.742586735635995 0.725407756865025 0.735524646937848 0.748507987707853 0.762593809515239 0.824753131717444 0.883258581161499 0.909355401992798 0.927146257832646 0.931884882971645 0.934473484754562 0.935693889856338 0.941864004358649 0.948471732437611 0.945689879357815 0.942012671381235 0.936007540673018 0.93004192225635 0.924115816131235 0.916442399844527 0.908096941187978 -9999 -9999 -9999 -9999 -9999 -9999 -9999 -9999 -9999 -9999 -9999 -9999 -9999 -9999 -9999 -9999 -9999 -9999 -9999 -9999 -9999 -9999
0.961777800694108 0.942838890478015 0.922131845727563 0.900744749233127 0.896940575912595 0.893393086269498 0.88595756702125 0.882747856900096 0.886178703978658 0.884386183694005 0.879269702360034 0.870202019810676 0.859533991664647 0.835094172507525 0.806934511288997 0.769103260710834 0.752449609339237 0.756973557174206 0.761609254404902 0.766287932172418 0.830204987898469 0.890556048601865 0.915654081851244 0.93253462947905 0.936501985415816 0.937930148094893 0.937742460519075 0.94197172857821 0.946531385183335 0.941689997911453 0.936013055965305 0.92816367186606 0.919660465791822 0.910503437742591 0.907827172428369 0.907643508166075 -9999 -9999 -9999 -9999 -9999 -9999 -9999 -9999 -9999 -9999 -9999 -9999 -9999 -9999 -9999 -9999 -9999 -9999 -9999 -9999 -9999 -9999
0.96608049608767 0.956994144245982 0.94357281178236 0.928484179079533 0.923059821128845 0.917262544855475 0.906758243218064 0.895211890339851 0.88202802836895 0.876503625884652 0.875853424891829 0.871818862855434 0.866806033998727 0.856669496744871 0.838294349610802 0.798498816788195 0.777040289714932 0.773918768391013 0.773295106366277 0.773632159456611 0.846367487683893 0.913377813994884 0.930469520390034 0.941298136487603 0.942284753546119 0.940820587798953 0.937796832993626 0.934947030618787 0.931760722771287 0.922262383624911 0.914346631616354 0.910545606166124 0.908452359959483 0.90806689299643 0.907827172428369 0.907643508166075 0.90887514129281 0.909970879554749 -9999 -9999 -9999 -9999 -9999 -9999 -9999 -9999 -9999 -9999 -9999 -9999 -9999 -9999 -9999 -9999 -9999 -9999 -9999 -9999
