data/dis.20102014.winter.solea_max.asc
NCOLS 320 
NROWS 120 
XLLCORNER 2 
YLLCORNER 53 
CELLSIZE 0.025 
NODATA_value -9999 
[rows 25 to 49 of 120, columns 174 to 231 of 320]
0.390037609264256 0.359435989521444 0.341470436193049 0.32461902871728 0.308476623147726 0.286346409469843 0.264527954161167 0.268367938697338 0.268786253407597 0.260308226570487 0.248974585905671 0.23478533141315 -9999 -9999 -9999 -9999 -9999 -9999 -9999 -9999 -9999 -9999 -9999 -9999 -9999 -9999 -9999 -9999 -9999 -9999 -9999 -9999 -9999 -9999 -9999 -9999 -9999 -9999 -9999 -9999 -9999 -9999 -9999 -9999 -9999 -9999 -9999 -9999 -9999 -9999 -9999 -9999 -9999 -9999 -9999 -9999 -9999 -9999
0.460901376791299 0.426588238216937 0.364676265977322 0.326117243617773 0.302419189363718 0.287336739711464 0.274607772938907 0.2725949594751 0.268786253407597 0.260308226570487 0.248974585905671 0.23478533141315 0.231750525068492 0.233005891088396 0.214041140861809 0.192255184520036 0.162310290616005 -9999 -9999 -9999 -9999 -9999 -9999 -9999 -9999 -9999 -9999 -9999 -9999 -9999 -9999 -9999 -9999 -9999 -9999 -9999 -9999 -9999 -9999 -9999 -9999 -9999 -9999 -9999 -9999 -9999 -9999 -9999 -9999 -9999 -9999 -9999 -9999 -9999 -9999 -9999 -9999 -9999
0.467899644747377 0.447599858045578 0.410266727209091 0.365762894041837 0.316695886664092 0.300529106520116 0.290905653499067 0.280657988972962 0.271965600550175 0.267316929996014 0.262710822746158 0.258147278800607 0.247209255117923 0.233819508459419 0.214041140861809 0.192255184520036 0.162310290616005 0.136413808679208 0.116879116976633 0.103125728666782 0.0930513516068457 0.0941473657730967 -9999 -9999 -9999 -9999 -9999 -9999 -9999 -9999 -9999 -9999 -9999 -9999 -9999 -9999 -9999 -9999 -9999 -9999 -9999 -9999 -9999 -9999 -9999 -9999 -9999 -9999 -9999 -9999 -9999 -9999 -9999 -9999 -9999 -9999 -9999 -9999
0.491371453739704 0.444364169612527 0.429633041843772 0.390104810707272 0.334796604700386 0.315788353793323 0.30432004854083 0.297610972076654 0.289376547560096 0.277176218107343 0.267973081208766 0.261767136864364 0.260474739596248 0.261072168126702 0.240251610521227 0.215252281166613 0.175658500753343 0.142235424602404 0.118509169435128 0.103125728666782 0.0930513516068457 0.0941473657730967 0.0972924530506134 -9999 -9999 -9999 -9999 -9999 -9999 -9999 -9999 -9999 -9999 -9999 -9999 -9999 -9999 -9999 -9999 -9999 -9999 -9999 -9999 -9999 -9999 -9999 -9999 -9999 -9999 -9999 -9999 -9999 -9999 -9999 -9999 -9999 -9999 -9999
0.50197697710246 0.452881338074803 0.439003823325038 0.417009624652565 0.389850263483822 0.354037313722074 0.318118017166853 0.309813026338815 0.299403167329729 0.283520651049912 0.274349801242352 0.271890617907047 0.269957104697824 0.268225772306323 0.244904726743698 0.218768598977477 0.184906975831836 0.155613686889409 0.133499208837747 0.116397949168458 0.102486919378862 0.10282797832042 0.106678574578837 0.121734203537926 0.128698305226862 0.1146244360134 0.0985999261029063 0.0806247754953797 0.0756316781044006 -9999 -9999 -9999 -9999 -9999 -9999 -9999 -9999 -9999 -9999 -9999 -9999 -9999 -9999 -9999 -9999 -9999 -9999 -9999 -9999 -9999 -9999 -9999 -9999 -9999 -9999 -9999 -9999 -9999
0.571049913764 0.538557960651815 0.471280531026422 0.434207779355347 0.416356186382472 0.380080793052912 0.342450903728604 0.344435503706336 0.338411334902048 0.311564367264509 0.290838770568371 0.276234544813633 0.271612421609461 0.270829568617046 0.25284243421629 0.23156098742038 0.198868061415851 0.175192341674119 0.165686517488211 0.144390401430428 0.115591372363269 0.114838781533763 0.120381195796654 0.137580806622282 0.145973537815735 0.131468381965533 0.116109439171851 0.0998967094346876 0.0972469663247466 0.0998137565329671 0.103403788292781 0.100425527663902 0.0643048516940322 0.0439726256299764 0.0484508208464832 0.0451266233576459 0.0368372668744995 0.033254271314945 -9999 -9999 -9999 -9999 -9999 -9999 -9999 -9999 -9999 -9999 -9999 -9999 -9999 -9999 -9999 -9999 -9999 -9999 -9999 -9999
0.577769603580237 0.550227221101523 0.489486519247293 0.45476917270571 0.436612143181264 0.423365442082286 0.410511706955731 0.387643276713788 0.363742950372398 0.337159694172442 0.313121577724815 0.291628601029515 0.279957718215883 0.272064563818276 0.256217977032065 0.238457227125764 0.213464906439185 0.19484147708863 0.186226305551827 0.163741854485124 0.132431498263031 0.132324669510126 0.13863808196038 0.148003601469099 0.152771491091698 0.145585543010384 0.132831597235054 0.114509653765708 0.109502018196508 0.109615270281211 0.112205007812008 0.107931905891747 0.0686162286438044 0.045815497636795 0.0489668250083924 0.0451266233576459 0.0368372668744995 0.033254271314945 0.0306608724640682 0.0288889905204996 0.0274797647143714 0.0270134448655881 0.0273894371348433 0.0286077415221371 -9999 -9999 -9999 -9999 -9999 -9999 -9999 -9999 -9999 -9999 -9999 -9999 -9999 -9999
0.589018383994699 0.567833250388504 0.51988517679274 0.47785677202046 0.439595429226756 0.431126918643713 0.427064915187657 0.396617903374135 0.36742617469281 0.341498182155192 0.319474320858717 0.301354590803385 0.28679708763957 0.273609671741724 0.255784786771983 0.237198269926012 0.216167555190623 0.202123855240643 0.199059749953449 0.178915611002594 0.147902359720319 0.143882538657635 0.14526057895273 0.146624599583447 0.146465672645718 0.142347082030028 0.139158945530653 0.136901263147592 0.112231373786926 0.0789414048194888 0.0629590736934914 0.0502679038327187 0.0489420585799962 0.0492898315424099 0.0522675759857521 0.0521458233706652 0.0500516635365784 0.0425522238947449 0.0342346998513676 0.0303876923280768 0.0274797647143714 0.0270134448655881 0.0273894371348433 0.0286077415221371 0.0292539189686067 0.0296800475916825 0.0319587202975527 0.0338666108436882 0.033375724684447 -9999 -9999 -9999 -9999 -9999 -9999 -9999 -9999 -9999
0.587296405807137 0.571233032271266 0.527239741757512 0.496145782060921 0.473260487429797 0.453280318528414 0.432874699123203 0.395358993671833 0.366931487806141 0.362133300863206 0.340060061775149 0.300711770541966 0.285216684453189 0.278895908035338 0.257274555973708 0.235425740946084 0.216939780395478 0.207032224629074 0.210605019237846 0.194702835287898 0.166407483164221 0.157993020489812 0.153507097624242 0.148211327381432 0.145137033890933 0.147838579956442 0.147253841627389 0.143382818903774 0.119050454581157 0.0868483434896919 0.0712558971717952 0.0586263859877363 0.0559263549512252 0.0551250790013 0.0573075610445812 0.0582393015502021 0.0583751156227663 0.0504377774195743 0.0410626553930342 0.0346939261071384 0.0296364437090233 0.0279882032191381 0.0276843644678593 0.0287249274551868 0.0292941831285134 0.0296821667579934 0.0319587202975527 0.0338666108436882 0.033375724684447 0.0330757386982441 -9999 -9999 -9999 -9999 -9999 -9999 -9999 -9999
0.586551548913121 0.575532328337431 0.552116978913545 0.520843354053796 0.484569008462131 0.460784802213311 0.438818491995334 0.405289940536021 0.377618565224111 0.365175847895443 0.343303263187409 0.312000811100006 0.294966529123485 0.283420004881918 0.258712340611964 0.235579564701766 0.224192154128104 0.212630033958703 0.200793370138854 0.198155363090336 0.201371046714485 0.18902492383495 0.173231048509478 0.151735523715615 0.138799328356981 0.148117389529944 0.154297827742994 0.157340642996132 0.13160278275609 0.0947954319417479 0.0809634730685501 0.0696265564765782 0.0640073830727487 0.0605955986538902 0.0606525683542713 0.0609870820771903 0.0614982147235423 0.0571930865989996 0.0516799467150121 0.0420058935414999 0.0340868249186314 0.0307307161274366 0.0301852994016372 0.0324505747412331 0.0340717330109328 0.035445153946057 0.0369800523621962 0.0382059724070132 0.0378395072184503 0.0388645401690155 0.0420762130524963 0.0408913714345545 0.0369087478611618 0.032415530178696 0.0279778162948787 0.0262196869589388 0.0249499268829823 -9999
0.588715363293886 0.587766656652093 0.567712953314185 0.538538231514395 0.503559225238859 0.484585924074054 0.466856994666159 0.415862987749277 0.376165332272649 0.365838190540671 0.352090930566192 0.33492355234921 0.309516429901123 0.280940175056458 0.261922014411539 0.243826584890485 0.227533606812358 0.215977831277996 0.211866231169552 0.208214703481644 0.204855949152261 0.196730790659785 0.186593392398208 0.158453692216426 0.140290673356503 0.148067025933415 0.152536851819605 0.153700151015073 0.135626397095621 0.110153776593507 0.0908298634458331 0.076092496048659 0.0824794140644372 0.0836814406793565 0.0767357808072119 0.0736245478037744 0.0729534046258777 0.0644177539506924 0.054418696090579 0.0462810415774583 0.0393893226282671 0.0357370361452923 0.0345250915270299 0.03575348877348 0.0381917094346136 0.0410952467937023 0.0425175919663161 0.043340960633941 0.041605091537349 0.041868376545608 0.0452731894329191 0.0438801038544625 0.0394338101614266 0.0346740586101078 0.0299903591512702 0.027665301982779 0.0260609397664666 0.0263303844258189
0.575279260054231 0.572768481448293 0.566715506836772 0.546747669577599 0.517924919724464 0.485034879297018 0.452858928591013 0.446651291102171 0.430806364864111 0.389904487878084 0.358470900915564 0.336505603976548 0.305915311910212 0.272007714025677 0.254753086715936 0.239807981532067 0.231512554455548 0.223122549243271 0.21458392124623 0.196649516001343 0.172735979780554 0.172028126660734 0.175281119532883 0.166969171725214 0.161476307082921 0.16331305867061 0.161860160529613 0.157117612659931 0.138270529452711 0.113998624961823 0.102073611691594 0.092446704627946 0.0906788900028914 0.0882978870067746 0.0849533022847026 0.0805210564285515 0.0753966625779867 0.0685045305872334 0.0613096518209204 0.0549783875467255 0.0499067649943754 0.0481102109188214 0.0471313680754974 0.0469702364644036 0.0498880534432829 0.0539900814183057 0.0504709394881501 0.0472931727999822 0.0480638028820976 0.0467965014977381 0.0423267363803461 0.03812017547898 0.0340811081696301 0.032087811967358 0.0305444462574087 0.0296942771528847 0.029253245331347 0.0298759704455733
0.548873072490096 0.544711396098137 0.552876308560371 0.545056795701385 0.527065375819802 0.481781599111855 0.435002555139363 0.455597980879248 0.45761155616492 0.411312320269644 0.373624299652875 0.344547494314611 0.309558976441621 0.272296722978354 0.254751286935061 0.239976478274912 0.233255742583424 0.224857709370553 0.213823922909796 0.195580694358796 0.172749639023095 0.174716367386281 0.181094513274729 0.17815429251641 0.176714348606765 0.179175124503672 0.175012880936265 0.164227617904544 0.148570262826979 0.131039026193321 0.11069920589216 0.0948349349200725 0.102174464613199 0.104613006813452 0.0993499972391873 0.0947430254891514 0.0905535323545336 0.0885018575936555 0.086560106370598 0.0792184728197753 0.0724785877391695 0.0673032486811281 0.0622236341005191 0.0572397439973429 0.0561915286816657 0.0566570344381034 0.0529186456697061 0.0495782711077481 0.0494644071441144 0.0462678199401126 0.0382269533583894 0.0330898348474875 0.0298005560180172 0.0306265873368829 0.0321167283109389 0.0309046789188869 0.0301041239290498 0.0303734543849714
0.525900758802891 0.527287673205137 0.53323607519269 0.52127539832145 0.497918034903705 0.479792962782085 0.464563190937042 0.480763733386994 0.485987400636077 0.462671192362905 0.430410973727704 0.389206744730473 0.336883245036005 0.28028310276568 0.262221798766404 0.247465195599943 0.23789714416489 0.228017273359 0.217647400684655 0.197490347549319 0.171105088666081 0.173209373839199 0.180724932346493 0.183367687743157 0.184572287835181 0.182037684135139 0.174166398122907 0.160958429798483 0.14487651642412 0.127689239569008 0.114626613678411 0.105013335589319 0.111433663871139 0.11562420707196 0.116310802288353 0.117284083506092 0.118439801270142 0.111703377449885 0.104047852102667 0.10760088218376 0.109104507835582 0.105279681971297 0.0955161792226134 0.0798139995895327 0.0710198909509926 0.0648827326949684 0.0584415076300501 0.0522003861842676 0.0470492142485455 0.0414655848871917 0.0352023795712739 0.0317995571531356 0.0302169783972204 0.0306341121904552 0.0313248864840716 0.029868526617065 0.0290264196810313 0.0297813703655265
0.52968955039978 0.529545607045293 0.524790285155177 0.514290455728769 0.500135030597448 0.487617261707783 0.476909236982465 0.491398831829429 0.496127574704587 0.475478102453053 0.453289176337422 0.429560796357692 0.38373333774507 0.329406233504415 0.299131490290165 0.272650241851807 0.258062243461609 0.243891337420791 0.230375862214714 0.211189235560596 0.188393694348633 0.180351490154862 0.175392576958984 0.172688264865428 0.170439367182553 0.169374546967447 0.166161348577589 0.160799772012979 0.147145603317767 0.130301976110786 0.126554833026603 0.122827420942485 0.115346756763756 0.110384015832096 0.109378011431545 0.110026632202789 0.111728196265176 0.104762900387868 0.0969017848838121 0.103279059519991 0.1053008842282 0.0959985391236843 0.0864306699950247 0.0765972768422217 0.0666039991192519 0.0565492273308334 0.0535660759778693 0.0501393168233333 0.0424146302975715 0.0357569250627421 0.0307759047136642 0.0282415917608887 0.027264274423942 0.0277524638804607 0.0284807343268767 0.0283076585037634 0.0284737625042908 0.0295217340462841
0.516376070678234 0.513609933666885 0.50219212193042 0.492316258139908 0.483421633951366 0.464328943751752 0.444678238593042 0.450214703567326 0.455804049037397 0.461530883796513 0.454178839921952 0.433747917413712 0.396858899854123 0.353639845736325 0.326904528774321 0.304131585173309 0.296322350390255 0.279817008879035 0.249646356794983 0.225733320694416 0.205802403856069 0.194978340994567 0.186218092218041 0.181579379364848 0.175790161825716 0.167009632103145 0.150702911894768 0.126870001200586 0.121785691007972 0.123912381008267 0.120623130584136 0.117571410257369 0.117300264071673 0.116392145631835 0.11448307079263 0.10592850856483 0.0931449998170136 0.0946014958899469 0.0987222702242434 0.0997197586111724 0.0986954469699412 0.0924144552554936 0.0863949914928525 0.0806370556820184 0.0710587736684828 0.0600111277308312 0.0544961808482184 0.0490506706992163 0.0423250797903166 0.0359280863776804 0.0300474604591727 0.0280905112740584 0.0286304472829215 0.0288800306734629 0.029110788309481 0.0300087070208974 0.0309196543530561 0.0318644760991447
0.519312340766191 0.520980877801776 0.523231284692883 0.50900676753372 0.48429820779711 0.462794329039753 0.44330573361367 0.447181039489806 0.454576740041375 0.471125466749072 0.471901002340019 0.456903346814215 0.424660204909741 0.385784183628857 0.365607069805264 0.346093756146729 0.32439976464957 0.302009327337145 0.278524475172162 0.255023641511798 0.231512637808919 0.209375490900129 0.18842293554917 0.182937323581427 0.171833266038447 0.14612124999985 0.126166966510936 0.111970415571704 0.108412776375189 0.108947026310489 0.114098254125565 0.118080497020856 0.114859880646691 0.111758318962529 0.108843843219802 0.0983595682773735 0.083058148389682 0.0831032632850111 0.0859105519484728 0.0834965764079243 0.0820450680330396 0.0830959742888808 0.0794952427968382 0.071242873556912 0.0624690066324546 0.0534945636754853 0.0495657888241112 0.0452822175575419 0.0377406441839413 0.0316775456303731 0.027937764651142 0.0269906494650058 0.0278206852381118 0.0288595849415287 0.029914980288595 0.0305406642146409 0.0313042470370419 0.0324263669899665
0.534545021131635 0.531506402418017 0.524779992178082 0.509549695067108 0.488907833583653 0.470508326776326 0.453565942123532 0.453770628198981 0.458393578417599 0.474504015408456 0.474656398408115 0.458850727416575 0.43493821285665 0.407907681539655 0.370129632763564 0.334210149012506 0.310744524933398 0.29099535383284 0.27708632312715 0.261153574101627 0.243933004327118 0.214548057876528 0.184601842425764 0.186472934670746 0.181508379988372 0.15877114329487 0.13847546488978 0.120621344773098 0.113327233819291 0.110094664851204 0.109158261213452 0.107772925402969 0.103467585984617 0.0988853655289859 0.0938680463004857 0.0864631556905804 0.0775389014743268 0.07102566328831 0.0656148516573012 0.070747836958617 0.0725473096827044 0.0656796497059987 0.0589476120658218 0.0523511967621744 0.0510520191164687 0.0517902405699715 0.0465043385047465 0.0409160457784309 0.0355876007815824 0.0314801622880623 0.029291448299773 0.0274703676113859 0.0258832353865728 0.0286531002493575 0.0321513793896884 0.0332189111504704 0.0342498634709045 0.0351857092464343
0.538797542452812 0.533236995339394 0.523968085646629 0.506994005292654 0.485116634517908 0.470159488730133 0.456991696730256 0.450714154168963 0.448903374373913 0.458706177771091 0.459252493456006 0.450542321428657 0.430910843424499 0.407078863121569 0.374983561225235 0.34477471280843 0.326428520493209 0.307044560089707 0.286029821261763 0.270212520845234 0.257702681235969 0.229464235249907 0.199357845820486 0.190973679535091 0.181616867892444 0.169731178320944 0.157175573520362 0.143950053490698 0.127881004707888 0.110718291020021 0.0990531421266495 0.0897309374995529 0.0905065233819187 0.0880202522967011 0.0804082059767096 0.0746349254623054 0.0700317686423659 0.0665332244243472 0.0637101407628507 0.068614203715697 0.0690830099629237 0.0580201487755404 0.0511735546169802 0.0485432274872437 0.0497110964497551 0.0523398100631312 0.0451762670418247 0.038028654642403 0.0338407708331943 0.0308254428091459 0.0296527024474926 0.0285301514086314 0.0274395390297286 0.0297145235817879 0.0325344167649746 0.0331747271120548 0.0340622634394094 0.0355925873154775
0.553222546353936 0.54541533999145 0.541046859696507 0.526351874694228 0.505085477605462 0.487673903815448 0.47143801022321 0.462082280777394 0.455178048461676 0.454647708684206 0.452592516317964 0.449012471362948 0.430566790513694 0.406403557397425 0.384781342931092 0.362460918724537 0.335902087390423 0.31456118542701 0.301419886760413 0.286281730979681 0.269872847944498 0.234300112351776 0.196190140675753 0.180104254279286 0.166382241528481 0.158806300256401 0.151111650280654 0.14329829160124 0.13083431776613 0.116581645794213 0.0982743103522806 0.0819917460903526 0.0770255858078598 0.0708315754309297 0.0627080863341688 0.0570852569071575 0.0530537563608959 0.0517579274019226 0.0510595077648759 0.0512157632037997 0.0495385896647348 0.0430945007828996 0.0400024900445715 0.0402625574497506 0.0398036346305162 0.0390681771095842 0.0362988292472437 0.0333422285038977 0.0300475663971156 0.0281539625138976 0.0284620215534233 0.0283325730706565 0.0279247107100673 0.0282795875682495 0.0287817621137947 0.0291946840006858 0.0301320630242117 0.0324330306029879
0.542215183377266 0.534883035346866 0.539117740467191 0.524308721534908 0.497380969114601 0.480958186089993 0.466670772992074 0.452967752702534 0.441703461110592 0.436779864132404 0.431638136506081 0.426278278231621 0.409309255890548 0.387875170446932 0.374482672661543 0.360350132919848 0.34015221055597 0.31987215206027 0.299463022500276 0.277275961823761 0.253957490436732 0.228010077029467 0.201902464032173 0.182009860873223 0.1684391614981 0.17130541196093 0.164941963274032 0.149348815437406 0.131789749953896 0.113474562298507 0.101164493244141 0.0892483144998551 0.0775353759527205 0.067586281336844 0.0604089414700865 0.0567483962513506 0.0553258112631738 0.0525642434367909 0.0495291609549895 0.0463968709809705 0.0431591506348923 0.0396473113214597 0.0385278065223247 0.0398006362374872 0.0399406775832176 0.0396450310945511 0.0358685794053599 0.0321274636080488 0.0295867935055867 0.0280941189848818 0.0282482946640812 0.0282710622414015 0.0282102064811625 0.0283408003742807 0.0285608827252872 0.0296513400389813 0.0308400748763233 0.0322843312751502
0.544633638113737 0.542761554941535 0.530134150758385 0.509446479380131 0.483629547059536 0.474085800349712 0.467128325253725 0.448808636516332 0.43284179456532 0.422992354258895 0.4125607740134 0.401547053828835 0.390923875384033 0.380450905300677 0.361574131995439 0.343386748805642 0.331118023023009 0.316748088225722 0.299076253548264 0.27679342450574 0.25157632632181 0.230077147018165 0.209874074906111 0.199063900858164 0.188499737996608 0.178575204219669 0.170701621565968 0.164878990035504 0.152521579526365 0.137650792486966 0.130649359431118 0.121880559483543 0.101960409199819 0.0845019584521652 0.0709118926897644 0.0628922334872185 0.0584173784591257 0.0552114195888861 0.0524195787729695 0.0523534979438409 0.0504055808996781 0.0435648896964267 0.0403193193487823 0.040668869856745 0.0383714700583368 0.035056012449786 0.0323829638073221 0.0298310130601748 0.0276956079760567 0.0257506638299674 0.024105015443638 0.0244395543704741 0.0260342124965973 0.0281298604677431 0.0302140550338663 0.0304001762415282 0.0307952291914262 0.0317335046711378
0.520501913502812 0.520603744313121 0.515285225585103 0.502673510462046 0.485420670360327 0.480691539123654 0.477406385354697 0.45608823839575 0.435541943646967 0.417002464644611 0.402865706011653 0.393131667748094 0.381116416305303 0.368223775178194 0.35428163036704 0.339984863996506 0.324223667383194 0.308713709935545 0.293598556891084 0.273005003575235 0.248925195541233 0.236563867889345 0.227324712090194 0.231319644488394 0.225532288197428 0.194310981314628 0.179142490029335 0.180026814341545 0.168023206759244 0.151062702294439 0.145685290452093 0.13876023888588 0.120690196752548 0.1036315637175 0.0881622878368942 0.0769927718210963 0.0685594666283577 0.0642392154550179 0.0607601347146556 0.057596567668952 0.0535645574564114 0.0472745950100944 0.0432664736872539 0.0415401934878901 0.0390713972738012 0.0363170179771259 0.0337559770559892 0.031186542357318 0.0285182745428756 0.0259925030404702 0.0236906543141231 0.0242960246396251 0.0267514434526675 0.0288858589483425 0.0308663778123446 0.0313220652169548 0.0318038939731196 0.0323536902433261
0.508815120905638 0.512915670871735 0.514294326305389 0.502576822414994 0.482525398954749 0.487315743230283 0.494896412827074 0.465450602583586 0.440389230847359 0.426727399230003 0.41418743506074 0.402769338339567 0.392648188397288 0.383025864139199 0.368642996996641 0.35235395282507 0.327934183180332 0.305305358022451 0.285490874201059 0.2683608205989 0.252939040772617 0.243566983379424 0.236516158096492 0.248357222415507 0.246151197236031 0.20742273936048 0.190363282337785 0.194972826167941 0.174236977472902 0.143752900883556 0.127480869181454 0.113852615468204 0.109263238497078 0.100832572905347 0.0863655966240911 0.078518473310396 0.0748839837033301 0.0700954981148242 0.0652265856042504 0.0629140017554164 0.0585676375776528 0.048933444544673 0.0432706024730578 0.0415791113628075 0.038729332620278 0.0354340586345642 0.0331139469053596 0.0312250254792161 0.0312052431399934 0.030138319649268 0.0274258886347525 0.0269880854175426 0.0279977726167999 0.0303976979921572 0.0328655519406311 0.0317613818333484 0.0314256739220582 0.0330879677203484
0.509302632883191 0.511289622634649 0.514935348182917 0.509623199701309 0.498610585927963 0.497339308261871 0.496310248970985 0.466278359293937 0.439321892336011 0.420361524447799 0.406323068775237 0.397206525318325 0.386877749115229 0.376082729548216 0.365331486798823 0.353685424663127 0.337552390061319 0.320966879837214 0.30367033649236 0.280708199366927 0.254140684381127 0.248730042949319 0.247347242198884 0.242504362948239 0.23233313113451 0.208308182656764 0.196266204118729 0.196207195520401 0.174211550503969 0.143778737634421 0.133403338491917 0.125943448860198 0.127161867450923 0.123658012598753 0.112733442336321 0.0991726731881495 0.0839343229308723 0.0748459496535359 0.067278608912602 0.064658899558708 0.0608486322453245 0.0539429142372683 0.049045052845031 0.0461550480686128 0.0419415076030418 0.037218914949335 0.0336175570264458 0.030768483877182 0.0313510596752167 0.0305361172067933 0.0275250746053643 0.0267457076115534 0.0273864978225902 0.0301032208953984 0.0329168901080265 0.0303204719675704 0.0287375341868028 0.029789645341225
