data/dis.20102014.winter.sprattus_all.asc
NCOLS 320 
NROWS 120 
XLLCORNER 2 
YLLCORNER 53 
CELLSIZE 0.025 
NODATA_value -9999 
[rows 75 to 99 of 120, columns 174 to 231 of 320]
0.947889318689704 0.946881515905261 0.946808056905866 0.946249313652515 0.945381753146648 0.945261606946587 0.945155592635274 0.942748611792922 0.941523060202599 0.943369224667549 0.943183129653335 0.940964775159955 0.939558958634734 0.938465656712651 0.937494264915585 0.936669088900089 0.936539135873317 0.938108844682574 0.942349450662732 0.945436151698232 0.94778854958713 0.943361300975084 0.937471505254507 0.929769206792116 0.923775773495436 0.922225389629602 0.922494867816567 0.924584208056331 0.924547500908375 0.923693083226681 0.92685647495091 0.929857548326254 0.930865321308374 0.932098165154457 0.933684691786766 0.933582670986652 0.93240612000227 0.931928563863039 0.93179314211011 0.935097422450781 0.937877982854843 0.939296871423721 0.940667245537043 0.941989105194807 0.942301975563169 0.942226773127913 0.942928217351437 0.942804411053658 0.938325926661491 0.933407770469785 0.927798701450229 0.925835687667131 0.92619289085269 0.925310717895627 0.924289470538497 0.925117837265134 0.924612205475569 0.920638177543878
0.936449808999896 0.941885726526379 0.943713350221515 0.943379128351807 0.941669186577201 0.94043055921793 0.939436085522175 0.940989755094051 0.942008752375841 0.941637601703405 0.940801221877336 0.939499612897634 0.93784880824387 0.936063697561622 0.936691964045167 0.937239553779363 0.936673942953348 0.936995642259717 0.938711686059832 0.940428610891104 0.942146096378565 0.940491206943989 0.93805581331253 0.933817923069 0.93054598197341 0.929785508662462 0.928885761648417 0.927846740931273 0.929135715588927 0.931320073083043 0.93236256018281 0.933619683608413 0.936285832896829 0.937988696619868 0.938177825883031 0.936939295381307 0.934792254120111 0.937096143141389 0.940181151032448 0.941412016749382 0.94269279204309 0.944103332236409 0.944874601438642 0.945006599649787 0.946064023301005 0.94747737981379 0.947138302028179 0.946570601314306 0.945375207811594 0.941216355189681 0.932400638237595 0.929096447303891 0.929299591109156 0.928344048559666 0.927071910351515 0.924357179552316 0.921056823804974 0.916233843192458
0.92971596121788 0.933734549209476 0.934727000072598 0.934930559247732 0.9346320964396 0.936299357563257 0.938333455473184 0.93992031738162 0.941543258726597 0.943260006606579 0.943902043625712 0.943469369783997 0.94082972407341 0.93734124302864 0.937331981956959 0.937599459663033 0.938227331265807 0.938901711255312 0.939649175852537 0.940963860601187 0.942639503628016 0.941786270588636 0.94016245380044 0.934036891907454 0.930165139958262 0.932153293862939 0.933373900130391 0.933826958760619 0.934508964419365 0.935279026627541 0.936513043940067 0.938155516982079 0.94170381128788 0.943796211853623 0.943600779399276 0.941948859021067 0.939370082691312 0.942334370687604 0.946137199178338 0.945348797366023 0.944346703588962 0.942789010703564 0.941384438425303 0.940132986754179 0.941934267058969 0.944909675046801 0.947277717292309 0.948754357174039 0.94595262221992 0.941595405340195 0.93479385972023 0.933240432292223 0.935026716440916 0.931885307654738 0.927749518305063 0.92346341535449 0.919255804270506 0.915252272039652
0.940741661936044 0.942611051723361 0.942279564216733 0.940963411703706 0.939020654186606 0.940522328019142 0.942534396424889 0.941512105986476 0.940718753263354 0.940520638599992 0.941348686814308 0.943202897906303 0.940718011930585 0.936564242467284 0.936527013778687 0.936914548277855 0.938215151429176 0.939268205314875 0.939932253211737 0.938035573810339 0.934509340673685 0.936004063114524 0.938075475394726 0.932879365980625 0.926217783242464 0.915745969861746 0.901701973751187 0.884085794910788 0.890706716105342 0.9066495988518 0.899900257587433 0.893774757161736 0.897442644461989 0.90092584118247 0.904118809849024 0.905750673264265 0.906389106065035 0.917350159958005 0.929759321734309 0.931689405813813 0.933609990403056 0.93550587631762 0.93640555627644 0.936309030279517 0.938269613310695 0.941021392121911 0.943040601909161 0.945107808336616 0.947630459442735 0.947322070598602 0.942564904689789 0.940381230786443 0.939835233613849 0.93938154913485 0.938596129417419 0.931857347488403 0.927841575816274 0.930905630812049
0.937493352219462 0.94136543571949 0.941438123583793 0.941853061318397 0.94248579442501 0.943718308582902 0.945107042789459 0.947112262248993 0.94866543635726 0.949043292552233 0.94676411896944 0.941827915608883 0.938203502446413 0.935083623975515 0.9369649104774 0.938681311905384 0.93810235708952 0.937578815966844 0.937142353504896 0.934270352125168 0.929848462343216 0.933782491832971 0.938969625160098 0.937049398198724 0.932177949696779 0.919633325189352 0.90463731251657 0.887189911678433 0.893469341099262 0.908874474465847 0.903714826330542 0.898786384612322 0.901062440127134 0.904440954327583 0.909551903605461 0.910272059962153 0.908198075369 0.918354321271181 0.930717507377267 0.939015893265605 0.945541450753808 0.94745765440166 0.948514511808753 0.948712022975087 0.951178155839443 0.954516835510731 0.955862173810601 0.956720843911171 0.955732449889183 0.955237055197358 0.955516373738647 0.954484492540359 0.952618211507797 0.953444365411997 0.954426927492022 0.948914149776101 0.942806033417582 0.935150036588311
0.938329111784696 0.941300073638558 0.941778680309653 0.942716488614678 0.943946516141295 0.945744417607784 0.94774129986763 0.951190084218979 0.953647391870618 0.953526860103011 0.952238092198968 0.949781088158488 0.943213207647204 0.935064220800996 0.937377877533436 0.938490848988295 0.93052314594388 0.931152310222388 0.945290837436914 0.930199455469846 0.8965072222054 0.914348633959889 0.94091222807765 0.94053852930665 0.93403740786016 0.911604987457394 0.900124277919531 0.899595279246568 0.89357116445899 0.885433543473482 0.917907763272524 0.947455810382962 0.950428334996104 0.95344890654087 0.956544980406761 0.944323262199759 0.92235385812819 0.915643149986863 0.913467772305012 0.93651344627142 0.951114213094115 0.94375822134316 0.936448983848095 0.929186500608921 0.928151473402977 0.929511621594429 0.929058950394392 0.928426306694746 0.927426982671022 0.93277651630342 0.94810282625258 0.956477656960487 0.960428819060326 0.959548177197576 0.957600889727473 0.953948760405183 0.951290277764201 0.951215276494622
0.932495780289173 0.936507808044553 0.940076185390353 0.944407146424055 0.949223387986422 0.95427393168211 0.959163503721356 0.9605199303478 0.961833721026778 0.963036658242345 0.959956862032413 0.952594332396984 0.94635828025639 0.940555488690734 0.938879624009132 0.936987744644284 0.932801989838481 0.936551775783301 0.952771697193384 0.942845994606614 0.91628216765821 0.931521853432059 0.95363630913198 0.950489910319448 0.943322042003274 0.925698352977633 0.917767982929945 0.919530931860208 0.916855528950691 0.912473067641258 0.936714945361018 0.958029963076115 0.956291757524013 0.956164473667741 0.958568638190627 0.945973636582493 0.923833711072802 0.918812062591314 0.918341934680939 0.937045514583588 0.949033169075847 0.943559417501092 0.93728113733232 0.930198328569531 0.92913606390357 0.930389393121004 0.932540835812688 0.933777635917068 0.930177072063088 0.933787329122424 0.948728876188398 0.956364708021283 0.959351448342204 0.960047414526343 0.960162438452244 0.958190076053142 0.956423033028841 0.955189820379019
0.933956276625395 0.935557289049029 0.938127415254712 0.942651893943548 0.9484200514853 0.952606962993741 0.956246308982372 0.955953277647495 0.954865688458085 0.951712248846889 0.947426749393344 0.942009190097451 0.936296191066503 0.930469561368227 0.936585089191794 0.943364679813385 0.949952185153961 0.954384814947843 0.955431211739778 0.95666022785008 0.958005456253886 0.956625867635012 0.954785553738475 0.954377287998795 0.953864779323339 0.953081239014864 0.953847344964743 0.956163097172976 0.957632895559072 0.958777327090502 0.958517227321863 0.958306606858969 0.958756480365992 0.957953900098801 0.955183178186416 0.95569778047502 0.958303043618798 0.954498441889882 0.948999106884003 0.936482846736908 0.926950199529529 0.925174945965409 0.923208048567176 0.921049507334828 0.92484937608242 0.930940940976143 0.935608817264438 0.94059724546969 0.947607165202498 0.952291848137975 0.953322587534785 0.951379334554076 0.947543540969491 0.946100557222962 0.945152958855033 0.944491358473897 0.942878710106015 0.938793336972594
0.934056742116809 0.9354711137712 0.937277380377054 0.940947622060776 0.94580402970314 0.94838173314929 0.950220599770546 0.947246834635734 0.943685926496983 0.938598446547985 0.936188012361526 0.936454623937607 0.936554349958897 0.936589889228344 0.94222005829215 0.947960974648595 0.952610148116946 0.954579945653677 0.952339295297861 0.953506719321012 0.956842917948961 0.955826673656702 0.953963529318571 0.952501390129328 0.951517466455698 0.951776903122663 0.950446913018822 0.947527496144175 0.949283950030804 0.952838815748691 0.953917829319835 0.955116111785173 0.957638930529356 0.958696207031608 0.957450488582253 0.959443399682641 0.963497256860137 0.959605852141976 0.953218825161457 0.931420110166073 0.915513286367059 0.914925379678607 0.912746319547296 0.908976105973124 0.912103844806552 0.917884642258286 0.922966498881578 0.928034264594317 0.93323714658618 0.937862735241651 0.941581148654222 0.94048878364265 0.936335014179349 0.930363014340401 0.924130899831653 0.91965881921351 0.915276443585753 0.911127300933003
0.93392838537693 0.935870755463838 0.937506567686796 0.939480306580663 0.941669089719653 0.941536672413349 0.940829236060381 0.938238557428121 0.935906451195478 0.934246633201838 0.932118518278003 0.929522106423974 0.932758916169405 0.938239272683859 0.943603672087192 0.948445059359074 0.950705491006374 0.952129593119025 0.952239463105798 0.950788166373968 0.948343399912119 0.945476157590747 0.942953679710626 0.947728615254164 0.950759314000607 0.949254997074604 0.946734642609954 0.943198250606656 0.94323481246829 0.944645587354898 0.948971692472696 0.953112391754985 0.95546861179173 0.958038989454508 0.960945900529623 0.962380772456527 0.962878892198205 0.962257692590356 0.961328404024243 0.958967288956046 0.956825286149979 0.955252975225449 0.953463103622198 0.951455671340227 0.949180694296956 0.946802815422416 0.946097733452916 0.945722844451666 0.946506921201944 0.946064386516809 0.943694319576025 0.939673876389861 0.934603193774819 0.927455391734838 0.919726015999913 0.909172093495726 0.898310899734497 0.886650800704956
0.925794517621398 0.927138414233923 0.927724275738001 0.932664234191179 0.940374981611967 0.941570587456226 0.941196367144585 0.936286583542824 0.932046504691243 0.929547658190131 0.928465655073523 0.92880049534142 0.933046152815223 0.938795970752835 0.945678824558854 0.951359363272786 0.950695080682635 0.950520250946283 0.951114561408758 0.949519304558635 0.946530686691403 0.943067960441113 0.939938141033054 0.944079706445336 0.947162153199315 0.947490891441703 0.945855665951967 0.942256476730108 0.940251998603344 0.93886087089777 0.940757516771555 0.943579899147153 0.950063971802592 0.953679740428924 0.952788174152374 0.952284548431635 0.952027793973684 0.949930764734745 0.94746089912951 0.944909749552608 0.941374611109495 0.935281101614237 0.930243778973818 0.926262643188238 0.926024107262492 0.927225032821298 0.933125387877226 0.937921401113272 0.935813520103693 0.932900562882423 0.928722485899925 0.919232118874788 0.906361203640699 0.893653735518456 0.880672199651599 0.862475791946053 0.84262809343636 0.818487038835882
0.915374802425504 0.918239448219538 0.921371128410101 0.925200687721371 0.929474351927638 0.93265557475388 0.935422578826547 0.934862164780498 0.935330480337143 0.938473492860794 0.940441781654954 0.941235346719622 0.943390607833862 0.946069598197937 0.948294322937727 0.950021458789706 0.949394257739186 0.948805741965771 0.94827801734209 0.947658153250813 0.946979654952884 0.942709818482399 0.938012704253197 0.938262417912483 0.938700202852487 0.939626973122358 0.939813621342182 0.939260147511959 0.936092633754015 0.93191972002387 0.933293495327234 0.934980543330312 0.936602575704455 0.937983265146613 0.938984701409936 0.938207130879164 0.936297465115785 0.930270496755838 0.922683019191026 0.902565713971853 0.883806174620986 0.868576826527715 0.857784539461136 0.85142931342125 0.856479935348034 0.865917421877384 0.896301316097379 0.921570060774684 0.915102349594235 0.897074220702052 0.86087972112 0.831103656440973 0.805412050336599 0.782874386757612 0.758574407547712 0.693591658025978 0.648464482277632 0.654961798340082
0.902796119451523 0.908172456547618 0.915631981566548 0.920406451448798 0.923472249880433 0.92901498451829 0.934833656996488 0.936921689659357 0.938502719625831 0.938765542581677 0.94035517051816 0.943271603435278 0.946790708228946 0.95054160989821 0.951561503112316 0.95195385441184 0.950011733919382 0.948057709261775 0.946084978058934 0.943249143660068 0.939864061772823 0.934514205902815 0.928929913789034 0.926040437072515 0.922968411818147 0.919421760365367 0.917329587042332 0.916691891849041 0.919954625889659 0.924717525020242 0.923648718744516 0.922143870964646 0.920174023136496 0.920195704326033 0.923346931114793 0.92528460919857 0.926450029015541 0.918494932353496 0.907551053911447 0.876807641237974 0.848198158666491 0.825136894360185 0.807188741862774 0.794353701174259 0.805419398471713 0.825677687302232 0.86629262380302 0.900135798379779 0.894132914021611 0.875507611781359 0.837047081440687 0.796642115339637 0.754999781027436 0.71101562678814 0.666561748832464 0.622084755450486 0.586406655609607 0.573605678975582
0.898466445505619 0.90396536514163 0.915119398385286 0.921716164797544 0.925412852317095 0.929758410900831 0.9343405906111 0.94073916785419 0.945953922346234 0.948090737685561 0.950306259095669 0.952600486576557 0.951561506837606 0.949240524321794 0.944227576255798 0.940131820738316 0.941413782536983 0.941777180880308 0.940697122365236 0.938710892572999 0.936148008331656 0.928428968414664 0.91930672712624 0.903860991820693 0.89188046567142 0.888909483328462 0.888430776074529 0.890444343909621 0.889368664473295 0.8871048130095 0.884246736764908 0.881803803145885 0.881611354649067 0.884238589555025 0.89129675552249 0.890890641137957 0.885734530165791 0.862952841445803 0.836646001785993 0.8103385604918 0.784329552203417 0.759096469730139 0.733656320720911 0.708009105175734 0.718156637623906 0.742071380838752 0.77503882162273 0.802680265158415 0.801029164344072 0.793365221470594 0.776252526789903 0.763848759233952 0.754441581666469 0.722962869331241 0.688799692317843 0.684043833985924 0.656937034800648 0.571717789396641
0.908273356035352 0.911734560504555 0.917382320389152 0.922744134441018 0.927923982962966 0.930514130741358 0.93273458071053 0.937475150451064 0.941230678930879 0.942425100132823 0.942528918385506 0.941542133688927 0.94007483869791 0.938422732055187 0.919831736013293 0.90264518558979 0.897462889552116 0.894454844295979 0.894863478839397 0.89260808005929 0.888657387346029 0.883070575073361 0.876997953280806 0.868229376152158 0.860757619142532 0.856657594442367 0.854211604222655 0.853419648483396 0.852786999195814 0.852215621620417 0.853249626234174 0.855686580762267 0.864666113629937 0.870387438684702 0.870988722890615 0.862492581829428 0.848207170143723 0.826269052922725 0.804262422025204 0.807110257446766 0.807440532371402 0.801225150004029 0.790015561506152 0.77381176687777 0.771614009514451 0.774803189560771 0.775481084361672 0.778182012960315 0.791736723855138 0.78342310525477 0.740744968876242 0.734022410586476 0.75018067471683 0.722962869331241 0.688799692317843 0.684043833985924 0.656937034800648 0.571717789396641
0.914437288418412 0.915661117061972 0.919365683570504 0.922142032533884 0.924327697604894 0.927679844200611 0.930922098457813 0.928330145776272 0.919392794370651 0.893957406282425 0.878890784457326 0.874192928895354 0.855720089748501 0.83194917999208 0.836324753239751 0.841905971989036 0.845237040892243 0.845180820673704 0.839801717549562 0.838048938661814 0.83860382065177 0.804693546146155 0.765079902485013 0.745690515264869 0.733364501968026 0.739403260871768 0.743169451132417 0.744663072749972 0.741220083087683 0.735878396779299 0.734690204262733 0.734650865197182 0.739134177565575 0.742544524371624 0.744268782436848 0.74962885119021 0.757302617654204 0.765155505388975 0.772605955600739 -9999 -9999 0.828929245471954 0.82820868678391 0.826767569407821 0.817388443276286 0.804956236854195 -9999 -9999 -9999 -9999 -9999 -9999 -9999 -9999 0.730104327201843 -9999 -9999 -9999
0.91484141163528 0.91788525134325 0.924064926803112 0.923688091337681 0.919138930737972 0.917613765224814 0.916335260495543 0.908968405798077 0.894026964902878 0.85939159989357 0.838724240660668 0.83202488720417 0.812652595341205 0.78840609639883 0.785091629251838 0.784368796274066 0.79044765420258 0.793534368276596 0.791919142007828 0.79128978960216 0.791287811473012 0.759968863800168 0.723250828683376 0.701226003468037 0.688861647620797 0.701614512130618 0.707971163094044 0.707931600511074 0.704576337710023 0.699945805594325 0.702059183269739 0.704150915145874 -9999 -9999 -9999 -9999 -9999 -9999 -9999 -9999 -9999 -9999 -9999 0.82145619392395 0.814472498372197 0.80480276606977 -9999 -9999 -9999 -9999 -9999 -9999 -9999 -9999 -9999 -9999 -9999 -9999
0.911754727363586 0.909048244357109 0.902088716626167 0.875920291990042 0.837528023868799 0.837718745693564 0.845045138150453 0.842495765537023 0.838041102513671 0.82863268442452 0.813132517039776 0.79154060035944 0.756396230310201 0.716039378196001 0.751652641221881 0.783244844526052 0.772387597709894 0.767979618161917 0.773706201463938 0.769143303856253 0.758032554760575 0.752132192254066 0.746346581727266 0.724796440452337 0.710016250610352 0.712837934494019 0.714248776435852 -9999 -9999 -9999 0.717434460297226 -9999 -9999 -9999 -9999 -9999 -9999 -9999 -9999 -9999 -9999 -9999 -9999 -9999 -9999 -9999 -9999 -9999 -9999 -9999 -9999 -9999 -9999 -9999 -9999 -9999 -9999 -9999
-9999 0.904966993257403 0.887512819841504 0.854294806718827 0.811045259237289 0.818821050226688 0.83606544137001 0.840789884328842 0.837929841130972 0.815350133925676 0.787045184522868 0.753014992922545 0.715305594727397 0.676181117072702 0.721816031262279 0.763489009812474 0.760423077270389 0.762352148070932 0.772130509838462 0.769143303856253 0.758032554760575 0.743221838027239 0.727931849658489 0.717074133455753 0.710016250610352 0.712837934494019 -9999 -9999 -9999 0.754334628582001 0.717434460297226 0.68487548828125 -9999 -9999 -9999 -9999 -9999 -9999 -9999 -9999 -9999 -9999 -9999 -9999 -9999 -9999 -9999 -9999 -9999 -9999 -9999 -9999 -9999 -9999 -9999 -9999 -9999 -9999
-9999 0.823091200552881 0.796490945853292 0.78081751614809 0.772097520530224 0.816341122612357 0.866475185379386 0.836670847609638 0.820444559678435 0.839521201327443 0.82629760913551 0.780773783102632 0.716168439015745 0.644224049523473 0.650706723332405 0.659801563248038 0.658890450373292 0.669294761493803 0.697480453178287 -9999 -9999 -9999 0.728820249438286 0.733953729271889 0.737661242485046 -9999 -9999 -9999 -9999 -9999 0.717434460297226 -9999 -9999 -9999 -9999 -9999 -9999 -9999 -9999 -9999 -9999 -9999 -9999 -9999 -9999 -9999 -9999 -9999 -9999 -9999 -9999 -9999 -9999 -9999 -9999 -9999 -9999 -9999
-9999 -9999 0.747387528419495 0.745771389454603 0.743126798421144 0.788441780954599 0.838338484987616 0.803061904385685 0.781436817720532 0.795305615291 0.782819664105774 0.743978964164853 0.704772953875362 0.665426439605654 -9999 -9999 -9999 -9999 0.667334377765656 0.65968712978065 0.647173451259732 0.657400965690613 0.670949017629027 0.663626151159406 -9999 -9999 -9999 0.746631562709808 0.746631562709808 -9999 -9999 -9999 -9999 -9999 -9999 -9999 -9999 -9999 -9999 -9999 -9999 -9999 -9999 -9999 -9999 -9999 -9999 -9999 -9999 -9999 -9999 -9999 -9999 -9999 -9999 -9999 -9999 -9999
-9999 -9999 -9999 -9999 0.695264637470245 0.70055702701211 0.706078868359327 0.697507265955209 0.684069205075502 0.657978352159262 0.630408680066467 0.601360188797116 0.591565815731883 0.589176872745156 -9999 -9999 -9999 -9999 -9999 -9999 -9999 -9999 0.645318984985352 -9999 -9999 -9999 -9999 -9999 -9999 -9999 -9999 -9999 -9999 -9999 -9999 -9999 -9999 -9999 -9999 -9999 -9999 -9999 -9999 -9999 -9999 -9999 -9999 -9999 -9999 -9999 -9999 -9999 -9999 -9999 -9999 -9999 -9999 -9999
-9999 -9999 -9999 -9999 -9999 -9999 -9999 -9999 -9999 -9999 -9999 0.571069300174713 0.578371584415436 0.588482439517975 0.598378891125321 -9999 -9999 -9999 -9999 -9999 -9999 -9999 -9999 -9999 0.686430925503373 0.726397750899197 0.746381163597107 -9999 -9999 -9999 -9999 -9999 -9999 -9999 -9999 -9999 -9999 -9999 -9999 -9999 -9999 -9999 -9999 -9999 -9999 -9999 -9999 -9999 -9999 -9999 -9999 -9999 -9999 -9999 -9999 -9999 -9999 -9999
-9999 -9999 -9999 -9999 -9999 -9999 -9999 -9999 -9999 -9999 -9999 -9999 0.561179660260677 0.547486312687397 0.578542055562139 0.606615424156189 -9999 -9999 -9999 -9999 -9999 -9999 -9999 0.675329029560089 0.686430925503373 0.726397750899197 -9999 -9999 -9999 -9999 -9999 -9999 -9999 -9999 -9999 -9999 -9999 -9999 -9999 -9999 -9999 -9999 -9999 -9999 -9999 -9999 -9999 -9999 -9999 -9999 -9999 -9999 -9999 -9999 -9999 -9999 -9999 -9999
-9999 -9999 -9999 -9999 -9999 -9999 -9999 -9999 -9999 -9999 -9999 -9999 0.58767397608608 0.604053338058293 0.624071843922138 0.646771166473627 0.681804236024618 0.703213334083557 -9999 -9999 -9999 -9999 0.674291308037937 0.673725278116763 0.673473709262907 0.674039739184082 -9999 -9999 -9999 -9999 -9999 -9999 -9999 -9999 -9999 -9999 -9999 -9999 -9999 -9999 -9999 -9999 -9999 -9999 -9999 -9999 -9999 -9999 -9999 -9999 -9999 -9999 -9999 -9999 -9999 -9999 -9999 -9999
