data/dis.20102014.winter.solea_min.asc
NCOLS 320 
NROWS 120 
XLLCORNER 2 
YLLCORNER 53 
CELLSIZE 0.025 
NODATA_value -9999 
[rows 75 to 99 of 120, columns 174 to 231 of 320]
0.197223380673676 0.205494050867855 0.210397179238498 0.21693293005228 0.224507622420788 0.229145442601293 0.233397029805928 0.241068021859974 0.247361457441002 0.250073246192187 0.256429205648601 0.266429335810244 0.277413696050644 0.288776606321335 0.299948181025684 0.309889702126384 0.313737230375409 0.322403800673783 0.338643151335418 0.355154822580517 0.371839788742364 0.374436130747199 0.372778312303126 0.346701088361442 0.330784710124135 0.341286530718208 0.359883828088641 0.386576602235437 0.390972211956978 0.386791989207268 0.389786113984883 0.393418671563268 0.398133290931582 0.403752639889717 0.410793706774712 0.417446648702026 0.423852602019906 0.439043250866235 0.455285822041333 0.459543108008802 0.46669686306268 0.48138143774122 0.483210117556155 0.472182902507484 0.470380908809602 0.472127077169716 0.454489963129163 0.437642010860145 0.430440832860768 0.420911041088402 0.407721999101341 0.397368596866727 0.388819692656398 0.394429960288107 0.400130080990493 0.359216519631444 0.333600029349327 0.347755923867226
0.185284924227745 0.174787842668593 0.176153338514268 0.182923566084355 0.193133168388158 0.195945063605905 0.197696682997048 0.20657581742853 0.214247247669846 0.218778647016734 0.224894590675831 0.232595078647137 0.252024380024523 0.27596476348117 0.290905828587711 0.304065517149866 0.310965181328356 0.321872676722706 0.339078192599118 0.350809421390295 0.359057012945414 0.367916706949472 0.375750037841499 0.364054047502577 0.356446125544608 0.359467181377113 0.368126902729273 0.382425289601088 0.398813680745661 0.41600591968745 0.422049113549292 0.426762484014034 0.428105868399143 0.430517341941595 0.434607241302729 0.443137865513563 0.454494405537844 0.460786879062653 0.466060496866703 0.471231393516064 0.47614720556885 0.480399797670543 0.478075965307653 0.469175708480179 0.463952103629708 0.460142595693469 0.444284694269299 0.430000070482492 0.427125480026007 0.426679189316928 0.430048798210919 0.432820637710392 0.435212078504264 0.420300449244678 0.401075985282659 0.367363769561051 0.340998613275588 0.333735811524093
0.212816582527012 0.205681707244366 0.206648517865688 0.206288423854858 0.205083935987204 0.208852591924369 0.213298891671002 0.2123564472422 0.212847040500492 0.217063531745225 0.220413665287197 0.222897441126406 0.243645214941353 0.271417603362351 0.289813448674977 0.305627577006817 0.311290927231312 0.318730612285435 0.328961680643261 0.338837857358158 0.348488193936646 0.356918279081583 0.365188748575747 0.374894606880844 0.383263393305242 0.388155792839825 0.390989672392607 0.391765031963587 0.397498723119497 0.405139464884996 0.417623885907233 0.428889859467745 0.432638984173536 0.433825290761888 0.43098431173712 0.437932080589235 0.451109052635729 0.451725142076611 0.449711660854518 0.445702479220927 0.440236527472734 0.43098297342658 0.414302399381995 0.390194805338979 0.386989142745733 0.391822684556246 0.383385311812162 0.378394452854991 0.394539372995496 0.406773344613612 0.412861539982259 0.422194050624967 0.433591125532985 0.431024983525276 0.4240996921435 0.390543798916041 0.373080158606172 0.39745637588203
0.223829742521048 0.224490474909544 0.223687220364809 0.224092079792172 0.22526573901996 0.226754592731595 0.228451547212899 0.232614553533495 0.23633974744007 0.238926629070193 0.241319519933313 0.243518420029432 0.258736318442971 0.278961523901671 0.309022525325418 0.335496853105724 0.34114493150264 0.346401613205671 0.351043242961168 0.359693595208228 0.37089495267719 0.365796176716685 0.359065089374781 0.380005162209272 0.400339516811073 0.419099004007876 0.431560102850199 0.437722813338041 0.439567904919386 0.439752373844385 0.460287600755692 0.47820795327425 0.477068416774273 0.47382546775043 0.467277156189084 0.466103349812329 0.468349683098495 0.459531722590327 0.448413400910795 0.435807538218796 0.418355883099138 0.388305167667568 0.367445468902588 0.355776786804199 0.336021431721747 0.31315581779927 0.316662007942796 0.324070886708796 0.34323679562658 0.352562210522592 0.346423991955817 0.362773356027901 0.393432999961078 0.4142912235111 0.431311261840164 0.416406980715692 0.415257793851197 0.449871852062643
0.221330832224339 0.220909355673939 0.221668378915638 0.224690110422671 0.229151747189462 0.233459813520312 0.237297878600657 0.233668061904609 0.232469835318625 0.237593743018806 0.247205313295126 0.261304546147585 0.266373979859054 0.267970413900912 0.283991238102317 0.300828947685659 0.317508616484702 0.330133808776736 0.336387680843473 0.350172924809158 0.368750859983266 0.362551330588758 0.352431984618306 0.35991913639009 0.370123379863799 0.387392061762512 0.399065856821835 0.405144765041769 0.39828128926456 0.38643997348845 0.389677356928587 0.393383172340691 0.394996236078441 0.394826791249216 0.391856261529028 0.39198247436434 0.394079341553152 0.39925578981638 0.405343631282449 0.416454581543803 0.417906599119305 0.394245391711593 0.373471045866608 0.355583561584354 0.330676338635385 0.303069216199218 0.300649865530431 0.304083436727524 0.329373449087143 0.349126896820962 0.36018002871424 0.36994032934308 0.37887791916728 0.389380480162799 0.398399137891829 0.37687053810805 0.369725135155022 0.399976043961943
0.211694265715778 0.217653903644532 0.223348509985954 0.227607629727572 0.230953257996589 0.237040781415999 0.243534793611616 0.247616671491414 0.252766848541796 0.260694603435695 0.263688401319087 0.26174824219197 0.265769665129483 0.272084004245698 0.279495486989617 0.292393249459564 0.332399721257389 0.350075309164822 0.332659508101642 0.349235702306033 0.387443166226149 0.368926659226418 0.340673693455756 0.339762429706752 0.344428642652929 0.363596295006574 0.376959227956831 0.384517441503704 0.390688182786107 0.396325280889869 0.359773274511098 0.325672750361264 0.316238197498023 0.306753935292363 0.297191558405757 0.308872307650746 0.334071409888566 0.344154336489737 0.351573002524674 0.36509423609823 0.370574975386262 0.355150429531932 0.340239157900214 0.325841160491109 0.324664254672825 0.328572384081781 0.349295244552195 0.370046101510525 0.385991431772709 0.390426744706929 0.376774887554347 0.365769965574145 0.356449456885457 0.362529465928674 0.37088394165039 0.365542590618133 0.357326600700617 0.341636549681425
0.210274319630116 0.213636424392462 0.215251449495554 0.227103600744158 0.245470286812633 0.257210917770862 0.267425154335797 0.274219273589552 0.28237786423415 0.29408408049494 0.296938101761043 0.290939928032458 0.290566780604422 0.292357104830444 0.300344627350569 0.315159160643816 0.362286042422057 0.383909228257834 0.365455177612602 0.372394237667322 0.395492549985647 0.376981334760785 0.351301970891654 0.345236473716795 0.347402471117675 0.370970354415477 0.381383276544511 0.37864123750478 0.383378574624658 0.390992594882846 0.350232756696641 0.311915151774883 0.300036318600178 0.289716865867376 0.28184786811471 0.294765868224204 0.320911957882345 0.323095723055303 0.32137559633702 0.334761210717261 0.339261751621961 0.320661101490259 0.311343543231487 0.311309076845646 0.315995677374303 0.322498072870076 0.338411613367498 0.352319199591875 0.353429030627012 0.346660990267992 0.327513437718153 0.322918173857033 0.32758345734328 0.336025710217655 0.345589277334511 0.361373490653932 0.372366906143725 0.370904247276485
0.215895203407854 0.222974302712828 0.230916751082987 0.242474690079689 0.256333395838738 0.271661980077624 0.28672591317445 0.292293190024793 0.296095158904791 0.295307327061892 0.293899510987103 0.291871710680425 0.302076328545809 0.316985722631216 0.316952117718756 0.319298558868468 0.337940230034292 0.353908203542233 0.365674652159214 0.364125093445182 0.354101711884141 0.352245992049575 0.351550409570336 0.342807112261653 0.336797293275595 0.337894517928362 0.340291071683168 0.343986954540014 0.338248149491847 0.328880618326366 0.321330038830638 0.314301678910851 0.309350019320845 0.305960445664823 0.305025578476489 0.296565076336264 0.283315533772111 0.29157747514546 0.302689728327095 0.289118236862123 0.28305699583143 0.296522405929863 0.30534621141851 0.309528412297368 0.308372309431434 0.305163012817502 0.30750507581979 0.30564518738538 0.281142788939178 0.262201943434775 0.252000681124627 0.254716575145721 0.265652477741242 0.286055376753211 0.306614682078361 0.297645106911659 0.293578335084021 0.30225885193795
0.218459180090576 0.228447907604277 0.243472552858293 0.254642942920327 0.263360625132918 0.279423718340695 0.296100973151624 0.29824457783252 0.298382020555437 0.293303442187607 0.294196190312505 0.301060264930129 0.318127035163343 0.33911791909486 0.337247282266617 0.336168712936342 0.345774457789958 0.354421623982489 0.361562452279031 0.364477127790451 0.364702433347702 0.357035422697663 0.347782696597278 0.338406682945788 0.332318019121885 0.33477646484971 0.334970405325293 0.332899840548634 0.329042786732316 0.324498621746898 0.320580299012363 0.315615898929536 0.30523704085499 0.300589901395142 0.304949748329818 0.302798324264586 0.296503364108503 0.301889843307436 0.309067511931062 0.306978506967425 0.302793872542679 0.293160601519048 0.295630136504769 0.310202477499842 0.309789418242872 0.303612743504345 0.296938643790781 0.290383939631283 0.28457251470536 0.280108763836324 0.277762786485255 0.275409996509552 0.273052871227264 0.279388436116278 0.286960607394576 0.28599994070828 0.288205831311643 0.298644770868123
0.227395754307508 0.239301808644086 0.255880601238459 0.271783924661577 0.287257404066622 0.296680769883096 0.30525226239115 0.319912294857204 0.325571741908789 0.307829666882753 0.301875414326787 0.307708984240889 0.321324355900288 0.337932728230953 0.344706040807068 0.350845924578607 0.356711328960955 0.362908948212862 0.369628619402647 0.368805332109332 0.363181980326772 0.356190506368876 0.349022513255477 0.343505309894681 0.338250353001058 0.333677236922085 0.333741500973701 0.338443145155907 0.336945845745504 0.333064337261021 0.32132554706186 0.312634818255901 0.321495361626148 0.323831307701767 0.31591431517154 0.308581466786563 0.301620346494019 0.300840069539845 0.301062811166048 0.297322001308203 0.293505060486495 0.289490179158747 0.292978241108358 0.303969246335328 0.304664960131049 0.301400946453214 0.300736404955387 0.300168335437775 0.299318075180054 0.300345628522336 0.304324031807482 0.309436711482704 0.315271203406155 0.317980446852744 0.320020971819758 0.321319127455354 0.3238974371925 0.329804147593677
0.228239478077739 0.241533167194575 0.26084689097479 0.276675936765969 0.290287460200489 0.305035527795553 0.319936342537403 0.33356960862875 0.338410775177181 0.320392482914031 0.315152200870216 0.322689929045737 0.343055325560272 0.368354440666735 0.37873777281493 0.385673504322767 0.379758227616548 0.37713825982064 0.379696634598076 0.379234691150486 0.376850727014244 0.374644403345883 0.371886116452515 0.359140477143228 0.349809275940061 0.349355613812804 0.346452994272113 0.341101417317986 0.347910075448453 0.359395747072995 0.349703239277005 0.34100401122123 0.343500058166683 0.346262847073376 0.349444801919162 0.352589015848935 0.355709212832153 0.351728554815054 0.34596679545939 0.334069220349193 0.325790550559759 0.326921034604311 0.328099203296006 0.329325056634843 0.330281040631235 0.331133228726685 0.331833440810442 0.333974444307387 0.34336410369724 0.348499125801027 0.346948289312422 0.35609039478004 0.372037099674344 0.382055396214127 0.390168756246567 0.386054784059524 0.384169932454824 0.388080794364214
0.234318828675896 0.244136735796928 0.257755652070046 0.279157249256968 0.305511461570859 0.323105900548398 0.33857283834368 0.347655485384166 0.350540986284614 0.33731390722096 0.333784690126777 0.339953335002065 0.368470091372729 0.405582275241613 0.412787467241287 0.416408502496779 0.41090492811054 0.406906057149172 0.405271720141172 0.401991914026439 0.397664991207421 0.395008567720652 0.392521971836686 0.387242747470737 0.38370416034013 0.384691230021417 0.382048323750496 0.375775441527366 0.375011150725186 0.376365548931062 0.370604211464524 0.366928847506642 0.375776214525104 0.380728324875236 0.379559317603707 0.392295174300671 0.413879580795765 0.419924986548722 0.422937725670636 0.427227734588087 0.429627838544548 0.427114189602435 0.420548711903393 0.409931405447424 0.410456179641187 0.415266369469464 0.423713344149292 0.432580277323723 0.442477360367775 0.45058405958116 0.455877298489213 0.480539116077125 0.517526392824948 0.5385751593858 0.55467739701271 0.5408795773983 0.532163426280022 0.536659613251686
0.250448989681899 0.260876277461648 0.274057289585471 0.293501306325197 0.316930871456862 0.340087703429162 0.362078126519918 0.365166891366243 0.366859622299671 0.364922665059566 0.369371712207794 0.380206763744354 0.401200900785625 0.42610237840563 0.443172903731465 0.454365502111614 0.438471687026322 0.431958112865687 0.44018491730094 0.447490654885769 0.454210259020329 0.454029168002307 0.451788064092398 0.437989104539156 0.426327520981431 0.420223115012049 0.414122472517192 0.408025593496859 0.402184406295419 0.396441562101245 0.401348485611379 0.407329881563783 0.415551355108619 0.42286330088973 0.428745988756418 0.443575773388148 0.464099165052176 0.4672582289204 0.467085621319711 0.469313313253224 0.474331219680607 0.486603683792055 0.487762758508325 0.477808443829417 0.482560264877975 0.492968291975558 0.485190178267658 0.480527635663748 0.496791813522577 0.511748110875487 0.524649167433381 0.558544581755995 0.605800041928888 0.618966441601515 0.62481002882123 0.622068610042333 0.61276825889945 0.5864146836102
0.267418017610907 0.27810189127922 0.294792205095291 0.314137291163206 0.335171777755022 0.350933488458395 0.365626501850784 0.380079098977149 0.391877627000213 0.396775575354695 0.407646241597831 0.42448962572962 0.44971875473857 0.478173170238733 0.496846878901124 0.510784539394081 0.503918637521565 0.499223068356514 0.497938022017479 0.4992835810408 0.502303161658347 0.503571636974812 0.503929464146495 0.49476003088057 0.486387665383518 0.480087676085531 0.468947623856365 0.452967508696019 0.446923246607184 0.44470046646893 0.479843139648438 0.515679715201258 0.543995963409543 0.561946734786034 0.563608899712563 0.569204397499561 0.577302925288677 0.587959973141551 0.598685858771205 0.601883018389344 0.596878914162516 0.570551523938775 0.552613530308008 0.543064933270216 0.5678646620363 0.605875285342337 0.618258183822036 0.625724783167243 0.616147452965379 0.608873507007957 0.605219164863229 0.614664690569043 0.632446495816112 0.634026082232594 0.631978621706366 0.623358907178044 0.602551458403468 0.55005590058863
0.282109294086694 0.296306583099067 0.312798497267068 0.332439380697906 0.354084153659642 0.373278644867241 0.392762791365385 0.425502035766841 0.452302441000938 0.46366186439991 0.473814645782113 0.482760785147548 0.502470219507814 0.526319382712245 0.557544266805053 0.5837083440274 0.582399057224393 0.583701515570283 0.58910814486444 0.594943569973111 0.601051865145564 0.609130047261715 0.616755973547697 0.609995935112238 0.604616330936551 0.602825855836272 0.597962507978081 0.590026287361979 0.586161473765969 0.583862585946918 0.603844815865159 0.624973006546497 0.645277731120587 0.651849795132875 0.636841963976621 0.63045946881175 0.629565823823213 0.635899698361755 0.642419865354895 0.627533437684178 0.614235576242208 0.605067986994982 0.598523681983352 0.594602661207318 0.604525949805975 0.619773972779513 0.629674637690187 0.635097276419401 0.619702536612749 0.614515976980328 0.625370843335986 0.631592100486159 0.634864697232842 0.634026082232594 0.631978621706366 0.623358907178044 0.602551458403468 0.55005590058863
0.316368157509714 0.317774754017591 0.330156166106463 0.347970446571708 0.369242006912828 0.409599216654896 0.452687992714346 0.477322188206018 0.503478644415736 0.533592978492379 0.552537253126502 0.560311468318105 0.591015884652734 0.630539609119296 0.644785095006228 0.657190758734941 0.667832087725401 0.678053628653288 0.687615502625704 0.688363315537572 0.683502180501819 0.682565117254853 0.68312113545835 0.695717694237828 0.702805247157812 0.695569384843111 0.696885427460074 0.706753375008703 0.706928327679634 0.703375205397606 0.703841602429748 0.703722696751356 0.699495065957308 0.690833505243063 0.675204340368509 0.673632314428687 0.68100574053824 0.667182255536317 0.650122880935669 -9999 -9999 0.578027069568634 0.572531944140792 0.561541693285108 0.564431322738528 0.572659367695451 -9999 -9999 -9999 -9999 -9999 -9999 -9999 -9999 0.59188973903656 -9999 -9999 -9999
0.348193742800505 0.338668966665864 0.353785192593932 0.380094847641885 0.413527593947947 0.448506941087544 0.483219336718321 0.508135113865138 0.531625790521502 0.551411205902696 0.562864556908607 0.565985843539238 0.606180857867003 0.660634998232126 0.675955576822162 0.686282863840461 0.683153564110398 0.682383792474866 0.685321850702167 0.680324358865619 0.670276971533895 0.667896902188659 0.667836744338274 0.681146200746298 0.688302874565124 0.679462313652038 0.674236347898841 0.672624977305531 0.668703021481633 0.663892379030585 0.659971363842487 0.656747460365295 -9999 -9999 -9999 -9999 -9999 -9999 -9999 -9999 -9999 -9999 -9999 0.562868714332581 0.567031869664788 0.572796238586307 -9999 -9999 -9999 -9999 -9999 -9999 -9999 -9999 -9999 -9999 -9999 -9999
0.422409683465958 0.431832012720406 0.456060859374702 0.493769308552146 0.540055686607957 0.567360686138272 0.589618280529976 0.590606674551964 0.590303901582956 0.586644094437361 0.59180536866188 0.605787724256515 0.65027517080307 0.706495344638824 0.704963367432356 0.699360679835081 0.6903903670609 0.685828741639853 0.688195053488016 0.684191776439547 0.676135124638677 0.676043236628175 0.676857940852642 0.66600451618433 0.656122460961342 0.648765966296196 0.645087718963623 -9999 -9999 -9999 0.641238316893578 -9999 -9999 -9999 -9999 -9999 -9999 -9999 -9999 -9999 -9999 -9999 -9999 -9999 -9999 -9999 -9999 -9999 -9999 -9999 -9999 -9999 -9999 -9999 -9999 -9999 -9999 -9999
-9999 0.450139523483812 0.52144482638687 0.562702592462301 0.584839198738337 0.612222345545888 0.639025017619133 0.638121381402016 0.63361251167953 0.619730034843087 0.621182166039943 0.6379689052701 0.671513307839632 0.711502965539693 0.697619272395968 0.682435343042016 0.676595335826278 0.67654587700963 0.685595851391554 0.684191776439547 0.676135124638677 0.666255297139287 0.656629532575607 0.65752163529396 0.656122460961342 0.648765966296196 -9999 -9999 -9999 0.625651299953461 0.641238316893578 0.654991567134857 -9999 -9999 -9999 -9999 -9999 -9999 -9999 -9999 -9999 -9999 -9999 -9999 -9999 -9999 -9999 -9999 -9999 -9999 -9999 -9999 -9999 -9999 -9999 -9999 -9999 -9999
-9999 0.578531547449529 0.592080877162516 0.608951069414615 0.627934537827969 0.638906918466091 0.648116871714592 0.654603257775307 0.648643439635634 0.610323490574956 0.581407483667136 0.561895418912173 0.598189912736416 0.655948467552661 0.64682468958199 0.637197397649288 0.644723810255527 0.651915817521513 0.658582330681384 -9999 -9999 -9999 0.654659863561391 0.620097924023867 0.595136523246765 -9999 -9999 -9999 -9999 -9999 0.641238316893578 -9999 -9999 -9999 -9999 -9999 -9999 -9999 -9999 -9999 -9999 -9999 -9999 -9999 -9999 -9999 -9999 -9999 -9999 -9999 -9999 -9999 -9999 -9999 -9999 -9999 -9999 -9999
-9999 -9999 0.633284091949463 0.648417625576257 0.673181589692831 0.669931193813682 0.66188402287662 0.667540499940515 0.654063336551189 0.590838707983494 0.557936301454902 0.555356116965413 0.56564627867192 0.580886573530733 -9999 -9999 -9999 -9999 0.618151605129242 0.620545960962772 0.624463997781277 0.629965180531144 0.634918997995555 0.625184909440577 -9999 -9999 -9999 0.574521124362946 0.574521124362946 -9999 -9999 -9999 -9999 -9999 -9999 -9999 -9999 -9999 -9999 -9999 -9999 -9999 -9999 -9999 -9999 -9999 -9999 -9999 -9999 -9999 -9999 -9999 -9999 -9999 -9999 -9999 -9999 -9999
-9999 -9999 -9999 -9999 0.70982700586319 0.706234969198704 0.701578108593821 0.691032165661454 0.673605546355247 0.638289168477058 0.617311142385006 0.61067146807909 0.607005514204502 0.604483298957348 -9999 -9999 -9999 -9999 -9999 -9999 -9999 -9999 0.600849688053131 -9999 -9999 -9999 -9999 -9999 -9999 -9999 -9999 -9999 -9999 -9999 -9999 -9999 -9999 -9999 -9999 -9999 -9999 -9999 -9999 -9999 -9999 -9999 -9999 -9999 -9999 -9999 -9999 -9999 -9999 -9999 -9999 -9999 -9999 -9999
-9999 -9999 -9999 -9999 -9999 -9999 -9999 -9999 -9999 -9999 -9999 0.595797061920166 0.599268920719624 0.604076109826565 0.61487383581698 -9999 -9999 -9999 -9999 -9999 -9999 -9999 -9999 -9999 0.605281932279467 0.598179811611771 0.594628751277924 -9999 -9999 -9999 -9999 -9999 -9999 -9999 -9999 -9999 -9999 -9999 -9999 -9999 -9999 -9999 -9999 -9999 -9999 -9999 -9999 -9999 -9999 -9999 -9999 -9999 -9999 -9999 -9999 -9999 -9999 -9999
-9999 -9999 -9999 -9999 -9999 -9999 -9999 -9999 -9999 -9999 -9999 -9999 0.595288777723908 0.594584999606013 0.610281363129616 0.624165594577789 -9999 -9999 -9999 -9999 -9999 -9999 -9999 0.60725474357605 0.605281932279467 0.598179811611771 -9999 -9999 -9999 -9999 -9999 -9999 -9999 -9999 -9999 -9999 -9999 -9999 -9999 -9999 -9999 -9999 -9999 -9999 -9999 -9999 -9999 -9999 -9999 -9999 -9999 -9999 -9999 -9999 -9999 -9999 -9999 -9999
-9999 -9999 -9999 -9999 -9999 -9999 -9999 -9999 -9999 -9999 -9999 -9999 0.613304683938622 0.620808197185397 0.64454241283238 0.661063998937607 0.636748701333999 0.621889352798462 -9999 -9999 -9999 -9999 0.608445856720209 0.609095554798841 0.609384309500456 0.608734611421823 -9999 -9999 -9999 -9999 -9999 -9999 -9999 -9999 -9999 -9999 -9999 -9999 -9999 -9999 -9999 -9999 -9999 -9999 -9999 -9999 -9999 -9999 -9999 -9999 -9999 -9999 -9999 -9999 -9999 -9999 -9999 -9999
