data/dis.20102014.winter.platessa_max.asc
NCOLS 320 
NROWS 120 
XLLCORNER 2 
YLLCORNER 53 
CELLSIZE 0.025 
NODATA_value -9999 
[rows 75 to 99 of 120, columns 174 to 231 of 320]
0.879973439499736 0.874669184908271 0.868623921647668 0.864326009526849 0.861140048131347 0.860976321622729 0.860864825546741 0.851365648210048 0.848096730187535 0.861026486381888 0.866074252873659 0.863240029662848 0.857289463281631 0.850140303373337 0.846228949725628 0.843058137223125 0.842637734487653 0.84227030724287 0.841986127197742 0.825304359197616 0.798187762498855 0.817347904667258 0.844226561486721 0.844979055225849 0.845864159986377 0.847094053402543 0.843574542552233 0.835305627435446 0.830636132508516 0.827351029962301 0.820068225264549 0.812631292268634 0.805599512532353 0.79815991409123 0.790079457685351 0.789761500433087 0.794383315369487 0.800908045843244 0.806859033182263 0.796586474403739 0.790268506854773 0.794232476502657 0.792330890893936 0.78456375002861 0.780765710398555 0.77849424816668 0.779666477814317 0.780859502032399 0.781143648549914 0.782398525625467 0.78517883643508 0.790041904896498 0.796230364590883 0.801658138632774 0.806637942790985 0.806588590145111 0.81030953861773 0.823833269998432
0.853349963203073 0.849947480484843 0.853819282725453 0.851508950814605 0.845264533534646 0.835487563163042 0.825032217428088 0.815055171027779 0.813550021499395 0.834071803838014 0.84250259026885 0.838842380791903 0.840717168524861 0.844720801338553 0.847909726202488 0.849638007581234 0.84430269151926 0.83822768740356 0.830990316346288 0.819390345364809 0.805014174431562 0.809524135664105 0.817317401990294 0.816714005544782 0.816163592040539 0.815750934183597 0.813646104186773 0.809849102050066 0.80366008169949 0.796551054343581 0.790946746245026 0.78394404053688 0.76950678229332 0.759179890155792 0.755312144756317 0.755077669396996 0.75715527497232 0.753307880833745 0.748317316174507 0.744037851691246 0.736708017066121 0.72144722007215 0.710391556844115 0.703541027382016 0.704282555729151 0.707944106310606 0.707991322502494 0.710910946130753 0.729255646467209 0.747217496857047 0.7645777259022 0.776909910142422 0.786042429506779 0.786537760868669 0.78646057471633 0.806017030030489 0.815877951681614 0.800530485808849
0.807693092152477 0.789662657305598 0.789101840928197 0.789683025330305 0.790990937501192 0.784615801647305 0.777254480868578 0.779250379651785 0.781249212101102 0.783255672082305 0.785947553813457 0.789324857294559 0.798040706664324 0.808809842914343 0.807920191437006 0.806184997782111 0.803651148453355 0.797469057142734 0.785554014146328 0.778839247301221 0.77543374709785 0.771848035976291 0.768525436520576 0.770288452506065 0.770440019667148 0.766401819884777 0.762247866019606 0.757978158071637 0.753152802586555 0.748113736510277 0.732265327125788 0.716070529073477 0.701323006302118 0.687710199505091 0.675880517810583 0.675553722307086 0.682546945288777 0.677530940622091 0.670141469687223 0.663234446197748 0.657807741314173 0.656229864805937 0.651988672092557 0.645084163174033 0.644555980339646 0.646480230614543 0.653578979894519 0.664975943043829 0.696342064067721 0.723061518743634 0.742479069158435 0.750168804079294 0.750395383685827 0.756301652640104 0.764554414898157 0.793386619538069 0.811850894242525 0.803358551114797
0.744458258152009 0.720381336286664 0.703344447538256 0.694764638319612 0.691566606983542 0.692983260378242 0.695288950577378 0.697018338367343 0.700414234772325 0.70814305357635 0.718967527151107 0.732887655496597 0.748024290427566 0.763628812506795 0.761534485965967 0.758197985589504 0.753856159746647 0.752216201275587 0.754822034388781 0.755812220275402 0.755774267017841 0.747390899807215 0.73770478926599 0.734246449545026 0.72953861951828 0.721582114696502 0.714395739138126 0.707979492843151 0.699884342029691 0.691143458709121 0.679904589429497 0.667360987514258 0.649028424173593 0.634906688705087 0.627401968464255 0.623407686129212 0.621647318825126 0.615855172276497 0.609169479459524 0.601001549512148 0.595672411844134 0.597724134102464 0.597528098151088 0.595084303990006 0.594450946897268 0.594513911753893 0.606816114857793 0.622411629185081 0.650873923674225 0.68044301867485 0.711751371622086 0.724306279793382 0.724927177652717 0.732234235852957 0.741525929421187 0.761823479086161 0.767400423064828 0.734703792259096
0.713231271132827 0.692838072776795 0.673617362976074 0.66515051946044 0.663527045398951 0.652947759255767 0.640466891229153 0.626108892261982 0.616046516224742 0.617152759805322 0.630834087729453 0.657090499997139 0.672637542709708 0.684065597131848 0.690585233271122 0.69319605641067 0.677706466987729 0.668749708682299 0.670058827847242 0.68350462242961 0.704673755913973 0.697518929839134 0.68479304946959 0.673660708591342 0.662941288203001 0.653295461088419 0.64712498895824 0.644429871812463 0.635068921372295 0.623144188895822 0.611080257222056 0.59977076202631 0.592274390161037 0.585622861981392 0.580298945307732 0.5757447630167 0.571680411696434 0.572810381650925 0.573689363896847 0.552640862762928 0.539111636579037 0.545132525265217 0.550551308318973 0.555367985740304 0.549680607393384 0.539953207597136 0.54894882813096 0.559963677078486 0.5755678974092 0.593896737322211 0.616507122293115 0.621123019605875 0.614287879317999 0.618870539590716 0.626566644757986 0.648370791226626 0.660924725234508 0.649428106844425
0.675742115825415 0.658342847600579 0.64381985925138 0.622240774333477 0.596171446144581 0.581169918179512 0.568708097562194 0.561790781095624 0.557822953909636 0.561523798853159 0.570904187858104 0.585964120924473 0.599285194650292 0.611937476322055 0.609625939279795 0.603372486308217 0.581810576841235 0.568580565974116 0.568443538621068 0.588600838556886 0.6216727104038 0.615794520825148 0.602743521332741 0.600184962153435 0.590809559449553 0.563710363581776 0.54554178379476 0.536303820088506 0.5372732616961 0.542168628424406 0.532593294978142 0.521993551403284 0.510527845472097 0.500274284742773 0.491925523616373 0.488872620277107 0.489189808256924 0.492563499137759 0.496687734499574 0.503179116174579 0.503465533256531 0.487619042396546 0.48016822617501 0.481113084591925 0.48219496011734 0.48332953453064 0.495348419062793 0.508505981415511 0.524155665189028 0.54655111208558 0.579547043889761 0.584510654211044 0.571635514497757 0.570298790931702 0.572958443313837 0.604325871914626 0.622237971052527 0.605166213586926
0.619685165584088 0.601805889979005 0.586868500337004 0.57011684216559 0.552210649475455 0.54040215164423 0.529780611395836 0.518605187535286 0.511694382876158 0.515871588140726 0.516813009977341 0.514518648386002 0.522860553115606 0.535293329507112 0.535892242565751 0.531683543697 0.506917333230376 0.492734082043171 0.495181195437908 0.514671672135592 0.545007925480605 0.533042641356588 0.513105628080666 0.501474446617067 0.489447024650872 0.476389377377927 0.461957911029458 0.446152625605464 0.43695071246475 0.430288557894528 0.420759029686451 0.414230488240719 0.423550225794315 0.432691400870681 0.44155197776854 0.442289805971086 0.437858612276614 0.452757246792317 0.470516607165337 0.471186891198158 0.462613663636148 0.430007305927575 0.411977890878916 0.408525418490171 0.40820777695626 0.409095839597285 0.427273069508374 0.446601224131883 0.46659895312041 0.491977462545037 0.525811484083534 0.540001256391406 0.541690142825246 0.531281288713217 0.520505260676146 0.544619593769312 0.563306421041489 0.567881733179092
0.585828395560384 0.561320414766669 0.543911168351769 0.529804866760969 0.517800439149141 0.501892545260489 0.485870867967605 0.481186658143997 0.477718024514616 0.477409888990223 0.479448057711124 0.483832530677318 0.494630329310894 0.507894791662693 0.505080100148916 0.497743126936257 0.472523908130824 0.456894257105887 0.456333926878869 0.465232029557228 0.480149134993553 0.476165914908051 0.468189099803567 0.456582276150584 0.444090751931071 0.429299006238579 0.419170171953738 0.413704249076545 0.407911347225308 0.401992684230208 0.403466841205955 0.405327584594488 0.406946901232004 0.407882999628782 0.407745469361544 0.405865997076034 0.402878016233444 0.417555147781969 0.434754681773484 0.43477367516607 0.435334726236761 0.43730512727052 0.437605643644929 0.436236275359988 0.439446913078427 0.444419091567397 0.451700374484062 0.457640109583735 0.456192957237363 0.453469503670931 0.448740433901548 0.451333921402693 0.458587218075991 0.481324921362102 0.504924176260829 0.490522826090455 0.478203335776925 0.471296681091189
0.546488877385856 0.519001673907042 0.507220674306154 0.497585180215538 0.489315007813275 0.47590883821249 0.462026180699468 0.45750561915338 0.45752779301256 0.469361078925431 0.472895576618612 0.468131286092103 0.466140293516219 0.465215953998268 0.465190677903593 0.463210224173963 0.451189451850951 0.444880208000541 0.447546223178506 0.445522898808122 0.440515449270606 0.434145730920136 0.427730167284608 0.425166947767138 0.42193428426981 0.416961066424846 0.412006699480116 0.407071183435619 0.403256539255381 0.399872999638319 0.392893855459988 0.387420277111232 0.390532058663666 0.392880734987557 0.394030245952308 0.390405029058456 0.383741348981857 0.396471437066794 0.412142212502658 0.411865861155093 0.411542282439768 0.411095912568271 0.414530615322292 0.42184639070183 0.423146476969123 0.422132836654782 0.42824343405664 0.431542922742664 0.418691503815353 0.405065179802477 0.390221147798002 0.394167738035321 0.410071996971965 0.417802182026207 0.423434019088745 0.421185791492462 0.418750014156103 0.415826607495546
0.517656677402557 0.491681878454983 0.480623449198901 0.467147470451892 0.452133051119745 0.443500082008541 0.436631917022169 0.438068491406739 0.44265326205641 0.455423342995346 0.462409399449825 0.463611431419849 0.454392705112696 0.441165994852781 0.442469103261828 0.443508054129779 0.438952741213143 0.435924994759261 0.43529770988971 0.431693205609918 0.426194107159972 0.417651274241507 0.408773473463952 0.404549916274846 0.403221962042153 0.409422575496137 0.410425294190645 0.406230118125677 0.39960715919733 0.392050437629223 0.385654791258275 0.37889611069113 0.369980766437948 0.365188240073621 0.36687442753464 0.36718641128391 0.366623901762068 0.36746160313487 0.368309553712606 0.364571023732424 0.362285473383963 0.36377767007798 0.363797778263688 0.362345797941089 0.360501060262322 0.358505262061953 0.35830445587635 0.357712836004794 0.354639208875597 0.351701110601425 0.348975986242294 0.353970313444734 0.363877018913627 0.36628426797688 0.367161376401782 0.367524245753884 0.367733726277947 0.367544395849109
0.491796497255564 0.476461336947978 0.461393876932561 0.449867404066026 0.44059428665787 0.431751105003059 0.423837867565453 0.430271900258958 0.437544407323003 0.446996947750449 0.448038977570832 0.440670496784151 0.426264564506709 0.409151920117438 0.41289942804724 0.417299603112042 0.418827774934471 0.421095054596663 0.424523789435625 0.423633484169841 0.419994698837399 0.412036481313407 0.403252410702407 0.395114907063544 0.390684989280999 0.395894794724882 0.399818975478411 0.402457531541586 0.405517769046128 0.408740191720426 0.395213049836457 0.381007336080074 0.368335105478763 0.356022033840418 0.34427335485816 0.335665265098214 0.329055732116103 0.3280129423365 0.328315448015928 0.332561049610376 0.337461673654616 0.344065356068313 0.348013743758202 0.349306836724281 0.346672525629401 0.342527674511075 0.338399083353579 0.334694030694663 0.33310188818723 0.331296917982399 0.329157504253089 0.327414421364665 0.32592354901135 0.31714503094554 0.307438282296062 0.306729609146714 0.306484618224204 0.307445201091468
0.488328576087952 0.47571411728859 0.459023803472519 0.443782294169068 0.429462751373648 0.42088970169425 0.41352042555809 0.407077223062515 0.406543071381748 0.421372451819479 0.423560899682343 0.413108414970338 0.403836950659752 0.395019724965096 0.389360509812832 0.385126950219273 0.387092841789126 0.391087956726551 0.398271851241589 0.402027294971049 0.403600997291505 0.402965551242232 0.401146252639592 0.386712565086782 0.377694001421332 0.382754759863019 0.387136240489781 0.390838443301618 0.379956042394042 0.363464178517461 0.357099151238799 0.350762876681984 0.341591884382069 0.332335946150124 0.322946521453559 0.318661729805171 0.317625341005623 0.323282879777253 0.329625284299254 0.324851052835584 0.318153081461787 0.306453386321664 0.294770387932658 0.28310408629477 0.283716742880642 0.289052075706422 0.303172426298261 0.315033461898565 0.313014093786478 0.306723790243268 0.293722016736865 0.275124952662736 0.252967249136418 0.236973743885756 0.223158605396748 0.225417427718639 0.2314887563698 0.247472601477057
0.466262466274202 0.453314821235836 0.444253732450306 0.432091659866274 0.41795623395592 0.405811328440905 0.394765298813581 0.395632389932871 0.395548917353153 0.392993979156017 0.387858303263784 0.380141889676452 0.371534192934632 0.362583694979549 0.36850615311414 0.373935810290277 0.372527063824236 0.373024698346853 0.376518074423075 0.385486229322851 0.397938334383071 0.385347673669458 0.368095242418349 0.356738115660846 0.350520520471036 0.357665707357228 0.361304987221956 0.361438360065222 0.356963553465903 0.350716370157897 0.344687453471124 0.338340181857348 0.330336939543486 0.323186931200325 0.317377719096839 0.315923310816288 0.31724014133215 0.311866438947618 0.303988221101463 0.276281052269041 0.254329552408308 0.247342791873962 0.238584474194795 0.228054599370807 0.219530928879976 0.211778875440359 0.239021091721952 0.263450363650918 0.263522481545806 0.262565332464874 0.25999076385051 0.240604256279767 0.210519242100417 0.199078185949475 0.191782943438739 0.191577075514942 0.196854567155242 0.216388793662191
0.46483510825783 0.454354494810105 0.429830521345138 0.413227069191635 0.401663948781788 0.398195888847113 0.395995447412133 0.38782131485641 0.379750684835017 0.371949161402881 0.365096603520215 0.359193011187017 0.352222375571728 0.344841338694096 0.354363029822707 0.362803290598095 0.360865009017289 0.359349977225065 0.358500052243471 0.361345581710339 0.366542764008045 0.365236246027052 0.36131052672863 0.334970965981484 0.318716753274202 0.328684445470572 0.329974395222962 0.322586602531373 0.320056893862784 0.319395679049194 0.32423341833055 0.326594136655331 0.314952410757542 0.305818975903094 0.300627141259611 0.290819451212883 0.278074398636818 0.263761762529611 0.249112927354872 0.234078492037952 0.223344413097948 0.223791260737926 0.216455020941794 0.201335693709552 0.195948649197817 0.194304790347815 0.205670649651438 0.217478993814439 0.227673374582082 0.233457878232002 0.232312574982643 0.21806586207822 0.19548188848421 0.180909708142281 0.169047090224922 0.176006936468184 0.182210977189243 0.186449923552573
0.44555027037859 0.43649831507355 0.42311233188957 0.411581052467227 0.401230039075017 0.385121189057827 0.368771958164871 0.36791289690882 0.366766611114144 0.364873541519046 0.356881111860276 0.342789322137833 0.333178913220763 0.32529211230576 0.301324083469808 0.279414554126561 0.272527295164764 0.266433051787317 0.261584975756705 0.258848639205098 0.257456136867404 0.256795179098845 0.255127230659127 0.233853189274669 0.216688692569733 0.210209012031555 0.204186371527612 0.198620771057904 0.201210249215364 0.206936296075582 0.210567412432283 0.213011085055768 0.210133695043623 0.207200480625033 0.204179542139172 0.202573170885444 0.201866978779435 0.200143510010093 0.198105135001242 0.194172094576061 0.192538030911237 0.196881306823343 0.196568410377949 0.191599341575056 0.188033835496753 0.185008161235601 0.18581627542153 0.191105038393289 0.217669460456818 0.223408794030547 0.196422988548875 0.187918609473854 0.191175138112158 0.180909708142281 0.169047090224922 0.176006936468184 0.182210977189243 0.186449923552573
0.418859309051186 0.419705367647111 0.416095667518675 0.404318829067052 0.387344720773399 0.377359331585467 0.369345583021641 0.371088080108166 0.368125475011766 0.352929604239762 0.330564917996527 0.301031416282058 0.274821260478347 0.249889314640314 0.230635831598192 0.214409270323813 0.211647181771696 0.210139382164925 0.2106026080437 0.208285924512893 0.204200207721442 0.195966692175716 0.187207055743784 0.183605880010873 0.177422216627747 0.16452408535406 0.15727691585198 0.155680708121508 0.160607081372291 0.168042139615863 0.156209967564791 0.147570380941033 0.160560553893447 0.169006823562086 0.170312673784792 0.174676229711622 0.180985598359257 0.184433322399855 0.187148973345757 -9999 -9999 0.193824142217636 0.191392648499459 0.186529661063105 0.181695452425629 0.176872312556952 -9999 -9999 -9999 -9999 -9999 -9999 -9999 -9999 0.169470176100731 -9999 -9999 -9999
0.404011660255492 0.405487011186779 0.398975630290806 0.393427964299917 0.388493571430445 0.366867121309042 0.343073384836316 0.33918877504766 0.328704562038183 0.301061380654573 0.276980047114194 0.256460561417043 0.227068585343659 0.194264112971723 0.191189918201417 0.188616084400564 0.179799856152385 0.172625532373786 0.16803134419024 0.164912852458656 0.162733440287411 0.156014326494187 0.148729898501188 0.147270114626735 0.144345264881849 0.137611243873834 0.133297375869006 0.131403660867363 0.134361939970404 0.139186370652169 0.133267621975392 0.127808704972267 -9999 -9999 -9999 -9999 -9999 -9999 -9999 -9999 -9999 -9999 -9999 0.180733099579811 0.179055799264461 0.176733383443206 -9999 -9999 -9999 -9999 -9999 -9999 -9999 -9999 -9999 -9999 -9999 -9999
0.384702533483505 0.383467733860016 0.380292534828186 0.364188695326448 0.33985753916204 0.316944447346032 0.29390706680715 0.263935359194874 0.240824365057051 0.235551225952804 0.227297750301659 0.216063938103616 0.19613219704479 0.172855098731816 0.172231870237738 0.170884085353464 0.159250615630299 0.153196845203638 0.155911173671484 0.154225120320916 0.149738823994994 0.148913596291095 0.148403709754348 0.140806989744306 0.134385775774717 0.131020877510309 0.129338428378105 -9999 -9999 -9999 0.124789926456287 -9999 -9999 -9999 -9999 -9999 -9999 -9999 -9999 -9999 -9999 -9999 -9999 -9999 -9999 -9999 -9999 -9999 -9999 -9999 -9999 -9999 -9999 -9999 -9999 -9999 -9999 -9999
-9999 0.36572786141187 0.316935847513377 0.281049664597959 0.253376283217221 0.23255235562101 0.213940414134413 0.209644093643874 0.204854391049594 0.198781894985586 0.193556964397431 0.189179599285126 0.173299710266292 0.152995773591101 0.152559284586459 0.152516123373061 0.148596234153956 0.148555808700621 0.154611683450639 0.154225120320916 0.149738823994994 0.144932003691793 0.140175085049123 0.137356276158243 0.134385775774717 0.131020877510309 -9999 -9999 -9999 0.126527965068817 0.124789926456287 0.123256362974644 -9999 -9999 -9999 -9999 -9999 -9999 -9999 -9999 -9999 -9999 -9999 -9999 -9999 -9999 -9999 -9999 -9999 -9999 -9999 -9999 -9999 -9999 -9999 -9999 -9999 -9999
-9999 0.251114663435146 0.229493196355179 0.212274126708508 0.197856582701206 0.196069798432291 0.19650063617155 0.191686464939266 0.189967409241945 0.196295653935522 0.194598913658411 0.18487718841061 0.16353299934417 0.137718631885946 0.131896226666868 0.128412654623389 0.130743259564042 0.133702402468771 0.137649247888476 -9999 -9999 -9999 0.140039629302919 0.134782616980374 0.130985885858536 -9999 -9999 -9999 -9999 -9999 0.124789926456287 -9999 -9999 -9999 -9999 -9999 -9999 -9999 -9999 -9999 -9999 -9999 -9999 -9999 -9999 -9999 -9999 -9999 -9999 -9999 -9999 -9999 -9999 -9999 -9999 -9999 -9999 -9999
-9999 -9999 0.189242422580719 0.187172050587833 0.183784169144928 0.185794463846832 0.188497721217573 0.184627545066178 0.182571201119572 0.185230820905417 0.182211625855416 0.173513615969569 0.16334081068635 0.152600776404142 -9999 -9999 -9999 -9999 0.124778218567371 0.125108361942694 0.125648596556857 0.125714607536793 0.126043424010277 0.132452294230461 -9999 -9999 -9999 0.121685929596424 0.121685929596424 -9999 -9999 -9999 -9999 -9999 -9999 -9999 -9999 -9999 -9999 -9999 -9999 -9999 -9999 -9999 -9999 -9999 -9999 -9999 -9999 -9999 -9999 -9999 -9999 -9999 -9999 -9999 -9999 -9999
-9999 -9999 -9999 -9999 0.148064762353897 0.144121000077575 0.1394760790281 0.136320250574499 0.13388062780723 0.13330313982442 0.132985235191882 0.132926913909614 0.130034740548581 0.12605262408033 -9999 -9999 -9999 -9999 -9999 -9999 -9999 -9999 0.148474469780922 -9999 -9999 -9999 -9999 -9999 -9999 -9999 -9999 -9999 -9999 -9999 -9999 -9999 -9999 -9999 -9999 -9999 -9999 -9999 -9999 -9999 -9999 -9999 -9999 -9999 -9999 -9999 -9999 -9999 -9999 -9999 -9999 -9999 -9999 -9999
-9999 -9999 -9999 -9999 -9999 -9999 -9999 -9999 -9999 -9999 -9999 0.131748229265213 0.129344515502453 0.126016296446323 0.130364290904254 -9999 -9999 -9999 -9999 -9999 -9999 -9999 -9999 -9999 0.126668194308877 0.129428757354617 0.130809038877487 -9999 -9999 -9999 -9999 -9999 -9999 -9999 -9999 -9999 -9999 -9999 -9999 -9999 -9999 -9999 -9999 -9999 -9999 -9999 -9999 -9999 -9999 -9999 -9999 -9999 -9999 -9999 -9999 -9999 -9999 -9999
-9999 -9999 -9999 -9999 -9999 -9999 -9999 -9999 -9999 -9999 -9999 -9999 0.134117776528001 0.13739868812263 0.135871899779886 0.134363904595375 -9999 -9999 -9999 -9999 -9999 -9999 -9999 0.125901371240616 0.126668194308877 0.129428757354617 -9999 -9999 -9999 -9999 -9999 -9999 -9999 -9999 -9999 -9999 -9999 -9999 -9999 -9999 -9999 -9999 -9999 -9999 -9999 -9999 -9999 -9999 -9999 -9999 -9999 -9999 -9999 -9999 -9999 -9999 -9999 -9999
-9999 -9999 -9999 -9999 -9999 -9999 -9999 -9999 -9999 -9999 -9999 -9999 0.129229232668877 0.125888541340828 0.129265754949302 0.134731349535286 0.148662994615734 0.157176777720451 -9999 -9999 -9999 -9999 0.125521726207808 0.125314647099003 0.125222611939535 0.125429691048339 -9999 -9999 -9999 -9999 -9999 -9999 -9999 -9999 -9999 -9999 -9999 -9999 -9999 -9999 -9999 -9999 -9999 -9999 -9999 -9999 -9999 -9999 -9999 -9999 -9999 -9999 -9999 -9999 -9999 -9999 -9999 -9999
