data/dis.20102014.winter.platessa_max.asc
NCOLS 320 
NROWS 120 
XLLCORNER 2 
YLLCORNER 53 
CELLSIZE 0.025 
NODATA_value -9999 
[rows 50 to 74 of 120, columns 232 to 289 of 320]
0.427396662533283 0.408079527318478 0.395435380749404 0.385357768274844 0.381921756081283 0.379162598401308 0.377834301441908 0.371422463096678 0.357022202573717 0.346617449074983 0.338755290955305 0.336707072332501 0.334881830960511 0.317079808562994 0.302974470891058 0.298480513505637 0.289242474362254 0.275260353460907 0.259061823133379 0.242010827641932 0.260949062649161 0.276996346889064 0.268003809498623 -9999 -9999 -9999 -9999 -9999 -9999 -9999 0.227060286793857 0.232306360732764 0.232306360732764 0.227060286793858 -9999 -9999 -9999 -9999 -9999 -9999 -9999 -9999 -9999 -9999 -9999 -9999 -9999 -9999 -9999 -9999 -9999 -9999 -9999 -9999 -9999 -9999 -9999 -9999
0.410056958906353 0.394687146879733 0.386890142224729 0.382005755789578 0.37970998045057 0.378076551482081 0.378993498161435 0.367992028594016 0.338261619210244 0.328926118090749 0.332569194957614 0.333907974883914 0.333961786702275 0.320005750283599 0.299844879657027 0.26355144008994 0.248133960179985 0.253592439927161 0.239974728785455 0.219020021148024 0.233084558974952 0.246521636843681 -9999 -9999 -9999 -9999 -9999 -9999 -9999 -9999 -9999 0.216276690363884 0.216276690363884 -9999 -9999 -9999 -9999 -9999 -9999 -9999 -9999 -9999 -9999 -9999 -9999 -9999 -9999 -9999 -9999 -9999 -9999 -9999 -9999 -9999 -9999 -9999 -9999 -9999
0.404191321693361 0.389332135207951 0.382717003114521 0.379272661171854 0.381856220774353 0.382996078580618 0.375144515186548 0.365791410207748 0.354078739881516 0.343682934530079 0.334125134162605 0.332838232629001 0.331854072399436 0.307895458303392 0.28050737455487 0.24420266970992 0.2330069700256 0.246920275501908 0.240682465024292 0.22669422533363 0.223320561693981 -9999 -9999 -9999 -9999 0.208292798604816 0.191108765546232 0.205623504705728 0.225355449132621 0.226004057563841 0.222756785340608 0.209380223415793 -9999 -9999 -9999 -9999 -9999 -9999 -9999 -9999 -9999 -9999 -9999 -9999 -9999 -9999 -9999 -9999 -9999 -9999 -9999 -9999 -9999 -9999 -9999 -9999 -9999 -9999
0.399380901828408 0.391439853236079 0.379998966120183 0.367211987264454 0.374305319972336 0.378162087872625 0.359988881275058 0.34757926594466 0.344226722605526 0.337202184833586 0.327840923331678 0.3216204168275 0.314669856801628 0.284629819914699 0.25686688069254 0.235024395398795 0.228292847052217 0.236672235652805 0.229713801760226 0.216856205370276 0.218738433672115 -9999 -9999 -9999 0.218794152140617 0.208292798604816 0.191108765546232 0.205623504705728 0.225355449132621 0.226004057563841 0.222756785340608 0.209380223415793 0.202691942453384 -9999 -9999 -9999 -9999 -9999 -9999 -9999 -9999 -9999 -9999 -9999 -9999 -9999 -9999 -9999 -9999 -9999 -9999 -9999 -9999 -9999 -9999 -9999 -9999 -9999
0.401477261446416 0.396381449885666 0.382756653241813 0.365851477719843 0.359372610226273 0.353137575089931 0.345055140554905 0.340477641671896 0.341407898813486 0.338219816796481 0.332410973496735 0.322334107011556 0.311061521060764 0.293972983025015 0.274628192652015 0.249417146202176 0.233678496908396 0.227412244770676 0.215823028702289 0.202186518814413 0.205337064806372 -9999 -9999 0.23929598624818 0.248758371220902 0.2303716968745 0.194262893870473 0.205623504705728 0.225355449132621 0.226004057563841 0.222756785340608 0.209380223415793 -9999 -9999 -9999 0.213416129350662 -9999 -9999 -9999 -9999 -9999 -9999 -9999 -9999 -9999 -9999 -9999 -9999 -9999 -9999 -9999 -9999 -9999 -9999 -9999 -9999 -9999 -9999
0.394660437479615 0.384336782619357 0.36826975364238 0.349993734620512 0.347259261645377 0.344889613799751 0.339773048646748 0.338053531944752 0.341672234237194 0.346772974357009 0.352816829457879 0.346872984431684 0.336924539878963 0.29965608380735 0.269613587297498 0.258358585648238 0.243141755927353 0.223963098134844 0.204474877566099 0.184867594391106 0.206272816751152 0.225778317078948 0.223722705617547 0.227219943888485 0.239443088881672 0.221023847348988 0.183104905299842 0.199282612651587 0.224313446320594 0.21591881942004 0.209182265680283 0.2067567021586 0.209892317652702 0.218589112162589 0.217615788336843 0.21292318822816 -9999 -9999 -9999 -9999 -9999 -9999 -9999 -9999 -9999 -9999 -9999 -9999 -9999 -9999 -9999 -9999 -9999 -9999 -9999 -9999 -9999 -9999
0.401336978189647 0.390118152834475 0.381435760296881 0.373728918842971 0.356102424673736 0.340753153897822 0.339707545004785 0.341000302694738 0.345967636443674 0.354169850237668 0.364430624060333 0.363515093922615 0.357930168509481 0.310964956879616 0.272324746940284 0.255329541396349 0.235639310907571 0.213254055473952 0.192266648169607 0.171816874761132 0.195149072445929 0.21727572241798 0.220497583504766 0.22449255362153 0.229702409356833 0.212841676548124 0.181936023756861 0.197015503421426 0.219628087244928 0.213953991420567 0.207844742108137 0.200604093726725 0.196983769536018 -9999 -9999 -9999 -9999 -9999 -9999 -9999 -9999 -9999 -9999 -9999 -9999 -9999 -9999 -9999 -9999 -9999 -9999 -9999 -9999 -9999 -9999 -9999 -9999 -9999
0.408517184667289 0.401834377087653 0.383805773220956 0.361413401551545 0.355362496338785 0.349821234121919 0.342021873220801 0.346735276281834 0.371111594140529 0.38363054394722 0.388603895902634 0.389555792324245 0.386065343394873 0.320727972313762 0.267872037366031 0.247467836365103 0.228698848281055 0.211565073113887 0.191010016947984 0.169139083474872 0.182081596925855 0.196859457995742 0.210574808064848 0.211134758312256 0.191021937411278 0.179086694028229 0.172355363611132 -9999 -9999 -9999 -9999 -9999 -9999 -9999 -9999 -9999 -9999 0.217091418104246 0.214043619809672 0.213366331299767 0.216414129594341 -9999 -9999 -9999 -9999 -9999 -9999 -9999 -9999 -9999 -9999 -9999 -9999 -9999 -9999 -9999 -9999 -9999
0.380204444751143 0.37454535253346 0.371808379888534 0.370195299386978 0.356189928017557 0.344625631347299 0.348911499604583 0.361092137172819 0.385678840801119 0.402244411408902 0.413705624639988 0.415648669935763 0.411727097816762 0.340468800626696 0.281916840001939 0.256401354447006 0.235560955014079 0.219395641703158 0.197021620348096 0.172259634360669 0.175350320059806 0.181246594991535 0.19297885382548 0.191205651499332 0.168209581635891 0.163380256388336 0.170111586805433 -9999 -9999 -9999 -9999 -9999 -9999 -9999 -9999 -9999 -9999 0.218107350869104 0.221155149163678 0.221832437673584 0.21878463937901 -9999 -9999 -9999 -9999 -9999 -9999 -9999 -9999 -9999 -9999 -9999 -9999 -9999 -9999 -9999 -9999 -9999
0.374237334355712 0.37662916071713 0.370389187708497 0.36082929186523 0.353040940128267 0.346769622527063 0.347562433220446 0.356233643367887 0.377285195514559 0.389666458591819 0.396530264988542 0.405749707482755 0.411629611626265 0.352728201076389 0.302091151475904 0.272941440343856 0.248762583360075 0.229554580524563 0.218912743963301 0.211565586738288 0.2099145851098 0.20857683615759 0.207130010705441 0.198312407825143 0.177912154700606 0.168137588072568 0.1651248219423 -9999 -9999 0.170982494950294 0.170982494950294 -9999 -9999 -9999 -9999 -9999 0.223088890314102 0.22308221552521 0.223042166791856 -9999 -9999 -9999 -9999 -9999 -9999 -9999 -9999 -9999 -9999 -9999 -9999 -9999 -9999 -9999 -9999 -9999 -9999 -9999
0.361398745328188 0.366184677928686 0.364902715198696 0.361286946572363 0.350163239985704 0.340551580302417 0.340708372183144 0.353778275661171 0.387140211649238 0.403525199741125 0.40910667553544 0.412243345752358 0.412372250109909 0.369681473821402 0.329526069574055 0.295962632633745 0.26988268457353 0.251286225393413 0.233960543293506 0.21712362160906 0.210805287584662 0.205613898579031 0.202963532414287 0.199890623800457 0.196153719909489 0.19354601111263 0.191656881012022 -9999 0.197166576981544 -9999 -9999 -9999 0.202764513436705 0.199592776130885 0.202303954400122 0.20727779250592 0.212561036925763 0.216978907585144 -9999 -9999 -9999 -9999 -9999 -9999 -9999 -9999 -9999 -9999 -9999 -9999 -9999 -9999 -9999 -9999 -9999 -9999 -9999 -9999
0.349998214282095 0.357895190827548 0.362053974531591 0.364774991758168 0.358409176580608 0.351938257925212 0.347614419646561 0.358741607517005 0.394148979336022 0.408679621294141 0.409925071522593 0.412402815185487 0.413258743472396 0.382354012690485 0.35289334412664 0.32718723732978 0.296067301183937 0.259533535689113 0.227327946573496 0.196787040680644 0.19260566867888 0.189177927095443 0.181765533518046 0.17958682635799 0.185632483568043 0.186117738019675 0.183064554352313 -9999 -9999 -9999 0.20410479651764 0.20426852023229 0.202764513436705 0.199592776130885 0.199828572105616 0.201374957803637 0.197057134006173 -9999 -9999 -9999 -9999 -9999 -9999 -9999 -9999 -9999 -9999 -9999 -9999 -9999 -9999 -9999 -9999 -9999 -9999 -9999 -9999 -9999
0.345387657172978 0.350045799277723 0.350779297761619 0.350003317929804 0.350243403576314 0.353425920009613 0.371021747589111 0.382618423551321 0.384787861257791 0.394403446465732 0.408757489174605 0.410321460105479 0.408117005601524 0.385335562750697 0.363472096621989 0.343995369970798 0.309889447875319 0.261154330335554 0.232211174909025 0.210880312602965 0.19478109665215 0.18091484438628 0.176674691028893 0.174749431665987 0.176461862865835 0.171856470871717 0.163230645935982 0.162624926306307 0.164833127520978 0.187609625048936 0.202419859357179 0.196517809294164 0.193902886006981 0.194575089495629 0.197483303956687 0.201251522637904 0.197057134006173 0.193171486258507 -9999 -9999 0.200659021735191 0.200659021735191 -9999 -9999 -9999 -9999 -9999 -9999 -9999 -9999 -9999 -9999 -9999 -9999 -9999 -9999 -9999 -9999
0.342411336489022 0.352284363470972 0.37430923525244 0.401007893495261 0.397166814655065 0.391588632948697 0.386307212524116 0.381257916800678 0.376573388464749 0.387870160862805 0.409336851909757 0.413440975360572 0.41333916131407 0.400769139640033 0.386069742031394 0.365833966992795 0.330081218853591 0.278811497613784 0.248136475682258 0.225382491946218 0.207265035249293 0.191307383589447 0.184785072691739 0.175743661820889 0.162743665277957 0.15909916954115 0.16140817431733 0.162624926306307 0.163919464685023 0.170250031165779 0.177622309885918 0.187703040428459 0.193311082664877 0.194446436595172 0.197483303956687 0.201251522637904 0.197057134006173 -9999 -9999 -9999 -9999 -9999 -9999 -9999 -9999 -9999 -9999 -9999 -9999 -9999 -9999 -9999 -9999 -9999 -9999 -9999 -9999 -9999
0.358858211897314 0.395210039801896 0.402620977722108 0.398900804109871 0.383450390771031 0.371258610859513 0.378810068592429 0.380373685620725 0.372527838684619 0.381780757568778 0.401914709247649 0.409252651967108 0.413445026613772 0.407669174484909 0.398925793357192 0.382466836832463 0.350754249840973 0.303788032382724 0.271488953381777 0.244831081479785 0.218472356442362 0.195140351075679 0.186853959690779 0.174293373245747 0.155016194563358 0.147424101363868 0.147267971653491 0.155351602006704 0.164730036165565 0.168104950804263 0.172663967590779 0.18030164996162 0.187113362830132 0.193099106196314 -9999 -9999 -9999 -9999 -9999 -9999 -9999 -9999 -9999 -9999 -9999 -9999 -9999 -9999 -9999 -9999 -9999 -9999 -9999 -9999 -9999 -9999 -9999 -9999
0.407698131166399 0.409265329129994 0.394328606314957 0.373044221661985 0.357780455611646 0.347103601321578 0.357590535655618 0.362574942409992 0.358912520110607 0.372013815678658 0.3957829317078 0.408386849798262 0.417004091665148 0.395809510722756 0.380087465047836 0.378594011068344 0.356093957088886 0.312587303109464 0.282702198252082 0.258056150749323 0.225454699713737 0.195133021101356 0.178550029173493 0.161238047294319 0.142780509777366 0.138601173181087 0.143507964443415 0.150613531470299 0.157951618079096 0.161766699980944 0.165927796158939 0.170988529454916 0.173518896102905 -9999 -9999 -9999 -9999 -9999 -9999 -9999 -9999 -9999 -9999 -9999 -9999 -9999 -9999 -9999 -9999 -9999 -9999 -9999 -9999 -9999 -9999 -9999 -9999 -9999
0.402092089876533 0.393233390524983 0.368150906637311 0.336828505620361 0.342861900106072 0.350285000167787 0.353669629432261 0.355636456981301 0.355375310406089 0.365394742228092 0.381956360302866 0.39752293471247 0.411119699478149 0.394612848758698 0.379144576378166 0.36637660767883 0.336773804388938 0.290336166508493 0.265225519426167 0.248317561112343 0.233390064444393 0.216363187879324 0.188256923109293 0.164290719665588 0.146830326877534 0.135296584572643 0.127534347120672 0.126534761860967 0.12706402875483 0.130590764805675 0.132397135603242 0.129730556742288 -9999 -9999 -9999 -9999 -9999 -9999 -9999 -9999 -9999 -9999 -9999 -9999 -9999 -9999 -9999 -9999 -9999 -9999 -9999 -9999 -9999 -9999 -9999 -9999 -9999 -9999
0.394758662208915 0.364852668717504 0.339887197129428 0.316821926273406 0.320488727651536 0.327979003079235 0.34672427456826 0.356505527161062 0.352200464345515 0.360272260382772 0.376220239326358 0.385028345510364 0.391344240866601 0.37956811953336 0.36733236722648 0.353901574388146 0.328197672031818 0.290220660157499 0.26846475712955 0.25294774211943 0.24233557516709 0.228615256026387 0.197911573573947 0.173212427645922 0.157948981970548 0.142197803594172 0.126136249862611 0.123409172520041 0.123361844802275 0.123533040983602 0.124431792763062 0.127222189097665 -9999 -9999 -9999 -9999 -9999 -9999 -9999 -9999 -9999 -9999 -9999 -9999 -9999 -9999 -9999 -9999 -9999 -9999 -9999 -9999 -9999 -9999 -9999 -9999 -9999 -9999
0.358966382220387 0.337758457288146 0.325373770669103 0.316382637247443 0.316969871520996 0.31963506527245 0.329872889444232 0.336299157701433 0.336735838092864 0.338622009381652 0.341430583968759 0.350191092118621 0.359600083902478 0.359796723350883 0.358688454143703 0.354187422432005 0.33154233638197 0.2907531959936 0.269540600478649 0.255857445299624 0.233070366550237 0.209619560278952 0.185527740977704 0.167312455829233 0.158331724349409 0.141780722420663 0.120412275660783 0.121081102639437 0.126116078812629 0.130448860581964 0.132802981766872 0.130012585432269 -9999 -9999 -9999 -9999 -9999 -9999 -9999 -9999 -9999 -9999 -9999 -9999 -9999 -9999 -9999 -9999 -9999 -9999 -9999 -9999 -9999 -9999 -9999 -9999 -9999 -9999
0.428558246232569 0.355734813027084 0.328967858105898 0.319914933294058 0.320383806712925 0.321910718455911 0.3259272929281 0.329930822364986 0.333913852460682 0.340918450616301 0.34984586481005 0.340397870168089 0.328418038785458 0.335873372852802 0.339731804095208 0.334238287992775 0.321023454889654 0.300087304785846 0.281281257979572 0.263294481672345 0.249948728829622 0.233898492064327 0.202960828784853 0.17880441620946 0.165304254740476 0.15055459132418 0.135009790305048 0.12335651833564 0.113415623083711 0.119353933259845 0.12171086575836 0.114756216295064 0.111278891563416 -9999 -9999 -9999 0.148730352520943 0.150488691404462 0.161038724705576 0.167485967278481 -9999 -9999 -9999 -9999 -9999 -9999 -9999 -9999 -9999 -9999 -9999 -9999 -9999 -9999 -9999 -9999 -9999 -9999
0.486126504838467 0.398419745266438 0.341964799910783 0.29752978309989 0.30331052839756 0.310359144583344 0.308977773413062 0.314153634943068 0.329633719287812 0.335961109027267 0.336464056745171 0.334116263315081 0.330118592828511 0.307765532284975 0.292179997079074 0.294190027751029 0.291491951793432 0.284085769206285 0.289412891492248 0.299637438729406 0.275085745379329 0.246399661060423 0.207269927952438 0.178299216553569 0.165292682126164 0.15541204623878 0.147520618513226 0.137153532821685 0.126513000810519 0.11964111845009 0.113228636560962 0.108010595897213 0.106142697157338 0.107624940341338 -9999 -9999 -9999 -9999 -9999 -9999 -9999 -9999 -9999 -9999 -9999 -9999 -9999 -9999 -9999 -9999 -9999 -9999 -9999 -9999 -9999 -9999 -9999 -9999
0.541552625596523 0.434562928974629 0.360299460589885 0.298623003065587 0.301717315800488 0.308184320107102 0.312464555725455 0.320012426003814 0.332695150747895 0.341483584605158 0.347793833352625 0.335825372487306 0.320053580217063 0.301772766746581 0.285808194428682 0.275865849107504 0.277992731891573 0.292188842780889 0.313089118339122 0.336567918770018 0.293391867540776 0.247676787432283 0.208870931062847 0.181362153496594 0.171605928335338 0.166841405443847 0.165253420360386 0.156597535125911 0.146133231231943 0.128956670640036 0.115180261665955 0.110244246898219 0.107849486870691 0.107995981583372 0.105833030655049 0.102781831403263 -9999 -9999 -9999 -9999 -9999 -9999 -9999 -9999 -9999 -9999 -9999 -9999 -9999 -9999 -9999 -9999 -9999 -9999 -9999 -9999 -9999 -9999
0.655746079981327 0.546146325767041 0.468044052831828 0.402056195773185 0.393844982609153 0.390517520718276 0.394615684635937 0.397245907224715 0.397569364868104 0.395383697003126 0.39160131290555 0.366329503245651 0.337400625459849 0.319365636445582 0.30242477916181 0.288328664377331 0.290620058774949 0.309298962354661 0.331279376521707 0.354529602453115 0.297702664043754 0.240361015312374 0.203997922129929 0.180292173754424 0.176476538646966 0.172389392275363 0.168129466008395 0.153743830509483 0.137432269984857 0.122807395411655 0.109804124571384 0.101017023436726 0.0967822365928441 0.0970997640397399 0.0900482421275227 0.0801624704618011 -9999 -9999 -9999 -9999 -9999 -9999 -9999 -9999 -9999 -9999 -9999 -9999 -9999 -9999 -9999 -9999 -9999 -9999 -9999 -9999 -9999 -9999
0.754219267517328 0.695754688233137 0.613865643739699 0.522967189550401 0.478675910271704 0.441327398642898 0.42498473264277 0.417405135929585 0.423596076667309 0.425954859703779 0.425874996930361 0.412972051650285 0.396210296079515 0.357447246089578 0.325786173343657 0.31259024143219 0.309280395507813 0.315856635570526 0.327771288342774 0.341739176772536 0.292502230498939 0.242440250702203 0.206842760555446 0.183588113170117 0.179729361552745 0.174011839088053 0.167111462447792 0.147325970232486 0.125290079740808 0.108806811505928 0.0948260582517837 0.087351843947545 0.0822797636501492 0.0796098173595967 0.0791708605829626 0.0795899766962975 -9999 -9999 -9999 -9999 -9999 -9999 -9999 -9999 -9999 -9999 -9999 -9999 -9999 -9999 -9999 -9999 -9999 -9999 -9999 -9999 -9999 -9999
0.823594378307462 0.789741178974509 0.749540105462074 0.706897541880608 0.65338353998959 0.596486692316831 0.525873097591101 0.474432106129825 0.453119491226972 0.446243401616812 0.448554191738367 0.446703590452671 0.442880747839807 0.419678533449769 0.391628868877884 0.350975833833217 0.33270668797195 0.336821431294084 0.341306933201849 0.345935034565628 0.306186093017459 0.262876181863249 0.214813494123518 0.181615692563355 0.171776997856795 0.166043554898351 0.162922544870526 0.136737883090972 0.106879962375388 0.0929930557031182 0.0812952576670799 0.0752891420852396 0.0741372946649789 0.0778397154062983 0.0791708605829626 0.0795899766962975 0.0741779098752887 0.0693820118904114 -9999 -9999 -9999 -9999 -9999 -9999 -9999 -9999 -9999 -9999 -9999 -9999 -9999 -9999 -9999 -9999 -9999 -9999 -9999 -9999
