data/dis.20102014.winter.crangon_all.asc
NCOLS 320 
NROWS 120 
XLLCORNER 2 
YLLCORNER 53 
CELLSIZE 0.025 
NODATA_value -9999 
[rows 75 to 99 of 120, columns 168 to 223 of 320]
0.00327746711263899 0.003584951205994 0.00378408736287384 0.00394155123649398 0.00353273243672448 0.00316356989060296 0.00315924234018894 0.00317934107442852 0.00323782397026662 0.00324034369987203 0.00320725050551118 0.00333186653006123 0.0034873038821388 0.00363049245788716 0.00365111541759688 0.00335306777560618 0.0031919425164233 0.00316773964004824 0.00319603866228135 0.00324453072244069 0.0032943591431831 0.00335229948541382 0.00345040638785577 0.00346892751258565 0.00336238527233945 0.00356187810393749 0.00395612052670913 0.00405029048852157 0.00410255417227745 0.00446265749633312 0.00461925337731372 0.00424672990629914 0.00392902237945236 0.00366613079677335 0.00360695475683315 0.00362613084871555 0.00351903669798048 0.00343477796559455 0.00350183463160647 0.00349806057784008 0.00338298110727919 0.00345564034796553 0.00364776967762737 0.00381332793767797 0.00396368310612161 0.00394592735392507 0.00403803594235797 0.00441579181642737 0.00467142440902535 0.00480493372015189 0.00490942889882717 0.00500276479579043 0.00434244218195089 0.00379924932349241 0.00406336950982222 0.00421917909989133
0.00746040883677776 0.00461833269946512 0.00555261903355133 0.00793935247202177 0.00783487143053208 0.00734215151169339 0.0056409473472741 0.00447367581364233 0.00414544127124827 0.00402745287283324 0.00404325747513212 0.00420232604665216 0.0043804359738715 0.00439515145262703 0.00425847033329774 0.00372815805894788 0.00352237532933941 0.00364112214447232 0.00369624594168272 0.00372689934738446 0.00385188182553975 0.00398567946103867 0.00413580903841648 0.00425188690132927 0.0043144549272256 0.00445214910723735 0.004637650839868 0.00472390429058578 0.00478767020103987 0.00480659208551515 0.00473945925477892 0.00444858416449278 0.00418351210828405 0.0039442430861527 0.00391708055394702 0.00397149744094349 0.0042003927519545 0.00437372850137763 0.00421794925932772 0.00406815031601582 0.00392774898500647 0.00401996308937669 0.00426020519807935 0.00451737569528633 0.00476291883387603 0.00475324035505764 0.00485042939544656 0.00522547398577444 0.00543666310841218 0.00548399676335975 0.0053516984480666 0.00515031091345008 0.0046883300965419 0.00425200534664327 0.00402060601481935 0.00393194349453552
0.00904595866450106 0.00587193152750845 0.00713461570558141 0.0101037273125258 0.00950624293182046 0.0086000860319473 0.00719956535613168 0.0062262290448416 0.00592418244923465 0.00576308323070407 0.00569167779758572 0.00595142564270645 0.00623663036094512 0.00582868077617603 0.00543863463099115 0.00509513742872514 0.00479850541159977 0.00454873857961502 0.00475419408758171 0.00513473511091433 0.0054452601907542 0.00572323417873122 0.00585904563195072 0.00592012306151446 0.00586376131104771 0.00582201580982655 0.00578957155812532 0.0057703015190782 0.00574316007259767 0.00553741237672512 0.00537645132862963 0.00533193556475453 0.00520237543969415 0.00498777095344848 0.00486475057550706 0.00477695485460572 0.00529021859983914 0.00569351509329863 0.00537019313196651 0.00527775161026511 0.0055481222079834 0.00587546161841602 0.00623905390966684 0.00639985871384852 0.00650239722745027 0.00630388625722844 0.00618402729742229 0.00626866356469691 0.00646097572462168 0.00676096377719659 0.00656519441690761 0.00617874912859405 0.00572426473081577 0.00522457242186645 0.00451885205984582 0.00402898188622203
0.00522704259492457 0.00524147204123437 0.0054669955134159 0.00577370899554808 0.00666099372028838 0.0074142761004623 0.00732679050997831 0.00720672319584992 0.00703545603028033 0.00682717595191207 0.00659534220176283 0.00667722693469841 0.00680487358476966 0.00664382998365908 0.00646640980266966 0.00624641051399522 0.00627640711900312 0.00655639961769338 0.00704653251159471 0.00761748863442335 0.00801651165238582 0.00836442803847603 0.00850737982545979 0.00852135277818888 0.00833264470566064 0.00857697849278339 0.0090968843724113 0.00833324235281908 0.00736861037148628 0.00735121189791243 0.00824997712334155 0.0115307679661783 0.0139658429834526 0.0155552021751646 0.0146266215306241 0.012729602487525 0.01316983209108 0.0137236432929058 0.0141579364135396 0.0142281819425989 0.0137263526848983 0.0137215018330608 0.0140329099667724 0.013132157822838 0.0120087399263866 0.0112213491811417 0.0105920916248579 0.0103739803598728 0.0102551784075331 0.0102356857678387 0.00910162967920768 0.00753889534098558 0.00692685489775612 0.00628700201923491 0.00522847111278681 0.00433464156958508
0.00522886640101205 0.00517815876810346 0.0056494401069358 0.00632148643489929 0.00745786017796489 0.0083061622135574 0.00757753882498948 0.00719876673247199 0.00736976096231956 0.0073701509681996 0.00726197464973666 0.00745910806290339 0.0076923975138925 0.00750228652032092 0.00732699345098808 0.00719022698467597 0.00712841254426166 0.00714155012974515 0.0076237485773163 0.00828635504876729 0.00873789546312765 0.00916010956279933 0.00949777034111321 0.00983437275863253 0.0101693120377604 0.0108703908335883 0.0118044675036799 0.0109530381450895 0.0098169046395924 0.00991152113419957 0.0110784698626958 0.0150334823993036 0.0185479201027192 0.0216217829729431 0.0204519572434947 0.0176499435910955 0.0187562260543928 0.0197774196858518 0.0192236703005619 0.0186876154039055 0.0181793661322445 0.0188404091168195 0.0202455471735448 0.0188032592996023 0.0168025997409131 0.0149908697057981 0.0133458877389785 0.012134450749727 0.011577799130464 0.0116759328811895 0.0104550128744449 0.0087267644994426 0.0079944117605919 0.00728793100279288 0.00641789966903162 0.00563096076075454
0.00660730380332097 0.00599214649992064 0.00635989410511684 0.00710568205977326 0.00767644611187279 0.0080843697214732 0.00772956873697695 0.00748665910214186 0.00741957873106003 0.00773171488253865 0.00828517063928303 0.00846770469797775 0.00856440368806943 0.00846304028527811 0.00837716943351552 0.00833157921442762 0.0082190309476573 0.00803952463320456 0.0083584605017677 0.00886910490226 0.00913813075749204 0.0103925663861446 0.0166451151599177 0.0183784875844138 0.0130102971743326 0.0151819387392608 0.0221516551973765 0.017184860946145 0.0102508162672166 0.0104576507292222 0.012390455842251 0.0188107846479399 0.0225252865930088 0.0235339616774582 0.0253843780374154 0.0275585410417989 0.0200837739394046 0.0132655224879272 0.0125677699106745 0.0120018839952536 0.0116432171198539 0.0161456940695645 0.0237416261807085 0.0251904704491608 0.0250610211223829 0.0190006793418433 0.0147546124353539 0.0152256602013949 0.0158027749275789 0.0164859566139057 0.018786970351357 0.0217102271853947 0.0213508738088421 0.0206207665614783 0.0190023635514081 0.0162416457606014
0.00693292850337456 0.00633238059526776 0.00691214557446075 0.00794587704876906 0.00874189243768341 0.00932585474220105 0.00891946812043899 0.00854806872666814 0.00823164926259778 0.00850823387736454 0.00916218472411857 0.00979437012574635 0.0103909564495552 0.0104563609638717 0.0104793223435991 0.0103919315733947 0.010229017760139 0.00999058090383187 0.0101819986011833 0.0105387449730188 0.0117277461395133 0.0139470649010035 0.021073190815514 0.0225824472727252 0.0152651945827528 0.0163318715058268 0.0227337763644756 0.0179035965702497 0.0112644423788879 0.0120618112559896 0.0146765327372123 0.0220163709891496 0.0265191621147096 0.0281849061138928 0.0294569022371434 0.0305774568696506 0.0219619730487465 0.0143107060575858 0.0143440639367327 0.0146960619604215 0.0155487802112475 0.0220337494392882 0.0321028783801013 0.0335609734756872 0.0328757643001153 0.025031897588633 0.019505463540554 0.0200043544173241 0.0205832311767153 0.0212420938187279 0.0240526567213238 0.0276907966472209 0.0262668897630647 0.0248003724263981 0.0246096401242539 0.0245785726001486
0.0106187890633009 0.007335102010984 0.00727460940834136 0.00845380697865042 0.00874873113934882 0.00894265563692897 0.00889166223350912 0.00909117233823053 0.00968433081288823 0.00982595089590177 0.00968022836605087 0.0110140283068176 0.0125600380415563 0.0126832378737163 0.012702769425232 0.0124527634470724 0.0126583862002007 0.0133196376846172 0.0138890281086788 0.0144230873556808 0.0141379788401537 0.0140098241681699 0.0149073704087641 0.01586002719705 0.0168992862745654 0.0159155995352193 0.0136445836396888 0.0133772861445323 0.0135498016898055 0.0143864963611122 0.0153951515967492 0.0168509042996448 0.0179217964177951 0.0186078279512003 0.0185680839349516 0.0182491954765283 0.0177742442465387 0.0173721757018939 0.0173804213991389 0.0182982180849649 0.0206453091814183 0.0212991371518001 0.0208754340419546 0.0246376577415505 0.0290301457280293 0.0299049754394218 0.0317427420523018 0.0360841446090489 0.0384794641286135 0.0389287006109953 0.0380993720609695 0.0367782877292484 0.0359533973969519 0.0347750931978225 0.0316837802529335 0.0307194110937416
0.0112372877192683 0.00858403503661978 0.00814502497087233 0.00855764668085613 0.00863539057900198 0.00876968857483006 0.00928525053313932 0.00977232068544253 0.0102146179997362 0.0102739897847641 0.010089681687532 0.0115048947918694 0.0132046805520076 0.0143038293754217 0.015192105085589 0.0155321107013151 0.0158373172744177 0.0161077248048969 0.0178702622069977 0.0202066957135685 0.0197441321215592 0.0190725429565646 0.0181790603674017 0.0186352226883174 0.0212122555822134 0.0208557402947917 0.0186324216192588 0.0190382213331759 0.0198970514466055 0.0195183958276175 0.0196563169010915 0.0211373373749666 0.0226653116988018 0.0242402398725972 0.023700829828158 0.0223482127767056 0.0282094611320645 0.0334012482780963 0.0331240042578429 0.0342006552964449 0.0374048557132483 0.0379800476366654 0.0368822341552004 0.0418487625429408 0.0483893573982642 0.0610703198472039 0.0698751788586378 0.0686021689325571 0.0726194181479514 0.0819269265048205 0.0848152765538543 0.085234719561413 0.0812938807066529 0.0772340423427521 0.0738616422750056 0.071397089632228
0.0143950167694129 0.0180572221870534 0.0151934130990412 0.00981959843193166 0.00931660336209461 0.00926989800063892 0.0100720471818931 0.0107595040753949 0.0112667302310001 0.0121229759824928 0.0132013251131866 0.0142469018755946 0.0154471537680365 0.019388308923226 0.0218191504827701 0.0203231766936369 0.0202453748206608 0.0215857448638417 0.0233940707985312 0.0253823797684163 0.0248451948282309 0.024049001338426 0.0227005574270151 0.0223634887952358 0.0236157241743058 0.0266194962314331 0.030737882538233 0.0315920702414587 0.0315642525674775 0.0276406187331304 0.024863556784112 0.0250675817369483 0.0294690133887344 0.0380678517394701 0.0411967259133235 0.0422217677114531 0.0408109106356278 0.0412433871533721 0.051608972484246 0.0566819772357121 0.0534380696481093 0.0529974264791236 0.0543406788492575 0.0566529368516058 0.0592820200836286 0.0640025130705908 0.067731003742665 0.0688802883960307 0.0736671430058778 0.0820915675722062 0.0874062534421683 0.091524885967374 0.0934305132832378 0.0953784186858684 0.0981885984074324 0.102023915154859
-9999 0.0217838641256094 0.0169745860912371 0.0103155857359523 0.0105226808809675 0.0112236434652004 0.0123745033924933 0.0134004520950839 0.014230111730285 0.0149387621204369 0.0155704066273756 0.0175621336675249 0.0199750596075319 0.0249240862322041 0.0278510145144537 0.0255204871064052 0.0256698756711557 0.0282991802087053 0.0316815998521634 0.0353536791517399 0.03293311689049 0.0304981974186376 0.0297834452940151 0.0295324263279326 0.0300101308966987 0.0382559319841677 0.051445067219902 0.0542893405072391 0.0546797852730378 0.0485276757972316 0.0440565698081627 0.0439560728846118 0.0456495672697202 0.0491370529634879 0.0590942747658118 0.0715398566098883 0.0743049215525389 0.0756553125102073 0.0727795443963259 0.07682490744628 0.0917463337536902 0.100713456980884 0.105891478247941 0.112686875043437 0.119562329025939 0.122299678390846 0.128970805089921 0.145869752857834 0.159333075862378 0.169360774103552 0.169831562321633 0.166626615915447 0.156382966786623 0.150366928428412 0.167559150606394 0.183049934450537
-9999 -9999 0.0140266761154635 0.0129888202209258 0.0138658213545568 0.0148262710717972 0.0156407704635057 0.016474740637932 0.0173393077566288 0.0190522169577889 0.0213049802114256 0.0231935873162001 0.0251086007338018 0.0287106523755939 0.0307018425082788 0.0285047927172854 0.0283880668575875 0.030351664929185 0.0355367934680544 0.0419609721866436 0.0436912756413221 0.0460386733757331 0.0528520940570161 0.0568408946273848 0.0563910064520314 0.0610291167395191 0.0689050442306326 0.080503673525527 0.0922165540978312 0.093214520253241 0.0943061634898186 0.0956413671374321 0.0962381020653993 0.0960963682737201 0.112492179963738 0.135248586069792 0.138672239147127 0.142134243156761 0.151474105659872 0.159587969537824 0.165775264147669 0.178563853725791 0.195553267374635 0.218783189542592 0.244797765742988 0.296933731529862 0.34318451397121 0.374133819714188 0.394696002826095 0.404871063306928 0.401194198988378 0.39218967128545 0.354396590031683 0.326371629722417 0.355654495768249 0.400492311455309
-9999 -9999 -9999 0.0166213158518076 0.0187803946319036 0.020805872452911 0.0215283223078586 0.0221070371917449 0.0224598828353919 0.0242607921827584 0.0269831966143102 0.0296916259685531 0.0322803556919098 0.0328817069530487 0.0334895512787625 0.0341142775723711 0.035339732770808 0.0371659168740734 0.0528191197663547 0.0737904068082569 0.0838263991754503 0.0898170263972134 0.0787970910314469 0.0782470726408069 0.0941497809253634 0.109444803092629 0.124353115912527 0.14403812168166 0.163818420376629 0.168977942783385 0.174048067536205 0.178885758388788 0.183072087354958 0.186607054434717 0.190862024202943 0.195393918082118 0.222592514008284 0.250371820293367 0.274388001300395 0.291994571685791 0.299528896808624 0.315143845044077 0.335901007987559 0.376668358221651 0.422386072576046 0.48422534018755 0.544802973046899 0.602100355550646 0.655814474448562 0.705945329740643 0.705999379977584 0.686793120577931 0.616668611764907 0.562632219865919 0.604012368246912 0.650888642296194
-9999 -9999 -9999 -9999 0.0220045513124205 0.0268496774369851 0.0274209523340687 0.0279814578243531 0.0285250399610959 0.0301417065202258 0.0324412449845113 0.0358813011553138 0.0394275228027254 0.0409007973503322 0.0428587187780067 0.0460767220938578 0.0545814515789967 0.0683729072334244 0.0880108433775606 0.109897425863892 0.150673447875306 0.183328354265541 0.169821965042502 0.168176798615605 0.185170696582645 0.206188397016377 0.22976669901982 0.25310666160658 0.276077781803906 0.293588935397565 0.307979669421911 0.314257312566042 0.322377909906209 0.332341461442411 0.345291760750115 0.359390809200704 0.415280870161951 0.475460495799779 0.544796470552683 0.593807302415371 0.610878624022007 0.641563557088376 0.6809116974473 0.713721645995975 0.745516182854772 0.782278573140502 0.816304486244917 0.843215558677911 0.867020213976503 0.887718452140689 0.897663371637464 0.90347239933908 0.8856648709625 0.86865146830678 0.862554740160704 0.861766722053289
-9999 -9999 -9999 -9999 0.0287197549769189 0.0296596510452218 0.0316893110866658 0.03400487115141 0.0367697026813403 0.0402534978929907 0.044194815447554 0.0539415386738255 0.0646627808455378 0.0722124658059331 0.0814467770978809 0.0950611168518663 0.116658620070665 0.14623928675428 0.194969616830349 0.251065202057361 0.359995511360467 0.454916387796402 0.464250475168228 0.475717631168664 0.490536752156913 0.515059294179082 0.545756740495563 0.565759995952248 0.583535423502326 0.599798025563359 0.613556915894151 0.620806155726314 0.631154922768474 0.644603217020631 0.660844277590513 0.678159479051828 0.707660784944892 0.737015947699547 0.76205624639988 0.781962551176548 0.79380115121603 0.805881973356009 0.818116936832667 0.846644503995777 0.877246545627713 0.887719800695777 0.896228533238172 0.899629507213831 0.905950367450714 0.915191113948822 0.918764071539044 0.920157110318541 0.911060178652406 0.898827416822314 0.874000789597631 0.871729517355561
-9999 -9999 -9999 -9999 -9999 0.0475895478739404 0.0417730990448037 0.0420874545816331 0.0520359312649817 0.0652880058623849 0.0806423700414599 0.097415395779535 0.115053730085492 0.142578860744835 0.180303887464106 0.244548643939197 0.30871515534818 0.372803421691059 0.47914871107787 0.601746701635419 0.651816574856639 0.693010974675417 0.711159806698561 0.73423469439149 0.765050526708365 0.787271162495017 0.804022127762437 0.828806420788169 0.854292599484325 0.864397520199418 0.874714056029916 0.885580791160464 0.891871912404895 0.893587419763207 0.90041034668684 0.90919766575098 0.916908977553248 0.924557648599148 0.932209588587284 0.935574738308787 0.932203503325581 0.930236836895347 0.929163986817002 0.924389688298106 0.9191814661026 -9999 -9999 0.893293559551239 0.891750115901232 0.888663228601217 0.89636111445725 0.908206989988685 -9999 -9999 -9999 -9999
-9999 -9999 -9999 -9999 -9999 0.085431160812732 0.0689631151617509 0.0622607016703113 0.0709042815724388 0.0937487250193951 0.125630081631244 0.159766540396958 0.195330308750272 0.2474909927696 0.307889592833817 0.389706774614751 0.470683041959999 0.550818394869565 0.659670606255532 0.779567763209342 0.827001510187984 0.866161197423935 0.885263353586197 0.90038662403822 0.909257359802723 0.91518995910883 0.919252835214138 0.92082030698657 0.922555286437273 0.93562227115035 0.945415684953332 0.946697814390063 0.947046065703034 0.946460438892245 0.945442391559482 0.944258028641343 0.94580907560885 0.947235703468323 -9999 -9999 -9999 -9999 -9999 -9999 -9999 -9999 -9999 -9999 -9999 0.890115439891815 0.897732486948371 0.908279167488218 -9999 -9999 -9999 -9999
-9999 -9999 -9999 -9999 -9999 -9999 0.11745236068964 0.127853812417015 0.154600402573124 0.220817836467176 0.31215308001265 0.366538680158555 0.415276853367687 0.493637556210162 0.553775526583195 0.566534392535686 0.618500817567108 0.709674801677465 0.79230016283691 0.871637592092156 0.89334281720221 0.910165961831808 0.919529352337122 0.925131887197495 0.924824506044388 0.928140088915825 0.933761194348335 0.936619205400348 0.938951248303056 0.941736353561282 0.943494331091642 0.94258177652955 0.942125499248505 -9999 -9999 -9999 0.938168153166771 -9999 -9999 -9999 -9999 -9999 -9999 -9999 -9999 -9999 -9999 -9999 -9999 -9999 -9999 -9999 -9999 -9999 -9999 -9999
-9999 -9999 -9999 -9999 -9999 -9999 -9999 0.161056285956873 0.273180665215478 0.374142341315745 0.468000479042531 0.532175350002944 0.589796997606755 0.636936955153943 0.672805869951844 0.679370073601604 0.713715843856333 0.775843180716037 0.836856994777918 0.897442530840635 0.909503784030676 0.918301831930876 0.925055701285601 0.928203482180834 0.925684552639723 0.928140088915825 0.933761194348335 0.937921976670623 0.941643642261624 0.94286542199552 0.943494331091642 0.94258177652955 -9999 -9999 -9999 0.927779257297516 0.938168153166771 0.947334825992584 -9999 -9999 -9999 -9999 -9999 -9999 -9999 -9999 -9999 -9999 -9999 -9999 -9999 -9999 -9999 -9999 -9999 -9999
-9999 -9999 -9999 -9999 -9999 -9999 -9999 0.472556788939982 0.544451649766416 0.607649508863687 0.665312912315131 0.6817919742316 0.690588001161814 0.708799194544554 0.703503107652068 0.637088092043996 0.63511638343334 0.697587981820106 0.79493435099721 0.905694093555211 0.925630128011107 0.938177987933159 0.94049783051014 0.940522900782526 0.936941900290549 -9999 -9999 -9999 0.94114575907588 0.933405641466379 0.927815556526184 -9999 -9999 -9999 -9999 -9999 0.938168153166771 -9999 -9999 -9999 -9999 -9999 -9999 -9999 -9999 -9999 -9999 -9999 -9999 -9999 -9999 -9999 -9999 -9999 -9999 -9999
-9999 -9999 -9999 -9999 -9999 -9999 -9999 -9999 0.757502794265747 0.771937731653452 0.795558538287878 0.785780841484666 0.771649418398738 0.797059560194612 0.795129340142011 0.72211417928338 0.700126502662896 0.729166310280561 0.765293971635401 0.804147730581462 -9999 -9999 -9999 -9999 0.94738095998764 0.948430370539427 0.950147587805986 0.952389903366565 0.954425278119743 0.951157324947417 -9999 -9999 -9999 0.919406890869141 0.919406890869141 -9999 -9999 -9999 -9999 -9999 -9999 -9999 -9999 -9999 -9999 -9999 -9999 -9999 -9999 -9999 -9999 -9999 -9999 -9999 -9999 -9999
-9999 -9999 -9999 -9999 -9999 -9999 -9999 -9999 -9999 -9999 0.895698010921478 0.90068862400949 0.905778197571635 0.89558201469481 0.884641947224736 0.871767779812217 0.868156956508755 0.873809477314353 0.899743895977736 0.93347904458642 -9999 -9999 -9999 -9999 -9999 -9999 -9999 -9999 0.942987442016602 -9999 -9999 -9999 -9999 -9999 -9999 -9999 -9999 -9999 -9999 -9999 -9999 -9999 -9999 -9999 -9999 -9999 -9999 -9999 -9999 -9999 -9999 -9999 -9999 -9999 -9999 -9999
-9999 -9999 -9999 -9999 -9999 -9999 -9999 -9999 -9999 -9999 -9999 -9999 -9999 -9999 -9999 -9999 -9999 0.912327289581299 0.921681573614478 0.93463365919888 0.929166043177247 -9999 -9999 -9999 -9999 -9999 -9999 -9999 -9999 -9999 0.952156716957688 0.935085831210017 0.926550388336182 -9999 -9999 -9999 -9999 -9999 -9999 -9999 -9999 -9999 -9999 -9999 -9999 -9999 -9999 -9999 -9999 -9999 -9999 -9999 -9999 -9999 -9999 -9999
-9999 -9999 -9999 -9999 -9999 -9999 -9999 -9999 -9999 -9999 -9999 -9999 -9999 -9999 -9999 -9999 -9999 -9999 0.922228479757905 0.935937820002436 0.929797088727355 0.923706769943237 -9999 -9999 -9999 -9999 -9999 -9999 -9999 0.956898629665375 0.952156716957688 0.935085831210017 -9999 -9999 -9999 -9999 -9999 -9999 -9999 -9999 -9999 -9999 -9999 -9999 -9999 -9999 -9999 -9999 -9999 -9999 -9999 -9999 -9999 -9999 -9999 -9999
-9999 -9999 -9999 -9999 -9999 -9999 -9999 -9999 -9999 -9999 -9999 -9999 -9999 -9999 -9999 -9999 -9999 -9999 0.941402116790414 0.94328318350017 0.940339142456651 0.934094708412886 0.912767458707094 0.899734139442444 -9999 -9999 -9999 -9999 0.956756148487329 0.956678431481123 0.956643890589476 0.956721607595682 -9999 -9999 -9999 -9999 -9999 -9999 -9999 -9999 -9999 -9999 -9999 -9999 -9999 -9999 -9999 -9999 -9999 -9999 -9999 -9999 -9999 -9999 -9999 -9999
