data/dis.20102014.winter.platessa_max.asc
NCOLS 320 
NROWS 120 
XLLCORNER 2 
YLLCORNER 53 
CELLSIZE 0.025 
NODATA_value -9999 
[rows 50 to 74 of 120, columns 116 to 173 of 320]
-9999 -9999 -9999 -9999 0.993815056979656 0.993754841387272 0.993927011266351 0.994188560172915 0.994363062083721 0.994518199935555 0.994602119550109 0.994756394997239 0.995021229609847 0.995318887755275 0.995637433603406 0.99554618820548 0.995392436161637 0.995569361373782 0.995697140693664 0.995697140693664 0.995664082467556 0.995597966015339 0.995509814471006 0.995413187891245 0.995336795225739 0.995275562629104 0.995284179225564 0.995301166549325 0.99533130787313 0.995289716869593 0.995202478021383 0.994940616190434 0.994660126045346 0.99465667270124 0.994556054472923 0.994202807545662 0.993840290233493 0.993468502536416 0.99309647269547 0.992724349722266 0.992733599618077 0.992741143330931 0.992627987638116 0.992536241188645 0.99247813783586 0.992305705323815 0.992060517892241 0.991493605077267 0.990880472585559 0.990575471892953 0.990393349900842 0.990530712530017 0.990738198161125 0.991015806794166 0.991373831406236 0.991762785241008 0.99080559797585 0.989971308037639
-9999 -9999 0.994189635850489 0.993959988467395 0.993907174095511 0.994031192734838 0.994286259636283 0.994591729715466 0.994599929079413 0.99459482729435 0.994610652327538 0.994661824777722 0.994768543168902 0.99510252662003 0.995581133291125 0.995619410648942 0.995574193075299 0.995606681331992 0.995620962232351 0.995587904006243 0.995566245168447 0.995555985718965 0.99543322622776 0.995267197489738 0.995076818391681 0.994928637519479 0.994998609647155 0.994945902377367 0.994700413197279 0.99458347260952 0.994548335671425 0.994283366948366 0.993993015959859 0.994052594527602 0.994059236720204 0.99392824433744 0.993611291050911 0.993108376860619 0.99266953393817 0.992255333811045 0.992249675095081 0.992280274629593 0.992372006177902 0.992387188598513 0.992282079532742 0.992165045812726 0.992040423676371 0.991046626120806 0.989919252693653 0.989476285874843 0.989144155755639 0.989100201055407 0.989269699901342 0.989652652293444 0.990662248805165 0.991912862285972 0.991040498018265 0.990217540413141
-9999 -9999 0.99473762884736 0.994687002152205 0.994671696797013 0.994691712781787 0.994660248979926 0.994608985260129 0.994727635756135 0.994851861149073 0.994953986257315 0.995018299669027 0.995023194700479 0.995270455256104 0.995671948418021 0.995580948889255 0.995403004810214 0.995421478524804 0.99537112750113 0.99514183215797 0.994991611689329 0.994920466095209 0.994889032095671 0.994872871786356 0.994738221168518 0.994581278413534 0.994347725063562 0.994062760844827 0.993697008118033 0.993755359202623 0.994083594530821 0.99400600604713 0.993850877508521 0.993757368996739 0.993643818423152 0.99347815848887 0.993149688467383 0.992658408358693 0.992494869977236 0.992457386106253 0.99227835983038 0.992091091349721 0.991904241964221 0.99178721383214 0.991779904812574 0.991605220362544 0.991324024274945 0.990287786349654 0.989166252315044 0.98916182667017 0.989072622731328 0.988762995228171 0.988425824791193 0.988061111420393 0.988641001284122 0.989584200084209 0.989475108683109 0.989346697926521
-9999 -9999 0.994765754789114 0.99481638148427 0.994856463745236 0.994886001572013 0.994810545817018 0.994694707915187 0.994939122349024 0.995160460472107 0.995160460472107 0.995190396904945 0.995267376303673 0.995277151465416 0.995244160294533 0.995029030367732 0.99479559995234 0.994870333001018 0.994918402284384 0.994897145777941 0.994663827121258 0.994218446314335 0.993973560631275 0.993805788457394 0.993815118446946 0.993772247806191 0.993416285142302 0.993131512776017 0.992958610877395 0.993125028908253 0.993507377803326 0.993571102619171 0.993562424555421 0.993406219407916 0.993190232664347 0.99281881377101 0.992521356791258 0.992297861725092 0.992235513404012 0.992235144600272 0.992048902437091 0.991797244176268 0.991273174062371 0.990948827937245 0.990938333794474 0.990684019401669 0.990274546667933 0.989553183317184 0.988797437399626 0.988517615944147 0.988191694021225 0.98774591088295 0.987522600218654 0.987521762028336 0.987318297848105 0.98703690059483 0.987918684259057 0.988745279610157
-9999 -9999 0.994904031045735 0.99493435677141 0.994876815006137 0.994731405749917 0.994787218049169 0.994920423254371 0.995370626449585 0.995747845619917 0.995666909962893 0.995654882863164 0.995751140639186 0.995439419522881 0.994868075475097 0.994585124775767 0.994364317506552 0.994219411164522 0.993999654427171 0.993585286661982 0.99338043294847 0.993385093286633 0.993263620883226 0.993093635886907 0.992968266829848 0.992872634902596 0.992912566289306 0.992936968803406 0.992936968803406 0.993087522685528 0.993333883583546 0.993170481175184 0.992940628901124 0.992974324151873 0.992994217202067 0.992978224530816 0.992657985538244 0.992033500224352 0.991853155195713 0.99184363335371 0.991738261654973 0.99153945967555 0.990901697427034 0.990347355604172 0.989924103021622 0.989477759227157 0.989016721025109 0.988483402878046 0.98795448243618 0.987746074795723 0.987438844516873 0.986874675378203 0.986233241856098 0.985514543950558 0.985354956239462 0.985410410910845 0.987087745219469 0.988591156899929
-9999 -9999 -9999 -9999 -9999 0.99468207359314 0.994692509993911 0.994706960394979 0.994554853066802 0.994427101686597 0.994470117613673 0.994378823786974 0.99407647177577 0.993748446926475 0.993404084816575 0.993130438029766 0.992898935452104 0.993143452331424 0.993219893425703 0.992859337478876 0.992777831852436 0.992975376546383 0.99284341186285 0.992584712803364 0.992623569443822 0.992621110752225 0.992324559018016 0.992084542289376 0.991933366283774 0.992046007886529 0.992326533421874 0.992312546819448 0.992243435233831 0.992238540202379 0.992191707715392 0.992035837844014 0.991670671850443 0.991096209734678 0.990949761122465 0.990967933088541 0.990802986547351 0.990592818707228 0.990210402756929 0.989786485210061 0.989297350868583 0.988862717524171 0.988462766632438 0.987893026322126 0.987324813380837 0.987359849736094 0.987105440348387 0.986098472028971 0.985216746106744 0.984460262581706 0.985068090260029 0.986200653016567 0.987023754045367 0.987631307914853
-9999 -9999 -9999 -9999 -9999 -9999 -9999 0.994222044944763 0.993812395259738 0.993413981050253 0.993192229419947 0.993107929825783 0.993239626288414 0.993380092084408 0.993526138365268 0.99293340370059 0.992231665179133 0.992188716307282 0.992153329774737 0.992137605324388 0.992082552984357 0.991988172754645 0.991863088682294 0.991726195439696 0.99168686196208 0.991722865030169 0.992106856778264 0.992120893672109 0.991553572937846 0.991488685831428 0.991743529215455 0.992045423015952 0.992333902046084 0.992234358564019 0.99209968559444 0.991873675957322 0.99147486500442 0.990903252735734 0.990522764623165 0.990215785801411 0.990168934687972 0.990018418058753 0.989273065701127 0.988801639527082 0.98876066878438 0.988268876448274 0.987490197643637 0.987219909206033 0.987014591693878 0.986185252666473 0.98519199155271 0.983772533014417 0.983201239258051 0.983478110283613 0.984969260171056 0.986927440389991 0.98760331608355 0.987923320382833
-9999 -9999 -9999 -9999 -9999 -9999 -9999 -9999 0.992705881595612 0.992641799151897 0.992257304489613 0.992021748796105 0.992020240053534 0.992183094844222 0.992450544610619 0.992221562191844 0.991891745477915 0.991535615175962 0.991247517988086 0.991136306896806 0.991052504628897 0.990996111184358 0.99087269231677 0.990723494440317 0.990583827719092 0.990572981536388 0.991203434765339 0.991437973454594 0.99105036072433 0.991114880889654 0.991467121988535 0.991555528715253 0.991593465209007 0.991670444607734 0.991650827229023 0.99138005822897 0.991013618186116 0.990551507100463 0.989578375592828 0.988408697769046 0.988349542021751 0.988310649991035 0.988046452403068 0.987897032871842 0.987927978858352 0.987663881853223 0.987212030217051 0.986144136637449 0.984984736889601 0.984364274889231 0.983774909749627 0.983266396448016 0.982971420511603 0.982889981940389 0.984368385747075 0.986446728929877 0.986525112763047 0.986390756443143
-9999 -9999 -9999 -9999 -9999 -9999 -9999 -9999 -9999 0.992641799151897 0.992257304489613 0.99182016029954 0.991300281137228 0.99118241854012 0.991320384666324 0.991609029471874 0.991867411881685 0.991099026054144 0.990550339221954 0.99057286977768 0.990340288728475 0.989852596074343 0.989899290725589 0.990151518955827 0.990223003551364 0.990309348329902 0.990523153916001 0.990653812885284 0.990653812885284 0.990719746798277 0.990827638655901 0.990804744884372 0.990769844502211 0.990975502878427 0.991126837208867 0.991136929020286 0.990740029141307 0.989936137571931 0.989135248586535 0.988335514441133 0.987225526943803 0.986322041600942 0.98654231801629 0.986685262992978 0.986706687137485 0.986558195203543 0.986301574856043 0.985696155577898 0.984967892989516 0.9833372104913 0.982377648353577 0.983162999153137 0.983827583491802 0.984371401369572 0.98476630076766 0.98510392382741 0.985905153676867 0.986418751999736
-9999 -9999 -9999 -9999 -9999 -9999 -9999 -9999 -9999 -9999 -9999 -9999 -9999 0.990970561280846 0.990761851891875 0.990934435278177 0.991127016022801 0.990363156422973 0.989782553166151 0.989678416401148 0.989523770287633 0.989318614825606 0.98939698562026 0.989584404975176 0.98962309397757 0.989700302481651 0.990013852715492 0.990197669714689 0.990177620202303 0.990176256746054 0.990186784416437 0.989919703453779 0.989618698135018 0.989684848114848 0.989722490310669 0.989686012268066 0.989435678347945 0.988971488550305 0.9882333856076 0.987389931455254 0.986111052334308 0.98510954901576 0.985622990876436 0.985894151031971 0.985784582793713 0.985618157312274 0.985415549948812 0.984243994578719 0.982905497774482 0.982023419812322 0.981604190543294 0.98238836787641 0.983127115294337 0.983820432797074 0.983511274680495 0.982816549018025 0.984492896124721 0.985878966748714
-9999 -9999 -9999 -9999 -9999 -9999 -9999 -9999 -9999 -9999 -9999 -9999 -9999 -9999 -9999 -9999 0.989222047850489 0.990024531260133 0.990477722138166 0.990022752434015 0.989516535773873 0.988959072157741 0.989058956503868 0.989411666989326 0.989763680845499 0.989983152598143 0.989540118724108 0.989258892834186 0.989231936633587 0.988778233528137 0.98805296421051 0.987330572679639 0.986707573756575 0.987764464691281 0.988401208072901 0.987945567816496 0.987283213064075 0.986414143815637 0.985984468832612 0.985723791643977 0.985327841714024 0.984942821785808 0.984652237966657 0.984386531636119 0.984159918501973 0.983851635828614 0.983491381630301 0.982794733718038 0.982001030817628 0.980701131746173 0.98002414777875 0.980966743081808 0.981279438361526 0.980962233617902 0.980971753597259 0.98110693693161 0.982393268495798 0.983591243624687
-9999 -9999 -9999 -9999 -9999 -9999 -9999 -9999 -9999 -9999 -9999 -9999 -9999 -9999 -9999 -9999 -9999 -9999 -9999 0.989331364631653 0.988836899399757 0.987847968935966 0.988022515550256 0.988644553348422 0.989102629944682 0.989473925903439 0.989459542557597 0.989280208945274 0.988841667771339 0.988093884661794 0.987149311229587 0.986335802823305 0.985655536875129 0.986794771626592 0.987585114315152 0.987468337640166 0.986995598301291 0.986166896298528 0.985653901472688 0.985262332484126 0.984968639910221 0.984631977975368 0.984051682054996 0.98369980789721 0.983706882223487 0.983316529542208 0.982673268765211 0.981927832588553 0.981212558224797 0.981357431039214 0.981196904554963 0.980242339894176 0.979562886059284 0.979158543050289 0.979203376919031 0.979420971125364 0.980670653283596 0.981749063357711
-9999 -9999 -9999 -9999 -9999 -9999 -9999 -9999 -9999 -9999 -9999 -9999 -9999 -9999 -9999 -9999 -9999 -9999 -9999 -9999 -9999 0.98810875415802 0.988419763743877 0.988850392401218 0.989073330536485 0.98918317258358 0.988788619637489 0.988521087914705 0.988453160971403 0.987880177795887 0.986985795199871 0.986351475119591 0.985795691609383 0.9856908172369 0.985536014661193 0.9852513987571 0.984312172979116 0.982718337327242 0.981795215979218 0.981130061671138 0.981713140383363 0.982431028038263 0.983455833047628 0.983791526407003 0.98304433003068 0.982022805139422 0.980826707556844 0.980107177048922 0.979497971013188 0.979143952950835 0.978796137496829 0.978464448824525 0.977334467694163 0.975406194105744 0.974816516041756 0.97474168241024 0.974891163408756 0.975169783458113
-9999 -9999 -9999 -9999 -9999 -9999 -9999 -9999 -9999 -9999 -9999 -9999 -9999 -9999 -9999 -9999 -9999 -9999 -9999 -9999 -9999 -9999 0.987926807254553 0.987674880772829 0.987843560054898 0.987970160320401 0.987762657925486 0.987611755728722 0.987549796700477 0.987253032624722 0.986806847155094 0.986035024747252 0.985211899504065 0.984623791649938 0.984250912442803 0.984437627717853 0.983494445681572 0.981421366333961 0.979562439024448 0.977785877883434 0.978301733732223 0.978978175669908 0.979783307760954 0.979988042265177 0.97924929484725 0.978541813790798 0.97785422950983 0.977500524371862 0.97725666500628 0.977744994685054 0.977891994640231 0.977151537314057 0.976061537861824 0.974621996283531 0.972359359264374 0.969780147075653 0.969521153718233 0.969266327098012
-9999 -9999 -9999 -9999 -9999 -9999 -9999 -9999 -9999 -9999 -9999 -9999 -9999 -9999 -9999 -9999 -9999 -9999 -9999 -9999 -9999 -9999 -9999 -9999 0.987843560054898 0.987744508311152 0.986183093860745 0.985260605812073 0.985342144966125 0.984974911436439 0.984322095289826 0.983340093865991 0.982308747246861 0.981557762250304 0.98103385232389 0.981100337579846 0.980768330395222 0.980037830770016 0.980165634304285 0.980623554438352 0.979899389669299 0.979127444326877 0.978464268147945 0.978134877979755 0.978330008685589 0.978088967502117 0.977570362389088 0.977839656174183 0.978180421516299 0.977057347074151 0.976146586239338 0.975787840783596 0.973862836137414 0.970371572300792 0.966560460627079 0.962626330554485 0.962768526747823 0.96304377168417
-9999 -9999 -9999 -9999 -9999 -9999 -9999 -9999 -9999 -9999 -9999 -9999 -9999 -9999 -9999 -9999 -9999 -9999 -9999 -9999 -9999 -9999 -9999 -9999 -9999 -9999 -9999 -9999 0.984165966510773 0.983669802546501 0.982857897877693 0.9820636510849 0.981278384104371 0.980585737153888 0.979820465669036 0.978866370394826 0.978340875357389 0.978243980556726 0.978512601926923 0.978921806439757 0.97866971977055 0.97841782681644 0.978361399844289 0.977837815880775 0.976580128073692 0.976002821698785 0.975858485326171 0.976079180836678 0.976347399875521 0.976182410493493 0.975470269098878 0.973335532471538 0.970904160290956 0.968176152557135 0.964170835912228 0.959674246609211 0.959425987675786 0.959054507315159
-9999 -9999 -9999 -9999 -9999 -9999 -9999 -9999 -9999 -9999 -9999 -9999 -9999 -9999 -9999 -9999 -9999 -9999 -9999 -9999 -9999 -9999 -9999 -9999 -9999 -9999 -9999 -9999 -9999 -9999 0.980810701847076 0.980504622682929 0.980060238391161 0.978305336087942 0.97677925042808 0.975848088040948 0.975555224344134 0.97590065933764 0.97546580992639 0.974730851128697 0.975467775017023 0.97606997564435 0.975565653294325 0.974967688322067 0.97422257065773 0.973321141675115 0.972320241853595 0.973146820440888 0.974223347380757 0.973335569724441 0.97231070138514 0.970929397270083 0.968712551519275 0.965660164132714 0.961072584614157 0.955894546583295 0.955155842006207 0.954561715945601
-9999 -9999 -9999 -9999 -9999 -9999 -9999 -9999 -9999 -9999 -9999 -9999 -9999 -9999 -9999 -9999 -9999 -9999 -9999 -9999 -9999 -9999 -9999 -9999 -9999 -9999 -9999 -9999 -9999 -9999 -9999 -9999 0.97922071442008 0.975899536162615 0.973195834085345 0.972097570076585 0.971609693020582 0.971732202917337 0.97145820222795 0.97103169746697 0.971407361328602 0.97186760045588 0.972514783963561 0.972721630707383 0.972236519679427 0.971559692174196 0.970760863274336 0.970767479389906 0.970917206257582 0.970761302858591 0.970700170844793 0.970885444432497 0.968303265050053 0.962953632697463 0.957687757909298 0.952454097568989 0.950368378311396 0.948732007294893
-9999 -9999 -9999 -9999 -9999 -9999 -9999 -9999 -9999 -9999 -9999 -9999 -9999 -9999 -9999 -9999 -9999 -9999 -9999 -9999 -9999 -9999 -9999 -9999 -9999 -9999 -9999 -9999 -9999 -9999 -9999 -9999 0.97922071442008 0.975899536162615 0.973249673843384 0.972345232963562 0.971769312396645 0.971521912142634 0.971140848472714 0.970708375796676 0.970877569168806 0.971354879438877 0.973195813596249 0.974392749369144 0.974577687680721 0.973107332363724 0.970583608374 0.970094116404653 0.970021044835448 0.970110731199384 0.969960890710354 0.969188280403614 0.966505400836468 0.961912252008915 0.956072861328721 0.94975414685905 0.948777977377176 0.948502581566572
-9999 -9999 -9999 -9999 -9999 -9999 -9999 -9999 -9999 -9999 -9999 -9999 -9999 -9999 -9999 -9999 -9999 -9999 -9999 -9999 -9999 -9999 -9999 -9999 -9999 -9999 -9999 -9999 -9999 -9999 -9999 -9999 -9999 -9999 -9999 -9999 0.971488216891885 0.970678625628352 0.970379546284675 0.970276817679405 0.97018675506115 0.970285885035992 0.971327252686024 0.972076701000333 0.972367418929934 0.971556909382343 0.970045618712902 0.968281362205744 0.966566871851682 0.966558489948511 0.966121830046177 0.96457164734602 0.961774757131934 0.95773115940392 0.953788002952933 0.949883477762341 0.948079163208604 0.946594024077058
-9999 -9999 -9999 -9999 -9999 -9999 -9999 -9999 -9999 -9999 -9999 -9999 -9999 -9999 -9999 -9999 -9999 -9999 -9999 -9999 -9999 -9999 -9999 -9999 -9999 -9999 -9999 -9999 -9999 -9999 -9999 -9999 -9999 -9999 -9999 -9999 -9999 -9999 -9999 0.966975808143616 0.966562738642097 0.966184971854091 0.96610520966351 0.966861255466938 0.968930713832378 0.969716653227806 0.969685807824135 0.967785714194179 0.965454656630754 0.962152656167745 0.95955684967339 0.958797147497535 0.957093894481659 0.954447090625763 0.951167032122612 0.947643414139747 0.943763818591833 0.940292341634631
-9999 -9999 -9999 -9999 -9999 -9999 -9999 -9999 -9999 -9999 -9999 -9999 -9999 -9999 -9999 -9999 -9999 -9999 -9999 -9999 -9999 -9999 -9999 -9999 -9999 -9999 -9999 -9999 -9999 -9999 -9999 -9999 -9999 -9999 -9999 -9999 -9999 -9999 -9999 -9999 -9999 -9999 0.96159029006958 0.962149994447827 0.963589234277606 0.963976584374905 0.963694550096988 0.962444210425019 0.961035599932075 0.960228623822331 0.958620244637132 0.954928217455745 0.9529715962708 0.952750381082296 0.949716350063681 0.945600466802716 0.940773166716099 0.93633109331131
-9999 -9999 -9999 -9999 -9999 -9999 -9999 -9999 -9999 -9999 -9999 -9999 -9999 -9999 -9999 -9999 -9999 -9999 -9999 -9999 -9999 -9999 -9999 -9999 -9999 -9999 -9999 -9999 -9999 -9999 -9999 -9999 -9999 -9999 -9999 -9999 -9999 -9999 -9999 -9999 -9999 -9999 -9999 0.946955415420234 0.951138135977089 0.952434301376343 0.95189356803894 0.949770722538233 0.947410807013512 0.946399882435799 0.944823542609811 0.941777123138308 0.939647784456611 0.938435526564717 0.937361508607864 0.936340659856796 0.934475718066096 0.931437088176608
-9999 -9999 -9999 -9999 -9999 -9999 -9999 -9999 -9999 -9999 -9999 -9999 -9999 -9999 -9999 -9999 -9999 -9999 -9999 -9999 -9999 -9999 -9999 -9999 -9999 -9999 -9999 -9999 -9999 -9999 -9999 -9999 -9999 -9999 -9999 -9999 -9999 -9999 -9999 -9999 -9999 -9999 -9999 0.943702188320458 0.939519467763603 0.93714590370655 0.935923621058464 0.934782139956951 0.933560589328408 0.930703131482005 0.927142487838864 0.921753561124206 0.920237677171826 0.922594835981727 0.924911653622985 0.92721295543015 0.925334323197603 0.922084290534258
-9999 -9999 -9999 -9999 -9999 -9999 -9999 -9999 -9999 -9999 -9999 -9999 -9999 -9999 -9999 -9999 -9999 -9999 -9999 -9999 -9999 -9999 -9999 -9999 -9999 -9999 -9999 -9999 -9999 -9999 -9999 -9999 -9999 -9999 -9999 -9999 -9999 -9999 -9999 -9999 -9999 -9999 -9999 -9999 -9999 0.933236727491021 0.925617611035704 0.92207489348948 0.918917628005147 0.908453291282058 0.899292545393109 0.893521135672927 0.895150996744633 0.904182128608227 0.911020817235112 0.917016258463264 0.911469597369432 0.904258377850056
