data/dis.20102014.winter.platessa_min.asc
NCOLS 320 
NROWS 120 
XLLCORNER 2 
YLLCORNER 53 
CELLSIZE 0.025 
NODATA_value -9999 
[rows 50 to 74 of 120, columns 232 to 289 of 320]
0.819566702470183 0.825869726017118 0.829395044595003 0.83185201510787 0.834967743605375 0.840739259496331 0.859595960006118 0.877826303243638 0.895072370767593 0.905959872528911 0.912801014259457 0.915173316374421 0.917248347774148 0.929463831707835 0.941621517762543 0.953628929331899 0.96058002486825 0.962474804371595 0.960792683064937 0.957734830677509 0.962026258930564 0.966142410412431 0.967220624908805 -9999 -9999 -9999 -9999 -9999 -9999 -9999 0.951301049441099 0.950755421072245 0.950755421072245 0.951301049441099 -9999 -9999 -9999 -9999 -9999 -9999 -9999 -9999 -9999 -9999 -9999 -9999 -9999 -9999 -9999 -9999 -9999 -9999 -9999 -9999 -9999 -9999 -9999 -9999
0.818888256326318 0.832208005711436 0.839241869747639 0.84385808557272 0.850244531407952 0.857522984966635 0.868740821257234 0.882191933691502 0.899152480065822 0.909439194947481 0.915478926151991 0.914943724870682 0.913830583915115 0.925247238948941 0.936274489387871 0.946289287880063 0.956152692437172 0.965864703059197 0.967637252062559 0.966356161981821 0.968150405213237 0.969796359539032 -9999 -9999 -9999 -9999 -9999 -9999 -9999 -9999 -9999 0.952422618865967 0.952422618865967 -9999 -9999 -9999 -9999 -9999 -9999 -9999 -9999 -9999 -9999 -9999 -9999 -9999 -9999 -9999 -9999 -9999 -9999 -9999 -9999 -9999 -9999 -9999 -9999 -9999
0.820103229954839 0.831752365455031 0.837992709130049 0.842152748256922 0.851955864578486 0.861930888146162 0.871105719357729 0.879126785323024 0.885334791615605 0.896238571032883 0.910130569711328 0.918109554797411 0.925125420093537 0.935872495174408 0.944675648584962 0.94842460565269 0.955652890726924 0.966360503807664 0.970732616260648 0.972667997702956 0.973764289170504 -9999 -9999 -9999 -9999 0.967859640717506 0.964226588606834 0.966775469481945 0.97031412832439 0.969660440459847 0.966878950595856 0.958565175533295 -9999 -9999 -9999 -9999 -9999 -9999 -9999 -9999 -9999 -9999 -9999 -9999 -9999 -9999 -9999 -9999 -9999 -9999 -9999 -9999 -9999 -9999 -9999 -9999 -9999 -9999
0.825110988691449 0.828619351610541 0.834452440962195 0.841179655864835 0.852400192990899 0.863743858411908 0.87438159994781 0.882316013798118 0.886002341285348 0.897426089271904 0.913773650303483 0.925506722182036 0.936314221471549 0.947076249867678 0.954933920875192 0.955240262672305 0.959248589351773 0.966958900913597 0.97210580483079 0.976266782730818 0.9755091778934 -9999 -9999 -9999 0.970079839229584 0.967859640717506 0.964226588606834 0.966775469481945 0.97031412832439 0.969660440459847 0.966878950595856 0.958565175533295 0.954408288002014 -9999 -9999 -9999 -9999 -9999 -9999 -9999 -9999 -9999 -9999 -9999 -9999 -9999 -9999 -9999 -9999 -9999 -9999 -9999 -9999 -9999 -9999 -9999 -9999 -9999
0.837770380079746 0.829594604671002 0.829056870192289 0.83145684376359 0.848895840346813 0.86648716405034 0.880416881293058 0.887252667918801 0.882940849289298 0.893801391124727 0.914317071437836 0.933082330971957 0.95074250549078 0.955567665398121 0.95883796364069 0.958065621554851 0.960067454725504 0.964843463152647 0.969585184007883 0.974313717335463 0.975086821243167 -9999 -9999 0.969611036591232 0.969394666142762 0.967354776337743 0.964154465124011 0.966775469481945 0.97031412832439 0.969660440459847 0.966878950595856 0.958565175533295 -9999 -9999 -9999 0.942892849445343 -9999 -9999 -9999 -9999 -9999 -9999 -9999 -9999 -9999 -9999 -9999 -9999 -9999 -9999 -9999 -9999 -9999 -9999 -9999 -9999 -9999 -9999
0.850692819803953 0.844536278396845 0.839043090119958 0.833805037662387 0.850774513557553 0.867678672075271 0.87772461771965 0.883667889982462 0.88316410407424 0.896248441189529 0.917979765683413 0.935494070872665 0.951499786227942 0.956197340041399 0.959972251206636 0.961348291486502 0.963536588475108 0.966537142172456 0.969136415049434 0.971581349149346 0.972866427153349 0.973918501287699 0.974146690219641 0.973362177610397 0.970986276865005 0.969118874520063 0.967575062066316 0.96792178787291 0.968726832419634 0.9708954654634 0.969391092658043 0.958336904644967 0.949988747015596 0.944346619769931 0.942958863452077 0.943207403644919 -9999 -9999 -9999 -9999 -9999 -9999 -9999 -9999 -9999 -9999 -9999 -9999 -9999 -9999 -9999 -9999 -9999 -9999 -9999 -9999 -9999 -9999
0.847397200763226 0.841497279703617 0.839992899447679 0.840179111808538 0.847039666026831 0.854836506769061 0.865351738408208 0.876463169232011 0.888511484488844 0.900547834113241 0.912576569244266 0.925355093553663 0.938433745875955 0.954065291211009 0.966240763664246 0.969430446624756 0.971962284296751 0.973836276680231 0.97320219129324 0.971603460609913 0.974787501618266 0.977357583120465 0.975451169535518 0.974438976496458 0.974831987172365 0.972349271178245 0.9680365473032 0.96947867050767 0.971944389864803 0.972244763746858 0.969747537747026 0.959976552054286 0.955091059207916 -9999 -9999 -9999 -9999 -9999 -9999 -9999 -9999 -9999 -9999 -9999 -9999 -9999 -9999 -9999 -9999 -9999 -9999 -9999 -9999 -9999 -9999 -9999 -9999 -9999
0.848784793168306 0.844320859760046 0.842114675790071 0.840776856988668 0.839151678606868 0.839906016364693 0.852642452344298 0.866582252085209 0.882413052022457 0.895925899967552 0.907963687554002 0.916672574356198 0.92549185268581 0.947506049647927 0.964905608445406 0.970307108014822 0.973899558186531 0.975682958960533 0.974138310179114 0.971313642337918 0.974536223337054 0.977586096152663 0.97799382545054 0.976387795060873 0.97161728516221 0.969795535318553 0.969850269146263 -9999 -9999 -9999 -9999 -9999 -9999 -9999 -9999 -9999 -9999 0.949235212989151 0.94974401127547 0.949857077561319 0.949348279275 -9999 -9999 -9999 -9999 -9999 -9999 -9999 -9999 -9999 -9999 -9999 -9999 -9999 -9999 -9999 -9999 -9999
0.847325451672077 0.845941565930843 0.84148988686502 0.835858287289739 0.835767233744264 0.837781170383096 0.848690485581756 0.862029384821654 0.879186201840639 0.892431609332562 0.903187938034534 0.908279161900282 0.913469029590489 0.939597198739648 0.9605085644871 0.967856241390109 0.972926823422313 0.975720310583711 0.974558595567941 0.97187564894557 0.973117670044303 0.974309615790844 0.974096782505512 0.973089525476098 0.970833888277411 0.96992324758321 0.9698685137555 -9999 -9999 -9999 -9999 -9999 -9999 -9999 -9999 -9999 -9999 0.949065613560378 0.94855681527406 0.948443748988211 0.94895254727453 -9999 -9999 -9999 -9999 -9999 -9999 -9999 -9999 -9999 -9999 -9999 -9999 -9999 -9999 -9999 -9999 -9999
0.848480941727757 0.846117144450545 0.843387177214026 0.840516375377774 0.838967300951481 0.839194450527429 0.847913976758718 0.859525563195348 0.87568181566894 0.886218072846532 0.893177969381213 0.899516878649593 0.906672703102232 0.929827442392707 0.950490102171899 0.964673355221749 0.972892381250858 0.975147180259228 0.97660849802196 0.977764630690217 0.978162672370672 0.97855531424284 0.979143925011158 0.979141095653176 0.978208860382437 0.97649029456079 0.974271336570382 -9999 -9999 0.96402096748352 0.96402096748352 -9999 -9999 -9999 -9999 -9999 0.950399219989777 0.950197344645858 0.948986092582345 -9999 -9999 -9999 -9999 -9999 -9999 -9999 -9999 -9999 -9999 -9999 -9999 -9999 -9999 -9999 -9999 -9999 -9999 -9999
0.849661257117987 0.85142608359456 0.849389662966132 0.845891224220395 0.845205331221223 0.845391364768147 0.849109811708331 0.857465511187911 0.873108321800828 0.88383872807026 0.891443058848381 0.895941754803061 0.900488235056401 0.916406206786632 0.933012174442412 0.951406931504608 0.965073959901929 0.974013259634376 0.975770184770226 0.974764658138156 0.97458891198039 0.974821263924241 0.976850053295493 0.97880301065743 0.980636803433299 0.981157972477376 0.980843835510313 -9999 0.972982048988342 -9999 -9999 -9999 0.965777143836021 0.964991524815559 0.960858484730124 0.955437975004315 0.951715752482414 0.94869714975357 -9999 -9999 -9999 -9999 -9999 -9999 -9999 -9999 -9999 -9999 -9999 -9999 -9999 -9999 -9999 -9999 -9999 -9999 -9999 -9999
0.842841114848852 0.848962921649217 0.852720774710178 0.855569414794445 0.853542378172278 0.851519227027893 0.85094952583313 0.857528803870082 0.8753421921283 0.886030374094844 0.892184333875775 0.892880668863654 0.892936576157809 0.900661136955023 0.910815974697472 0.927289532497526 0.945074087008835 0.964169638231398 0.970715260133147 0.972433986142278 0.972165672108531 0.972294284030795 0.974991949275136 0.977426379919052 0.979447156190872 0.980621814727783 0.981258034706116 -9999 -9999 -9999 0.973654221743345 0.968664709478617 0.965777143836021 0.964991524815559 0.965328799560666 0.966097956523299 0.961615795269608 -9999 -9999 -9999 -9999 -9999 -9999 -9999 -9999 -9999 -9999 -9999 -9999 -9999 -9999 -9999 -9999 -9999 -9999 -9999 -9999 -9999
0.844656590372324 0.86168385669589 0.872328452765942 0.880518175661564 0.883494673296809 0.886014815419912 0.887786481529474 0.889029605314135 0.889442162588239 0.890454988926649 0.891849804669618 0.894116394221783 0.896699381992221 0.901697108522057 0.907341396436096 0.914666743949056 0.931108014658094 0.95666520856321 0.97072303853929 0.980358036234976 0.980397630482912 0.980075558647513 0.980767333880067 0.981475563719869 0.982209650799632 0.9815295599401 0.979949537664652 0.977918261662125 0.975887272506952 0.975395422428846 0.975043876096606 0.975057119503617 0.975583435967564 0.976622825488448 0.972535884007811 0.96647727675736 0.961615795269608 0.957623243331909 -9999 -9999 0.953311383724213 0.953311383724213 -9999 -9999 -9999 -9999 -9999 -9999 -9999 -9999 -9999 -9999 -9999 -9999 -9999 -9999 -9999 -9999
0.86527412198484 0.886106403544545 0.898111935704947 0.906722564250231 0.909918420016766 0.911972735077143 0.909911926835775 0.90759801492095 0.904886368662119 0.90321134775877 0.902195997536182 0.899272032082081 0.896393751725554 0.900781409814954 0.90666250884533 0.916426554322243 0.931706713512541 0.952502986416222 0.965648723766208 0.975851947441698 0.978154983371496 0.979843400418758 0.980782307684421 0.981737656518817 0.982718842104077 0.981926778331399 0.980006283149123 0.977918261662125 0.975959261879325 0.976763220503926 0.977326329797506 0.977263230830431 0.977141642943025 0.976961566135287 0.972535884007811 0.96647727675736 0.961615795269608 -9999 -9999 -9999 -9999 -9999 -9999 -9999 -9999 -9999 -9999 -9999 -9999 -9999 -9999 -9999 -9999 -9999 -9999 -9999 -9999 -9999
0.876696528866887 0.895617669448256 0.903092935681343 0.906165942549705 0.912007544189692 0.91751978546381 0.920570932328701 0.921751951798796 0.919994199648499 0.915231987833976 0.908557847142219 0.903043454512954 0.898044466972351 0.89786422252655 0.900019716471434 0.908248130232096 0.919782869517804 0.934623934328557 0.950975105166435 0.967907086014749 0.974265944212675 0.979161338880658 0.979849157854914 0.981070160865783 0.983129024505615 0.983507577329874 0.982816841453314 0.980904582887888 0.978801589459181 0.977609280496836 0.977264009416103 0.979121036827564 0.979166986420751 0.977401858195663 -9999 -9999 -9999 -9999 -9999 -9999 -9999 -9999 -9999 -9999 -9999 -9999 -9999 -9999 -9999 -9999 -9999 -9999 -9999 -9999 -9999 -9999 -9999 -9999
0.896014992147684 0.898885559290648 0.903973340988159 0.909913897514343 0.91347093693912 0.917486019432544 0.924492351710796 0.92885641567409 0.92906834371388 0.924155805259942 0.915982242673635 0.908142056316137 0.90081487596035 0.901075318455696 0.903673082590104 0.912347882986069 0.925221379846335 0.942293573170901 0.956900790333748 0.97055993974209 0.977025726810098 0.9821249358356 0.982506949454546 0.98314493522048 0.984185162931681 0.983355432748795 0.98133572936058 0.980977347120643 0.980872083455324 0.979421343654394 0.97889986820519 0.980794480070472 0.981741786003113 -9999 -9999 -9999 -9999 -9999 -9999 -9999 -9999 -9999 -9999 -9999 -9999 -9999 -9999 -9999 -9999 -9999 -9999 -9999 -9999 -9999 -9999 -9999 -9999 -9999
0.888360146433115 0.898902904242277 0.898852618411183 0.894728085026145 0.903390118852258 0.912168486043811 0.917767765000463 0.923156106844545 0.928212976083159 0.925460487604141 0.917738407850265 0.912342697381973 0.907764423638582 0.909172918647528 0.911789814010263 0.91754855029285 0.931219132617117 0.952801560983063 0.96524516493082 0.974173836410046 0.979216678068042 0.983278039842844 0.983574893325567 0.983548495918512 0.98301413282752 0.983342012390494 0.984218591824174 0.980898547917604 0.976979196071625 0.977140128612518 0.977564746513963 0.978674946352839 -9999 -9999 -9999 -9999 -9999 -9999 -9999 -9999 -9999 -9999 -9999 -9999 -9999 -9999 -9999 -9999 -9999 -9999 -9999 -9999 -9999 -9999 -9999 -9999 -9999 -9999
0.87165674008429 0.873970044776797 0.882921941578388 0.894427143037319 0.906135411933064 0.916261376813054 0.918416095897555 0.922174174338579 0.92845181748271 0.926887094974517 0.92033177614212 0.915523720905185 0.911395471543074 0.912883225828409 0.914826545864344 0.917954336851835 0.930970611050726 0.953875368461014 0.965793792158365 0.973486702889205 0.978212574496865 0.98195717856288 0.9816681034863 0.981193216517568 0.980426339432597 0.979760514572263 0.97915899567306 0.978675410151481 0.978333553299308 0.980000110343099 0.980867965146899 0.979659194126725 -9999 -9999 -9999 -9999 -9999 -9999 -9999 -9999 -9999 -9999 -9999 -9999 -9999 -9999 -9999 -9999 -9999 -9999 -9999 -9999 -9999 -9999 -9999 -9999 -9999 -9999
0.828526070341468 0.866783054545522 0.892114447429776 0.912474459037184 0.920102367177606 0.925709396600723 0.924956768751144 0.923297194764018 0.920212419703603 0.920175151899457 0.922077206894755 0.915493339300155 0.907848553732038 0.91102029941976 0.912128923460841 0.90787343122065 0.921441385522486 0.952832786366345 0.967354580760002 0.975388064980508 0.977921534329653 0.979733120650053 0.979552943259478 0.97842756472528 0.975816870108247 0.974662274122238 0.974434286355972 0.976042298600078 0.977876467630267 0.977312901988626 0.977241652086377 0.978450423106551 -9999 -9999 -9999 -9999 -9999 -9999 -9999 -9999 -9999 -9999 -9999 -9999 -9999 -9999 -9999 -9999 -9999 -9999 -9999 -9999 -9999 -9999 -9999 -9999 -9999 -9999
0.797459049150348 0.832325587049126 0.873598791658879 0.917336098849773 0.922519313171506 0.924823202192783 0.924069903790951 0.92444577999413 0.926596073433757 0.929022600874305 0.931624913588166 0.924417186528444 0.915501372888684 0.91090222261846 0.907503975555301 0.907228076830506 0.918552933260799 0.941478544846178 0.955907110124826 0.967067580670119 0.972886202856898 0.977284790948033 0.976154340431094 0.975374456495047 0.9751454629004 0.975378846749663 0.975906470790505 0.976524731144309 0.977161025628448 0.977795736864209 0.978131810203195 0.977691425010562 0.977471232414246 -9999 -9999 -9999 0.970435678958893 0.96973416954279 0.965525113046169 0.96295291185379 -9999 -9999 -9999 -9999 -9999 -9999 -9999 -9999 -9999 -9999 -9999 -9999 -9999 -9999 -9999 -9999 -9999 -9999
0.765547091141343 0.811433954164386 0.861951552331448 0.914250202476978 0.919656170532107 0.921260500326753 0.917648604139685 0.916892286390066 0.920623306185007 0.922243867069483 0.922521408647299 0.91922784037888 0.915254490450024 0.911866625770926 0.907667299732565 0.901358174160123 0.905513418838382 0.920133033767343 0.934192569926381 0.948036691173912 0.960412349551916 0.970793744549155 0.971635723486543 0.973356394097209 0.976457865908742 0.977746872231364 0.97788249142468 0.975222634151578 0.972353851422668 0.975437955930829 0.97825095243752 0.980359068140387 0.981510037556291 0.981703860685229 -9999 -9999 -9999 -9999 -9999 -9999 -9999 -9999 -9999 -9999 -9999 -9999 -9999 -9999 -9999 -9999 -9999 -9999 -9999 -9999 -9999 -9999 -9999 -9999
0.770037110894918 0.810771752148867 0.86415102519095 0.922393618151545 0.920951642096043 0.916858563199639 0.917064255103469 0.915070284157991 0.909619700163603 0.913122564554215 0.922323077917099 0.919634280726313 0.914663830772042 0.911328939720988 0.906080273911356 0.895855793729424 0.89088991843164 0.891182648018002 0.897147282958031 0.905293419957162 0.936428355053067 0.964033007621765 0.967224836349487 0.97061157785356 0.974304610863328 0.97638500854373 0.977439183741808 0.976733382791281 0.975688625127077 0.974865522235632 0.975159978494048 0.978360088542104 0.980465706437826 0.981476832181215 0.981023556552827 0.980007049627602 -9999 -9999 -9999 -9999 -9999 -9999 -9999 -9999 -9999 -9999 -9999 -9999 -9999 -9999 -9999 -9999 -9999 -9999 -9999 -9999 -9999 -9999
0.78828438743949 0.794295687228441 0.82970804721117 0.876428507268428 0.880742641165852 0.885008314624429 0.901504134759307 0.90836433507502 0.900082847103477 0.904780177399517 0.917736755684018 0.91450977884233 0.908149063587189 0.903538882732391 0.898335086181759 0.891587888821959 0.88901325315237 0.890611179172993 0.893213203176856 0.896201418712735 0.93234152533114 0.964222714304924 0.965058758854866 0.967170791700482 0.97128794901073 0.973931120708585 0.97563630156219 0.976690767332911 0.977567428722978 0.977633846923709 0.978301182389259 0.980530902743339 0.980660738423467 0.978690689429641 0.977972766384482 0.977736430242658 -9999 -9999 -9999 -9999 -9999 -9999 -9999 -9999 -9999 -9999 -9999 -9999 -9999 -9999 -9999 -9999 -9999 -9999 -9999 -9999 -9999 -9999
0.811100319027901 0.807650193572044 0.804281670600176 0.800944533199072 0.815359441563487 0.828582217916846 0.83062314428389 0.843470079824329 0.873297886922955 0.893716281279922 0.908146867528558 0.906688243150711 0.902241295203567 0.901016162708402 0.898115422576665 0.890858102589845 0.892377959564329 0.902674993500114 0.901917869225144 0.896909145638346 0.931601831689477 0.962938560172915 0.965818615630269 0.968615302816033 0.971280982717872 0.973320147022605 0.974960619583726 0.974895179271698 0.974676793441176 0.977658437564969 0.97988661378622 0.980155773460865 0.979551840573549 0.978074815124273 0.977688405662775 0.977721463888883 -9999 -9999 -9999 -9999 -9999 -9999 -9999 -9999 -9999 -9999 -9999 -9999 -9999 -9999 -9999 -9999 -9999 -9999 -9999 -9999 -9999 -9999
0.828925276175141 0.832605434581637 0.819837994873523 0.80074455589056 0.809672776609659 0.819432178512216 0.825105821713805 0.838030613958836 0.862350068986415 0.876008022576571 0.882881384342909 0.893516208976507 0.904294019564986 0.904713617637753 0.905542429536581 0.907435197383165 0.906788516789675 0.903602387756109 0.903369469568133 0.904272401705384 0.937394121661783 0.966599131003022 0.966744473204017 0.968091562390327 0.971327111124992 0.972223747521639 0.971631985157728 0.970675610005856 0.969923697412014 0.973887331783772 0.977440308779478 0.979925576597452 0.98018280044198 0.978211980313063 0.977688405662775 0.977721463888883 0.979973444715142 0.981958866119385 -9999 -9999 -9999 -9999 -9999 -9999 -9999 -9999 -9999 -9999 -9999 -9999 -9999 -9999 -9999 -9999 -9999 -9999 -9999 -9999
