data/dis.20102014.winter.solea_min.asc
NCOLS 320 
NROWS 120 
XLLCORNER 2 
YLLCORNER 53 
CELLSIZE 0.025 
NODATA_value -9999 
[rows 25 to 49 of 120, columns 174 to 231 of 320]
0.229086680803447 0.244007290806621 0.240082992706448 0.237896948587149 0.236817066092044 0.226162689272314 0.214709310792387 0.222226184792817 0.227348963730037 0.226247095502913 0.221130882389844 0.212000324390829 -9999 -9999 -9999 -9999 -9999 -9999 -9999 -9999 -9999 -9999 -9999 -9999 -9999 -9999 -9999 -9999 -9999 -9999 -9999 -9999 -9999 -9999 -9999 -9999 -9999 -9999 -9999 -9999 -9999 -9999 -9999 -9999 -9999 -9999 -9999 -9999 -9999 -9999 -9999 -9999 -9999 -9999 -9999 -9999 -9999 -9999
0.212646490428596 0.225509070325643 0.225295088719577 0.233661351725459 0.247487770393491 0.238993886392564 0.226783927995712 0.227289733942598 0.227348963730037 0.226247095502913 0.221130882389844 0.212000324390829 0.206139889080077 0.201537193264812 0.191594430245459 0.182107009924948 0.176466911099851 -9999 -9999 -9999 -9999 -9999 -9999 -9999 -9999 -9999 -9999 -9999 -9999 -9999 -9999 -9999 -9999 -9999 -9999 -9999 -9999 -9999 -9999 -9999 -9999 -9999 -9999 -9999 -9999 -9999 -9999 -9999 -9999 -9999 -9999 -9999 -9999 -9999 -9999 -9999 -9999 -9999
0.189241123851388 0.203844490461051 0.22782298643142 0.24837077781558 0.266735393553972 0.255734710022807 0.239591625984758 0.235869750846177 0.231879717670381 0.227192473597825 0.222695729229599 0.218389484565705 0.210729129612446 0.2017787322402 0.191594430245459 0.182107009924948 0.176466911099851 0.172984302043915 0.172892034053802 0.172735988628119 0.172539357561618 0.17106729419902 -9999 -9999 -9999 -9999 -9999 -9999 -9999 -9999 -9999 -9999 -9999 -9999 -9999 -9999 -9999 -9999 -9999 -9999 -9999 -9999 -9999 -9999 -9999 -9999 -9999 -9999 -9999 -9999 -9999 -9999 -9999 -9999 -9999 -9999 -9999 -9999
0.205705720931292 0.202733251266181 0.227973458357156 0.250442453660071 0.271147950552404 0.267065701074898 0.258423035033047 0.256531625054777 0.25154160708189 0.238495208323002 0.227745325304568 0.219291958026588 0.216648621018976 0.216239911038429 0.202057082671672 0.188377322163433 0.181264112237841 0.176028807181865 0.173744495492429 0.172735988628119 0.172539357561618 0.17106729419902 0.169436097145081 -9999 -9999 -9999 -9999 -9999 -9999 -9999 -9999 -9999 -9999 -9999 -9999 -9999 -9999 -9999 -9999 -9999 -9999 -9999 -9999 -9999 -9999 -9999 -9999 -9999 -9999 -9999 -9999 -9999 -9999 -9999 -9999 -9999 -9999 -9999
0.207086499780417 0.198714969679713 0.214906157925725 0.232026188634336 0.249737300910056 0.25551787763834 0.258994785137475 0.263873136602342 0.264208100736141 0.252730257809162 0.2432238929905 0.235689006280154 0.231532535050064 0.228675454389304 0.207726824097335 0.187493180856109 0.17615551687777 0.168596962466836 0.166977008804679 0.167503487784416 0.169395878445357 0.169492271728814 0.169194395653903 0.168300331570208 0.171107930131257 0.18353985156864 0.195440209470689 0.206809003837407 0.209967002272606 -9999 -9999 -9999 -9999 -9999 -9999 -9999 -9999 -9999 -9999 -9999 -9999 -9999 -9999 -9999 -9999 -9999 -9999 -9999 -9999 -9999 -9999 -9999 -9999 -9999 -9999 -9999 -9999 -9999
0.251744334120304 0.236998568288982 0.204727520234883 0.207720845472067 0.233155135530979 0.244639626704156 0.25374367274344 0.269809467718006 0.278393110260367 0.267523156479001 0.25614367518574 0.244254666380584 0.23888498172164 0.236022729426622 0.213991416152566 0.191053568385542 0.16922100726515 0.160470752045513 0.172278406098485 0.175073362421244 0.172132965642959 0.170595210511237 0.169620137196034 0.173441673163325 0.177419408224523 0.181803260929883 0.187881590798497 0.195654397830367 0.22213823068887 0.255818611942231 0.24912888277322 0.233429835177958 0.184557757340371 0.1622373200953 0.181640889495611 0.18042035959661 0.166075402870774 0.141678927233442 -9999 -9999 -9999 -9999 -9999 -9999 -9999 -9999 -9999 -9999 -9999 -9999 -9999 -9999 -9999 -9999 -9999 -9999 -9999 -9999
0.25851603038609 0.246960824821145 0.215222337748855 0.203500965610146 0.20451775752008 0.226576989050954 0.25282879639417 0.278810097835959 0.293686890974641 0.279691962525249 0.269708386622369 0.263736163266003 0.251779759768396 0.237521748524159 0.214101225603372 0.190372870769352 0.167800212744623 0.157850145362318 0.167735577560961 0.172982134856284 0.175276680849493 0.178826926741749 0.1824516877532 0.183073826134205 0.183963088784367 0.185546874534339 0.188102403655648 0.191629676148295 0.219038236420601 0.255631907377392 0.252254976890981 0.23856951808557 0.185097476933151 0.160462812986225 0.18114402750507 0.18042035959661 0.166075402870774 0.141678927233442 0.116381185129285 0.109937077388167 0.10393088683486 0.0990632809698582 0.0958854500204324 0.0943973939865828 -9999 -9999 -9999 -9999 -9999 -9999 -9999 -9999 -9999 -9999 -9999 -9999 -9999 -9999
0.250601970590651 0.250589535105974 0.242815076839179 0.229219696950168 0.211920094210654 0.229539618827402 0.254385299980641 0.283350609242917 0.300386230461299 0.286404662765563 0.276388908736408 0.270338968373835 0.264089283533394 0.257762773893774 0.233143380843103 0.20774414530024 0.18382595712319 0.171815610956401 0.178517587948591 0.177202299237251 0.170785114169121 0.17298516118899 0.17736461898312 0.189495470840484 0.196865317877382 0.191856552381068 0.190645430237055 0.193231951445341 0.19563357764855 0.197964090388268 0.189052684698254 0.178346922621131 0.161975825205445 0.165108623448759 0.198890400584787 0.214584172703326 0.218767396174371 0.186834353953599 0.148460583062842 0.123389728134498 0.10393088683486 0.0990632809698582 0.0958854500204324 0.0943973939865828 0.0962466010823846 0.0993793709203602 0.108993203612045 0.117088101338595 0.115682129282504 -9999 -9999 -9999 -9999 -9999 -9999 -9999 -9999 -9999
0.250013556331396 0.25451553426683 0.245742196217179 0.230144160334021 0.210203134920448 0.226125346496701 0.249675935599953 0.280973936896772 0.300396613776684 0.288943447172642 0.280805432237685 0.275982568971813 0.26933057513088 0.261975069530308 0.245597090572119 0.227228837087751 0.201562879607081 0.188324114307761 0.194613793864846 0.192427789792418 0.184848168864846 0.185356707312167 0.18796594068408 0.198787245899439 0.2063202210702 0.205303538125008 0.202282779850066 0.197257946245372 0.199692487716675 0.204996019601822 0.196960201021284 0.187864474020898 0.177392543293536 0.176202409435063 0.189597956370562 0.204192115459592 0.21954902773723 0.204743207432329 0.182903224602341 0.144035769626498 0.113579261116683 0.104991213418543 0.100088483188301 0.0988710704259574 0.0989474838133901 0.0995215226430446 0.108993203612045 0.117088101338595 0.115682129282504 0.114822924137115 -9999 -9999 -9999 -9999 -9999 -9999 -9999 -9999
0.247726515401155 0.252972785383463 0.25202214345336 0.23583353497088 0.209948038682341 0.225913824979216 0.250643237959594 0.282059943769128 0.301296154037118 0.288863075897098 0.279721998609603 0.273872922174633 0.268824433907866 0.264083864167333 0.253391032572836 0.240875177551061 0.220994870644063 0.204774928279221 0.194306987337768 0.194601046852768 0.201743652112782 0.206273960415274 0.210022815037519 0.20936876675114 0.208849143236876 0.208679024130106 0.206821778789163 0.203277407214045 0.211924931034446 0.225261645391583 0.217827961780131 0.207799618132413 0.190906914882362 0.174926161300391 0.160378471482545 0.173604546114803 0.204504834488034 0.21032748138532 0.209188688080758 0.174969392362982 0.144789416110143 0.12511167046614 0.113924065604806 0.111226601526141 0.110928286798298 0.111552721820772 0.129589116899297 0.145604921504855 0.146396609023213 0.150468813255429 0.15969611518085 0.14895130135119 0.12549695931375 0.110762709286064 0.0986375429201871 0.101218485971913 0.103082500398159 -9999
0.249895391520113 0.244241304695606 0.244760178029537 0.229387620929629 0.203902335371822 0.22621847782284 0.258108197711408 0.29022387880832 0.309216139838099 0.294087508693337 0.281208379194141 0.270578751340509 0.266166397370398 0.264145302586257 0.264591953717172 0.260919091757387 0.235922856722027 0.218687175773084 0.213646651245654 0.212401987984776 0.213572872802615 0.217775834258646 0.222122807055712 0.218608912080526 0.215192507952452 0.212029580026865 0.212409154511988 0.216331231407821 0.222509968094528 0.229556650854647 0.230387571733445 0.227145007345826 0.205363181885332 0.184284575749189 0.16431102855131 0.172498556319625 0.198606768157333 0.204429810401052 0.205578312743455 0.196229213383049 0.181800541002303 0.154164978768677 0.137042192276567 0.130432181525975 0.132079288829118 0.136902210768312 0.152536937966943 0.165539518930018 0.162201425991952 0.163199721835554 0.171012342907488 0.157565851230175 0.130590833257884 0.114318143576384 0.10090039181523 0.0996286685112864 0.0997854706365615 0.103656438877806
0.26226569339633 0.255859030410647 0.2587118614465 0.25815085042268 0.255417394451797 0.261347110383212 0.271535217761994 0.324661195278169 0.352598655037582 0.31504596862942 0.289267383515835 0.275262899696827 0.26611996255815 0.258846851065755 0.255586023442447 0.250746836420149 0.236835768911987 0.226892817299813 0.223185476381332 0.217742621898651 0.211195349693298 0.220495497342199 0.232537743635476 0.237314439378679 0.240362337324768 0.238915360998362 0.234308340121061 0.226541274692863 0.226876597385854 0.230328223202378 0.237660818267614 0.239579375833273 0.213286284357309 0.18962053861469 0.17008347902447 0.162796655669808 0.163305437192321 0.162814795505255 0.162940796930343 0.176947770174593 0.186173454392701 0.182967787142843 0.174238001462072 0.159984097350389 0.168625519610942 0.186072836630047 0.181752538774162 0.176548935938626 0.173331047873944 0.165395368356258 0.150046016555279 0.132038168609142 0.112338550388813 0.106430795043707 0.103542623575777 0.105095044244081 0.107202608836815 0.110753547633067
0.259531303308904 0.262930266559124 0.27742076665163 0.27870924025774 0.271596424281597 0.270969371311367 0.274884101934732 0.333957559429111 0.364715886302292 0.321854873560369 0.290840641595424 0.271673190407455 0.262261400930583 0.256601789034903 0.253993429243565 0.249850243330002 0.237135499715805 0.229968064464629 0.231517828069627 0.228268153965473 0.221964292228222 0.234522122424096 0.249840532429516 0.247959046624601 0.24736897693947 0.250136589165777 0.247339728288352 0.238978394307196 0.244448015466332 0.25523723475635 0.252337015699595 0.245648683048785 0.224046087823808 0.203958248719573 0.186250740662217 0.175737312994897 0.169801936484873 0.165170833002776 0.161266115959734 0.165275440085679 0.168377364985645 0.169120051898062 0.171310536563396 0.174948818981647 0.180743053555489 0.187366500496864 0.181362124625593 0.175616634543985 0.174879638943821 0.160844181664288 0.125911141745746 0.110145982122049 0.106578564504161 0.110492515843362 0.115490094991401 0.113472692435607 0.111965151736513 0.111783251864836
0.247439463622868 0.261893479153514 0.283346088603139 0.288736373186112 0.283905178308487 0.288369500078261 0.296379494480789 0.333061167038978 0.359179969877005 0.357835311442614 0.3487031692639 0.331783543340862 0.297568948939442 0.2567024435848 0.253800983540714 0.250725981779397 0.2356170816347 0.230138699989766 0.239793990273029 0.24776932829991 0.254675605800003 0.264955997467041 0.27520648483187 0.273476610891521 0.271780292503536 0.270171218551695 0.260083413682878 0.241516877897083 0.240809299983084 0.246970552019775 0.250671736896038 0.249960676301271 0.227911937516182 0.210383870638907 0.199959716759622 0.198677096050233 0.203211814630777 0.188559581525623 0.171839295420796 0.185197744052857 0.19477606844157 0.194526069797575 0.197848727460951 0.204744041431695 0.202965120319277 0.197849954944104 0.186931701377034 0.173970228061079 0.152499446645379 0.133338003186509 0.117805519374087 0.108592943521217 0.103402127278969 0.105565949110314 0.108892616117373 0.106981881661341 0.106277148239315 0.108708017505705
0.243231818079948 0.256695940159261 0.271100358106196 0.281656974926591 0.289764991030097 0.2961281882599 0.303731673397124 0.338352437131108 0.3614212712273 0.35445508826524 0.347552901133895 0.340714709833264 0.308250311762094 0.265929680317641 0.256262834183872 0.249188231304288 0.245470790192485 0.246239387430251 0.254057473503053 0.264337191358209 0.276183402165771 0.273585749790072 0.267619868274778 0.253503226209432 0.240305671468377 0.22949774377048 0.213572647422552 0.192530382424592 0.193997448310256 0.204121949151158 0.210714270360768 0.215657911263406 0.213397026993334 0.207887290045619 0.197272213175893 0.191919904202223 0.189916629344225 0.182910608593374 0.176056810189039 0.188800127711147 0.199009009171277 0.202628356870264 0.206417580600828 0.21037668036297 0.203194534871727 0.19172729505226 0.189860778395086 0.183014372829347 0.148444780614228 0.123325457563624 0.113056557485834 0.10545697179623 0.0995560407172888 0.101520973956212 0.104867689777166 0.104960770811886 0.10575456963852 0.108370234724134
0.214822040405124 0.224829254671931 0.240499557927251 0.249377367086708 0.253932680003345 0.261525287292898 0.270271014422178 0.288292977958918 0.304592423141003 0.316413320600986 0.322671509347856 0.323366989381611 0.300835738889873 0.269371130503714 0.256711895111948 0.25078364321962 0.272979316767305 0.282079642638564 0.270601565018296 0.272790995426476 0.283677930943668 0.276268149726093 0.264160715043544 0.234402008354664 0.210573784541339 0.202164816204458 0.1892991354689 0.171976742334663 0.172517526429146 0.179928763303906 0.191084303427488 0.200217839796096 0.198140091728419 0.199361665174365 0.205767886713147 0.198145172558724 0.181594953872263 0.192758548073471 0.20882503548637 0.214013743679971 0.217795628588647 0.21791977295652 0.220216569490731 0.224686018191278 0.216994638554752 0.20462601725012 0.195931743364781 0.184045032598078 0.15511544700712 0.12993474281393 0.110645137960091 0.103497036267072 0.104075345676392 0.102235996397212 0.100202606525272 0.103090566117317 0.106420219410211 0.110898276325315
0.211158762685954 0.219633673783392 0.231554190162569 0.23857920570299 0.242488902527839 0.249315424822271 0.257565128616989 0.280091711319984 0.299537758342922 0.310974412597716 0.318730640225112 0.322806441225111 0.310772870667279 0.292543387971819 0.27205574978143 0.257813507691026 0.275462409481406 0.283202606253326 0.275371980853379 0.276520374231041 0.283382688648999 0.279407970607281 0.271363332401961 0.230975961778313 0.197717260103673 0.182993097696453 0.170379586517811 0.159876726567745 0.155570788308978 0.153648281469941 0.165173292625696 0.176223851274699 0.180946995038539 0.188373554497957 0.200048338621855 0.195174002554267 0.179768408183008 0.190829266794026 0.206369077321142 0.208065130282193 0.210370226297528 0.214258834253997 0.217592845205218 0.22037225915119 0.205144819803536 0.182991667650639 0.178512815851718 0.171379809267818 0.145777705125511 0.122707995353267 0.103617762448266 0.0954628728795797 0.0942668381612748 0.0974135233554989 0.101366704329848 0.104265065863729 0.108044035965577 0.114112588344142
0.21625241311267 0.214700649958104 0.217949215788394 0.21868186397478 0.217813473660499 0.233384461142123 0.252756277099252 0.280848292633892 0.2988933166489 0.290816162712872 0.287341034039855 0.288467930629849 0.284759710542858 0.279191830195487 0.265434930101037 0.252168109640479 0.243760222569108 0.243398781865836 0.25568175688386 0.267121595330537 0.278024892322719 0.273184432648122 0.264170055277645 0.23772784974426 0.213798564393073 0.196402871515601 0.1780626764521 0.158777979202568 0.15375247457996 0.154211274813861 0.161026476882398 0.16747475322336 0.170218870975077 0.17366695124656 0.178221258334816 0.181698043830693 0.184489133767784 0.177152293268591 0.169221327174455 0.185625189449638 0.200960389338434 0.213517067022622 0.217360073234886 0.212489407975227 0.195344657637179 0.173479105345904 0.162759384140372 0.151959387119859 0.137479825410992 0.124068178469315 0.112334683304652 0.103666661772877 0.0969493961893021 0.105855778092518 0.117448026547208 0.121579604921863 0.123910743510351 0.121560738654807
0.202994248364121 0.203470446169376 0.212273858487606 0.217432829085737 0.220272609498352 0.229033617768437 0.239388455636799 0.256706221960485 0.269048099406064 0.268452665768564 0.267634860239923 0.266594682820141 0.267339347861707 0.268770490773022 0.260342176072299 0.250492224469781 0.236433928832412 0.231667948886752 0.241504179313779 0.250974515452981 0.260212009772658 0.266400069929659 0.270390044897795 0.247380647808314 0.226637836080044 0.211788146290928 0.190227322280407 0.16195536404848 0.154753312468529 0.155655071139336 0.157061078585684 0.159330972004682 0.165771986823529 0.174696121830493 0.187522302847356 0.197744058445096 0.206308452412486 0.20248530851677 0.197259595617652 0.210307838395238 0.218735536094755 0.215149816591293 0.210490786004811 0.204758444335312 0.190325576812029 0.172546353191137 0.160360540263355 0.148207297548651 0.134571785107255 0.123379967641085 0.116028242278844 0.108706845901907 0.101404749788344 0.10809255996719 0.117311677429825 0.121997337322682 0.125002026325092 0.123636191012338
0.193297671154142 0.190133612137288 0.193965826649219 0.201734611298889 0.212008486036211 0.216888843569905 0.220820510294288 0.22696239175275 0.236828234046698 0.256376374512911 0.269298159517348 0.275593589060008 0.271931820549071 0.264440360479057 0.25194365857169 0.239839852321893 0.231172654312104 0.227797936648131 0.232739973813295 0.24268632940948 0.25581725127995 0.270372929051518 0.282766695600003 0.25356380129233 0.226667071226984 0.205766368191689 0.1863962886855 0.168556832708418 0.163384745828807 0.163084723986685 0.162067696452141 0.164251928217709 0.182653340511024 0.1958370776847 0.200821611098945 0.199092451483011 0.193090941756964 0.191137716639787 0.18997146980837 0.188419686164707 0.184965392109007 0.176564570982009 0.169733550399542 0.164472330361605 0.158632338047028 0.152569741010666 0.14063083846122 0.128937001572922 0.120196818141267 0.114812947576866 0.114703282946721 0.111503491178155 0.106337254866958 0.105713887838647 0.105971389217302 0.105757897952571 0.107178026810288 0.112845567986369
0.193019982427359 0.188441524282098 0.189810087904334 0.197373417206108 0.208878870122135 0.211560337338597 0.212749868165702 0.218578031752259 0.227236142382026 0.24325211532414 0.251493043266237 0.251958926208317 0.247565302532166 0.241302637849003 0.232961785513908 0.225930473767221 0.226058096624911 0.227799007669091 0.232075085863471 0.237978290300816 0.244916938710958 0.25760653661564 0.270313641056418 0.263765128329396 0.254484706558287 0.238101321272552 0.220730656757951 0.202372713014483 0.187315208371729 0.173527103383094 0.172513121273369 0.172831415664405 0.176053997594863 0.180900533217937 0.188298996072263 0.193151222541928 0.19638311676681 0.190846988465637 0.183591953013092 0.176926772575825 0.170430708676577 0.164374347776175 0.162087777163833 0.163570996839553 0.158126601483673 0.150017738807946 0.139629053883254 0.129359641810879 0.120357129955664 0.114589333767071 0.113904662197456 0.111787098459899 0.108757694251835 0.106725251069292 0.105012042215094 0.105336149455979 0.107143925735727 0.112809241516516
0.173745078966021 0.175838777795434 0.17687769792974 0.178119644522667 0.17949078977108 0.190340526401996 0.202421824447811 0.203212455846369 0.20527934608981 0.210664509329945 0.215095204301178 0.218571431003511 0.221957301720977 0.225308420136571 0.225289942696691 0.225300446618348 0.226446914952248 0.227826156653464 0.229571185074747 0.229649973567575 0.228668427560478 0.242939437739551 0.260336311534047 0.279014175757766 0.287040578201413 0.267373180016875 0.249379476066679 0.233059466350823 0.21813191100955 0.203739915043116 0.22130786953494 0.231021781452 0.192065495066344 0.17543247481808 0.193878872785717 0.200547113548964 0.199720163363963 0.19557967223227 0.190872956998646 0.187806471250951 0.1827277909033 0.172417404595763 0.168492293450981 0.170952457468957 0.155905534978956 0.134125117678195 0.125598563347012 0.118053632322699 0.111518622841686 0.105363257462159 0.0998044756706803 0.100103713572025 0.104130782186985 0.104398280847818 0.10402451409027 0.105531773064286 0.107843381585553 0.112246298929677
0.173711012583226 0.175926366820931 0.174979111179709 0.174281335901469 0.173742320854217 0.183109590783715 0.193789907731116 0.193110655061901 0.195530208293349 0.206006656866521 0.216469702776521 0.226919346023351 0.227853431366384 0.225127686746418 0.225119287148118 0.224979014601558 0.223380158189684 0.222084414679557 0.221264991443604 0.218863036483526 0.215454015880823 0.232032837811857 0.252951816655696 0.279694798402488 0.296871206723153 0.289174524135887 0.277229130268097 0.261035025119781 0.249306040816009 0.239294410683215 0.253302352502942 0.257205173373223 0.203517809510231 0.179748164955526 0.202992079313845 0.212408552877605 0.213025745935738 0.208815095480531 0.203483311925083 0.195506933610886 0.187328903004527 0.178626576438546 0.176796086132526 0.181837432086468 0.166546465829015 0.143435379490256 0.129505392163992 0.117715854896232 0.113928244682029 0.108135784976184 0.0991928474977612 0.0992583485785871 0.105056492378935 0.104770020581782 0.103429940529168 0.104866213165224 0.107114817947149 0.111475486308336
0.173588827718049 0.182912554591894 0.187495980411768 0.18914947565645 0.188938469626009 0.194239731412381 0.200040366500616 0.195588637143373 0.199252445716411 0.224016652908176 0.241031065583229 0.250295683741569 0.25189093966037 0.250536440871656 0.252589045092463 0.252297898288816 0.239285907242447 0.229147732257843 0.223525553941727 0.218184060882777 0.213021185714751 0.226373012643307 0.244487455580384 0.280616383533924 0.306970007717609 0.307907842099667 0.302060165442526 0.289426977746188 0.28953627217561 0.294546521268785 0.28517850022763 0.268537110183388 0.219757778104394 0.191562393680215 0.195713212713599 0.202217414509505 0.210219223517925 0.207772773690522 0.202980839647353 0.193839753977954 0.186674536671489 0.184646577108651 0.184914852492511 0.187479362823069 0.169314814265817 0.143177550751715 0.128875132184476 0.118906857445836 0.127128465101123 0.126835323637352 0.113161862129345 0.106107003754005 0.103263983735815 0.104390035849065 0.106164624914527 0.105469496920705 0.10636381059885 0.111390672624111
0.167735463939607 0.180924098007381 0.187632788904011 0.190358419902623 0.190549376420677 0.197227737400681 0.204594948794693 0.201615442056209 0.205706370994449 0.22818043269217 0.245100041851401 0.256465198472142 0.263330462388694 0.268464998342097 0.268060967326164 0.26689718477428 0.263563634827733 0.257375859189778 0.24670287175104 0.235916005913168 0.22505667200312 0.232562486082315 0.24403762537986 0.260549790225923 0.273353200405836 0.27651384845376 0.281187329441309 0.287373643368483 0.289956009015441 0.29115224070847 0.294794337823987 0.289918830618263 0.241735929623246 0.208042206708342 0.197117192205042 0.191644075326621 0.189640347845852 0.188616038765758 0.187952776905149 0.190097295213491 0.190717597026378 0.187374935951084 0.188073332887143 0.192812787834555 0.184446653816849 0.171039908658713 0.142991998931393 0.120451763505116 0.129756124457344 0.130785954650492 0.118812950793654 0.112035362049937 0.108563946560025 0.106952223926783 0.105686870636418 0.103986840462312 0.103732758434489 0.107238141587004
