data/dis.20102014.winter.platessa_min.asc
NCOLS 320 
NROWS 120 
XLLCORNER 2 
YLLCORNER 53 
CELLSIZE 0.025 
NODATA_value -9999 
[rows 25 to 49 of 120, columns 174 to 231 of 320]
0.869893077760934 0.889657340943813 0.903432764112949 0.912576749920845 0.918773457407951 0.918138215318322 0.916616747155786 0.923258064314723 0.928852593526244 0.931725474074483 0.932225840166211 0.930353691801429 -9999 -9999 -9999 -9999 -9999 -9999 -9999 -9999 -9999 -9999 -9999 -9999 -9999 -9999 -9999 -9999 -9999 -9999 -9999 -9999 -9999 -9999 -9999 -9999 -9999 -9999 -9999 -9999 -9999 -9999 -9999 -9999 -9999 -9999 -9999 -9999 -9999 -9999 -9999 -9999 -9999 -9999 -9999 -9999 -9999 -9999
0.848781947046518 0.864739377051592 0.881508748978376 0.897907944396138 0.914071572944522 0.914578979834914 0.912599463015795 0.921573396772146 0.928852593526244 0.931725474074483 0.932225840166211 0.930353691801429 0.930993495509028 0.932599434629083 0.921321341767907 0.907540939748287 0.885038413107395 -9999 -9999 -9999 -9999 -9999 -9999 -9999 -9999 -9999 -9999 -9999 -9999 -9999 -9999 -9999 -9999 -9999 -9999 -9999 -9999 -9999 -9999 -9999 -9999 -9999 -9999 -9999 -9999 -9999 -9999 -9999 -9999 -9999 -9999 -9999 -9999 -9999 -9999 -9999 -9999 -9999
0.840757699683309 0.846022034063935 0.868591582402587 0.889083413407206 0.908253060653806 0.914511643350124 0.918319070711732 0.924354476854205 0.92955082654953 0.932565629482269 0.934369012713432 0.934960976243019 0.934135477989912 0.932764802128076 0.921321341767907 0.907540939748287 0.885038413107395 0.87129950337112 0.871331991627812 0.871705561876297 0.872296184301376 0.865329347550869 -9999 -9999 -9999 -9999 -9999 -9999 -9999 -9999 -9999 -9999 -9999 -9999 -9999 -9999 -9999 -9999 -9999 -9999 -9999 -9999 -9999 -9999 -9999 -9999 -9999 -9999 -9999 -9999 -9999 -9999 -9999 -9999 -9999 -9999 -9999 -9999
0.856722999364138 0.85610362701118 0.871897311881185 0.890156285837292 0.909984080120921 0.917567450553179 0.922669753432274 0.927224949002266 0.931341212242842 0.934316251426935 0.935975432395935 0.936318755149841 0.93564616329968 0.934582835063338 0.930157732218504 0.922092542052269 0.896815672516822 0.879175931215286 0.873537391424179 0.871705561876297 0.872296184301376 0.865329347550869 0.857322037220001 -9999 -9999 -9999 -9999 -9999 -9999 -9999 -9999 -9999 -9999 -9999 -9999 -9999 -9999 -9999 -9999 -9999 -9999 -9999 -9999 -9999 -9999 -9999 -9999 -9999 -9999 -9999 -9999 -9999 -9999 -9999 -9999 -9999 -9999 -9999
0.857225636020303 0.848978284746408 0.84996473416686 0.858140807598829 0.870892096310854 0.889504374936223 0.908727383241058 0.918405430391431 0.92695364356041 0.932564288377762 0.936466835439205 0.938661284744739 0.938785064965486 0.938112433999777 0.932097479701042 0.922607762739062 0.897315504029393 0.880715163424611 0.877773551270366 0.874848432838917 0.871933810412884 0.874368071556091 0.87785042449832 0.880964133888483 0.881167907267809 0.873805847018957 0.86516928486526 0.855258220806717 0.852505147457123 -9999 -9999 -9999 -9999 -9999 -9999 -9999 -9999 -9999 -9999 -9999 -9999 -9999 -9999 -9999 -9999 -9999 -9999 -9999 -9999 -9999 -9999 -9999 -9999 -9999 -9999 -9999 -9999 -9999
0.860509440302849 0.853554656729102 0.844955930486321 0.848401002585888 0.859510309994221 0.87472216784954 0.890917558223009 0.909884329885245 0.924789333716035 0.929133741185069 0.933042859658599 0.936516689136624 0.937184192240238 0.936772339046001 0.931705672293901 0.923635207116604 0.901914812624454 0.88660741224885 0.881377574056387 0.878636095672846 0.877478118985891 0.883295282721519 0.890207713469863 0.892024205997586 0.892035199329257 0.887351894751191 0.877565369009971 0.862675622105598 0.864852538332343 0.873593555763364 0.863850370049476 0.8511130400002 0.828841518610716 0.811110178008676 0.800513407215476 0.781162833794951 0.756241658702492 0.734713925048708 -9999 -9999 -9999 -9999 -9999 -9999 -9999 -9999 -9999 -9999 -9999 -9999 -9999 -9999 -9999 -9999 -9999 -9999 -9999 -9999
0.863303445279598 0.858478303998709 0.851228360086679 0.847486620768905 0.845977375283837 0.861277310177684 0.880126871168614 0.902168862521649 0.919847635552287 0.926182040944695 0.93189843185246 0.93699680827558 0.938079737126827 0.937618263065815 0.93383858539164 0.927624387666583 0.910213531926274 0.897469148039818 0.892057791352272 0.89224579744041 0.8959970343858 0.897319419309497 0.898180969059467 0.899466417729855 0.898334776982665 0.890918703749776 0.882306566461921 0.872498365119099 0.871728014200926 0.874433759599924 0.859981114044785 0.84426131285727 0.827252319082618 0.812381107360125 0.800869267433882 0.781162833794951 0.756241658702492 0.734713925048708 0.7147425878793 0.709692290052772 0.704347237944603 0.69823582470417 0.692280784249306 0.68648211658001 -9999 -9999 -9999 -9999 -9999 -9999 -9999 -9999 -9999 -9999 -9999 -9999 -9999 -9999
0.865499667823314 0.864732891321182 0.856230825185776 0.851471891626715 0.84909495152533 0.864731224253773 0.884129591286182 0.90623863786459 0.923445174470544 0.92790518514812 0.932729205116629 0.937917234376073 0.938730135560036 0.937860295176506 0.935180801898241 0.930215245112777 0.914351621642709 0.901731980964541 0.894210027530789 0.891919452697039 0.89295793697238 0.898049769923091 0.903704322874546 0.905143730342388 0.905095210298896 0.901178078725934 0.894723258912563 0.885730750858783 0.869811039417982 0.851227018982172 0.85168912820518 0.851880386471748 0.845115587115288 0.837268499657512 0.827720673754811 0.821099592372775 0.816340984776616 0.781258691102265 0.741261582821607 0.720813158899546 0.704347237944603 0.69823582470417 0.692280784249306 0.68648211658001 0.68752633780241 0.691202439367771 0.707402858883142 0.720491223037243 0.714335687458515 -9999 -9999 -9999 -9999 -9999 -9999 -9999 -9999 -9999
0.861159173771739 0.863329332321882 0.856940109282732 0.851373830810189 0.846331244334579 0.863719329237938 0.885576022788882 0.907134780660272 0.923822693526745 0.927846409380436 0.932360533624887 0.937365066260099 0.93745725043118 0.935660069808364 0.933829355984926 0.930082600563765 0.916765499860048 0.906166303902864 0.899838101118803 0.89571288600564 0.892989572137594 0.899995720013976 0.90851311199367 0.909641483798623 0.910510743036866 0.910706309601664 0.906358633190393 0.897467713803053 0.880957446992397 0.861516661942005 0.860601782798767 0.859976967796683 0.855353677645326 0.854411004111171 0.859252156689763 0.855497928336262 0.846273912116885 0.821172587573527 0.792358616366982 0.754412500187754 0.724125888198614 0.713753987103701 0.703038427978754 0.691979210823774 0.689922612160444 0.691328559070826 0.707402858883142 0.720491223037243 0.714335687458515 0.710573971271515 -9999 -9999 -9999 -9999 -9999 -9999 -9999 -9999
0.845338132232427 0.851381376385689 0.864659115672112 0.865037431940436 0.857207024469972 0.87598130851984 0.899553282186389 0.914230028167367 0.92588808760047 0.929697562009096 0.932689046487212 0.934862541034818 0.93580674380064 0.936278142035007 0.93351312726736 0.92962178401649 0.921050684526562 0.911831466481089 0.901593776419759 0.898129843175411 0.898976482450962 0.903282109647989 0.90818141400814 0.911412671208381 0.913560949265957 0.912893481552601 0.909364566206932 0.90297420322895 0.892352715134621 0.880103871226311 0.875061815604567 0.870945854112506 0.869340719655156 0.868131656199694 0.867544990032911 0.870665784925222 0.876145873218775 0.851643530651926 0.820802306756377 0.784140365198254 0.754623828455806 0.743685344234109 0.731227992102504 0.71725177206099 0.716209957376122 0.720142913982272 0.731514604762197 0.741422975435853 0.741826882585883 0.739877415820956 0.734229790046811 0.726401571184397 0.717185702174902 0.72302152402699 0.731596799567342 0.735567038878798 0.738434433937073 -9999
0.846831660717726 0.851804060861468 0.863914268091321 0.862860353663564 0.853429270908236 0.864235706627369 0.879746813327074 0.906429763883353 0.926295237615705 0.928435271605849 0.931413847953081 0.9352309666574 0.935530727729201 0.934477658942342 0.931906888261437 0.928390009328723 0.920588972046971 0.91381199285388 0.908644247800112 0.90442219749093 0.900801952928305 0.905280135571957 0.911176668480039 0.913650503382087 0.9152492582798 0.914572805166244 0.913113063201308 0.910870032384992 0.9043073002249 0.896083144471049 0.888614324852824 0.882515601813793 0.883045203983784 0.880109442397952 0.871728109195828 0.872692856937647 0.879605110734701 0.866232516244053 0.847986893728375 0.815868278965354 0.78638594970107 0.763757962733507 0.742324681952595 0.722086107358337 0.719228716567159 0.723056396469474 0.744449932128191 0.76252056658268 0.758810266852379 0.755351766943931 0.752288952469826 0.743262622505427 0.730441328138113 0.73409385420382 0.740371964871883 0.735274024307728 0.734245115891099 0.74379569105804
0.885017491877079 0.880993144586682 0.868248863145709 0.857113836333156 0.847002880647778 0.849894911050796 0.856940411031246 0.890384741127492 0.91633378714323 0.922795094549656 0.926671557128429 0.927963174879551 0.929428482428193 0.930960593745112 0.930941754952073 0.929728306829929 0.92299797385931 0.915690790861845 0.907477129250765 0.905443204566836 0.907341839745641 0.911895666271448 0.916713912039995 0.916999634355307 0.917303666472435 0.917655304074287 0.915492990985513 0.910816727206111 0.907179599627852 0.903942139819265 0.898129241541028 0.892549604177475 0.888893753290176 0.88494623079896 0.880540367215872 0.875657312572002 0.870470590889454 0.863002315163612 0.854939788579941 0.844532281160355 0.831931471824646 0.813628077507019 0.78682429343462 0.751520119607449 0.741491310298443 0.741183795034885 0.752868657931685 0.761578684672713 0.751887360587716 0.743634980171919 0.737643796950578 0.734550427645445 0.733301121741533 0.73210615850985 0.731174724176526 0.734538516029716 0.740807838737965 0.754631541669369
0.91863327100873 0.912053730338812 0.888523314148187 0.867429522797465 0.847886310890317 0.840286081656814 0.837045408785343 0.86731105297804 0.894367340952158 0.913079302757978 0.923729164525866 0.926316926255822 0.927672224119306 0.928553497418761 0.929005108773708 0.928351560607553 0.922298585996032 0.917216094210744 0.913658646866679 0.911730041727424 0.910837972536683 0.915886018425226 0.921707693487406 0.92048467323184 0.919658582657575 0.919864509254694 0.918233525007963 0.914765629917383 0.913491291925311 0.913060629740358 0.904366424307227 0.895946187898517 0.891326250508427 0.888530727475881 0.888602141290903 0.884837156161666 0.878630826249719 0.873063113540411 0.867397967725992 0.85790516063571 0.847543122246861 0.834921082481742 0.813141159713268 0.782203353941441 0.76722246594727 0.75837885402143 0.760159092023969 0.760174067690968 0.748238069936633 0.734127704054117 0.716600473970175 0.720865918323397 0.738999428227544 0.743790512904525 0.746224578469992 0.753953564912081 0.760964995250106 0.766110779717565
0.908166788518429 0.898646984249353 0.886212196201086 0.86626379005611 0.841533990576863 0.842692537233233 0.849298859015107 0.860496981069446 0.878398679196835 0.913729675114155 0.931942159309983 0.93303613178432 0.929434038698673 0.924025766551495 0.926251474767923 0.927506871521473 0.921665422618389 0.917495537549257 0.915952395647764 0.914708169177175 0.91365416161716 0.916080823168158 0.919036520645022 0.919151553884148 0.919881278648973 0.92220920138061 0.922423778101802 0.920525008812547 0.916932322084904 0.912688128650188 0.907151624560356 0.902110463008285 0.899926105514169 0.89808039739728 0.896766852587461 0.895319329574704 0.893786547705531 0.883246824145317 0.870929444208741 0.859015507623553 0.8522790633142 0.859004098922014 0.847162581980228 0.816754512488842 0.795961733907461 0.77886714413762 0.768564468249678 0.757852748036384 0.743098184466362 0.733311086893082 0.731330007314682 0.734951999038458 0.742139581590891 0.746456865221262 0.75043210759759 0.758351664990187 0.766620673239231 0.775798253715039
0.907391853630543 0.902188321575522 0.89884833432734 0.884474169462919 0.863078255206346 0.866135621443391 0.874561375007033 0.891108559444547 0.90772713907063 0.924531346186996 0.933179760351777 0.933672381564975 0.930481631308794 0.925874199718237 0.922403128817677 0.919495575129986 0.91907138377428 0.918822130188346 0.918847778812051 0.917642749845982 0.915654562413692 0.914443349465728 0.91306522116065 0.90620781853795 0.902026953175664 0.904805084690452 0.905391063541174 0.903784889727831 0.897946210578084 0.89047964476049 0.887688728049397 0.886428257450461 0.891444826498628 0.894287353381515 0.893713528290391 0.890115512534976 0.884593011811376 0.873846629634499 0.86255425773561 0.859741257503629 0.857507893815637 0.856781585142016 0.843947449699044 0.81900548748672 0.788688851520419 0.756305033341049 0.752016020938754 0.748973552137613 0.743900623172522 0.739132352173328 0.734842829406261 0.736945863813162 0.74311688914895 0.747228844091296 0.751228798180818 0.760325577110052 0.768100921064615 0.772440534085035
0.902143934741616 0.901093792170286 0.90456061437726 0.903075160458684 0.898438258096576 0.902907706797123 0.909180613234639 0.9151507075876 0.92110849916935 0.927034303545952 0.929382309317589 0.92815251648426 0.92536399513483 0.921975962817669 0.921640085056424 0.921301003545523 0.920048210769892 0.919709509238601 0.920807236805558 0.918696597218513 0.914544269442558 0.912805315107107 0.910978198051452 0.899446845054626 0.894013866782188 0.90443666279316 0.906130444258451 0.899095211178064 0.899091448634863 0.901792097836733 0.899710988625884 0.896935254335403 0.892092794179916 0.888832792639732 0.888059511780739 0.884382618591189 0.878857972100377 0.87951735407114 0.880989111959934 0.875245563685894 0.871130535379052 0.871249658986926 0.858862781897187 0.833969904109836 0.807830929756164 0.78121268749237 0.773753143846988 0.765984075143933 0.751032469794154 0.740574445575476 0.737177763134241 0.744635241106152 0.758999912068248 0.761272570118308 0.761245833709836 0.763242235407233 0.764787206426263 0.765158457681537
0.903822077438235 0.90322657302022 0.902886670082807 0.90529896505177 0.909462658688426 0.914761792868376 0.920323768630624 0.926493553444743 0.930454799905419 0.928673846647143 0.927093656733632 0.925714230164886 0.924118399620056 0.922439336776733 0.922095078974962 0.92156763933599 0.919731700792909 0.918068313971162 0.916676079854369 0.915824450552464 0.915316842496395 0.911491202190518 0.906716533005237 0.897089682519436 0.89222501963377 0.899742044508457 0.900429176166654 0.894286414608359 0.894615698605776 0.89743423089385 0.889432242140174 0.882080849260092 0.881164941936731 0.879573065787554 0.876918952912092 0.874499870464206 0.872230352833867 0.872082071378827 0.872206086292863 0.869746936485171 0.868174191564321 0.86890609934926 0.854031590744853 0.8235506657511 0.802829518914222 0.785862132906913 0.774733640253544 0.763993863016367 0.753480341285467 0.749064568430185 0.754230972379446 0.756580473855138 0.757137401029467 0.764675084501505 0.773018401116133 0.771322909742594 0.770056432113051 0.7699053902179
0.905491430312395 0.903965201228857 0.901719722896814 0.902529496699571 0.905283521860838 0.910920977592468 0.917050393298268 0.921739464625716 0.92548374645412 0.926771575585008 0.927150839939713 0.926621539518237 0.923749981448054 0.919977555051446 0.92106294631958 0.922489026561379 0.92418978177011 0.923289796337485 0.918302932754159 0.915297713130713 0.913553539663553 0.906735576689243 0.898773925378919 0.888620456680655 0.883884388953447 0.893233563750983 0.896441653370857 0.893508657813072 0.89243484288454 0.892076097428799 0.886659601703286 0.882600877434015 0.886818584054708 0.88829804584384 0.885474551469087 0.881493832916021 0.876776698976755 0.868465740233659 0.859865551814437 0.858567463234067 0.855842253193259 0.849406527355313 0.830714430660009 0.799765963107348 0.789526704698801 0.787252526730299 0.781653558835387 0.77539904974401 0.766844714060426 0.763844525441527 0.769572282209992 0.772609451785684 0.773934429511428 0.772764477878809 0.771407311782241 0.775350259616971 0.777650913223624 0.775681601837277
0.901112144812942 0.899524513632059 0.899883326143026 0.902299961075187 0.906026119366288 0.910486644133925 0.915136503055692 0.92050819657743 0.924541579559445 0.925095355138183 0.924224643036723 0.921929443255067 0.921984031796455 0.922942385077476 0.924284264445305 0.926202250644565 0.930887969210744 0.930961156263947 0.923786079511046 0.917956398800015 0.912982879206538 0.90642406232655 0.899388821795583 0.889644389972091 0.884475536644459 0.891203187406063 0.891695071011781 0.885951187461614 0.884545601904392 0.884808592498302 0.885857919231057 0.887131163850426 0.889292722567916 0.887588009238243 0.879807725548744 0.875190671533346 0.872586581856012 0.866786416620016 0.8606937546283 0.860495304688811 0.856831477954983 0.844157671555877 0.824633536860347 0.798259073868394 0.791586695238948 0.792492041364312 0.787286903709173 0.781478876248002 0.774453600868583 0.77371871843934 0.78286873921752 0.783530844375491 0.778791548684239 0.776702946051955 0.77529470808804 0.776440313085914 0.77826951816678 0.78187608346343
0.899520458653569 0.898324590176344 0.897795457392931 0.900244722142815 0.904589330777526 0.908957855775952 0.913318386301398 0.917461695149541 0.920875554904342 0.922392847016454 0.923658480867743 0.924672456458211 0.924337835982442 0.923484524711967 0.926276199519634 0.929575987160206 0.934344284236431 0.934897294268012 0.928826281800866 0.918867073953151 0.906433559954166 0.8997408952564 0.893879191949963 0.882624944671988 0.874922510236502 0.876454789191484 0.876034738495946 0.873662358149886 0.874190788716078 0.875834915786982 0.87518934905529 0.875034306198358 0.87800532206893 0.876212637871504 0.866934139281511 0.857553092762828 0.848106788471341 0.843256505206227 0.839396575465798 0.836746184155345 0.830722086131573 0.815926350653172 0.798305427655577 0.777859317138791 0.771728679537773 0.771103993058205 0.776477728039026 0.783440552651883 0.796584583818912 0.803031615912914 0.798954792320728 0.791243612766266 0.781219661235809 0.784257899969816 0.789517913013697 0.788136642426252 0.789405915886164 0.7975666038692
0.90147658996284 0.900135912001133 0.901575051248073 0.90428945235908 0.90781538374722 0.909169061109424 0.910337880253792 0.915749773383141 0.919989345595241 0.921180883422494 0.922691252082586 0.924520451575518 0.924689512699842 0.924220059067011 0.926776541396976 0.929824570193887 0.934440350160003 0.93447808548808 0.927321750670671 0.917281882837415 0.905407039448619 0.899454625323415 0.894485924392939 0.886104088276625 0.878573862835765 0.873257825151086 0.871607076376676 0.873621616512537 0.873810803517699 0.873297931626439 0.873476654291153 0.874271605163813 0.87794428691268 0.873978914692998 0.858010886237025 0.849274976179004 0.845141323283315 0.839617056772113 0.833622364327311 0.824358517304063 0.81576151587069 0.808898312970996 0.797803590074181 0.782477347180247 0.777461711317301 0.776411693543196 0.77678868919611 0.779745701700449 0.795183088630438 0.805567476898432 0.808011438697577 0.80323744006455 0.793870193883776 0.789441760629415 0.786438589915633 0.790872918441892 0.796196389943361 0.80383163318038
0.909615090116858 0.909142008051276 0.909600565209985 0.91045056656003 0.911549668759107 0.914631677791476 0.918014215305447 0.919763853773475 0.922033505514264 0.925655191764235 0.927788235247135 0.928432635962963 0.927041333168745 0.924867067486048 0.926836289465427 0.929588984698057 0.93504037335515 0.936392126604914 0.931301595643163 0.92447979748249 0.916556283831596 0.903589211404324 0.890324862673878 0.889154916629195 0.885008761659264 0.873124463483691 0.871448015794158 0.879979418590665 0.8757542707026 0.866622757166624 0.877495460212231 0.886724159121513 0.881849244236946 0.875728173181415 0.867648856714368 0.86360970325768 0.862141562625766 0.851178709417581 0.838475625962019 0.828470651060343 0.817878933623433 0.805761685594916 0.795871442183852 0.788208203390241 0.784000357612967 0.78112150914967 0.782002368941903 0.787804484367371 0.817107081413269 0.831622932106256 0.822902467101812 0.811424948275089 0.79819294065237 0.795745732262731 0.795458490028977 0.795222355052829 0.796861745417118 0.803377501666546
0.91691829264164 0.914974180981517 0.913154335692525 0.913852846249938 0.916153946891427 0.917451817542314 0.918613014742732 0.920861745253205 0.924180872738361 0.930283032357693 0.933751530945301 0.934586368501186 0.932961048558354 0.930389514192939 0.931950954720378 0.933577323332429 0.9343127515167 0.932953542098403 0.928302759304643 0.922877775505185 0.916960118338466 0.907793272286654 0.898396641016006 0.896140903234482 0.890573494136333 0.876395739614963 0.87289178557694 0.880061632022262 0.872142501175404 0.858419917523861 0.858386542648077 0.8599205147475 0.865264983847737 0.869849698618054 0.873240513727069 0.871690977364778 0.866997580975294 0.857057811692357 0.845885472372174 0.831597110256553 0.820058524608612 0.815669357776642 0.810087798163295 0.803313845768571 0.792741261422634 0.780707664787769 0.783614359796047 0.79075144417584 0.814646271988749 0.827595930546522 0.82334603741765 0.817733250558376 0.811253167688846 0.807904284447432 0.805065635591745 0.800254892557859 0.798100430518389 0.802852299064398
0.928103471174836 0.926818124949932 0.926249630749226 0.926922611892223 0.928385622799396 0.929362120106816 0.930187486112118 0.93009776622057 0.931515038013458 0.936850488185883 0.940458981320262 0.942340517416596 0.941235644742846 0.938982153311372 0.93671590089798 0.934984758496284 0.935932919383049 0.9328936021775 0.923588247969746 0.917282026261091 0.912884343415499 0.908434553071856 0.903912210837007 0.898333651944995 0.89189476519823 0.88321902602911 0.874575607478619 0.865964509546756 0.863132683560252 0.862523654475808 0.86134554259479 0.860796801745891 0.863562293350696 0.868189215660095 0.875741243362427 0.879396859556437 0.880572941154241 0.871125183999538 0.8593784943223 0.844671003520489 0.832713345065713 0.827905250713229 0.820356911048293 0.810068326070905 0.798710336908698 0.786941038444638 0.784776864573359 0.78831278719008 0.817524155601859 0.83356568403542 0.828911749646068 0.824205588549375 0.819466192275286 0.815834324806929 0.812334857881069 0.807320602238178 0.803941423073411 0.804813442751765
0.929398199543357 0.93275442160666 0.932516610249877 0.931714918464422 0.930554393678903 0.930272292345762 0.930055951699615 0.927970902994275 0.928441682830453 0.935557616874576 0.939386185258627 0.939927387982607 0.939664212986827 0.939091661944985 0.938402235507965 0.937175884842873 0.933299288153648 0.929745512083173 0.926699025556445 0.921573612838983 0.915125247091055 0.911090310662985 0.9072325527668 0.898181170225143 0.889885425567627 0.883554339408874 0.874198760837316 0.861818689852953 0.858811160549522 0.859408454969525 0.856090946123004 0.854282695800066 0.861172150820494 0.866871919482946 0.870702181011438 0.872491093352437 0.872980965301394 0.866200122982263 0.857964344322681 0.849715076386928 0.841177638620138 0.83189095929265 0.82487921230495 0.820142397657037 0.8083087336272 0.793745512142777 0.788394263014197 0.789070369675756 0.817173851653933 0.832709155976772 0.828494466841221 0.826695565134287 0.82643398270011 0.82161764614284 0.815836999565363 0.809149246662855 0.804619638249278 0.805701205506921
