data/dis.20102014.winter.merlangus_min.asc
NCOLS 320 
NROWS 120 
XLLCORNER 2 
YLLCORNER 53 
CELLSIZE 0.025 
NODATA_value -9999 
[rows 25 to 49 of 120, columns 174 to 231 of 320]
0.984498992562294 0.982458956539631 0.98146640509367 0.979165829718113 0.976032875478268 0.973539823666215 0.971305128186941 0.971286822110415 0.97106483578682 0.970313280820847 0.969289314001799 0.967992935329676 -9999 -9999 -9999 -9999 -9999 -9999 -9999 -9999 -9999 -9999 -9999 -9999 -9999 -9999 -9999 -9999 -9999 -9999 -9999 -9999 -9999 -9999 -9999 -9999 -9999 -9999 -9999 -9999 -9999 -9999 -9999 -9999 -9999 -9999 -9999 -9999 -9999 -9999 -9999 -9999 -9999 -9999 -9999 -9999 -9999 -9999
0.988413017243147 0.985969215631485 0.982920616865158 0.979718308895826 0.976418185979128 0.97467178851366 0.973252072930336 0.972103282809258 0.97106483578682 0.970313280820847 0.969289314001799 0.967992935329676 0.966556767001748 0.965066833421588 0.958587134256959 0.951097708195448 0.940027225762605 -9999 -9999 -9999 -9999 -9999 -9999 -9999 -9999 -9999 -9999 -9999 -9999 -9999 -9999 -9999 -9999 -9999 -9999 -9999 -9999 -9999 -9999 -9999 -9999 -9999 -9999 -9999 -9999 -9999 -9999 -9999 -9999 -9999 -9999 -9999 -9999 -9999 -9999 -9999 -9999 -9999
0.989022616297007 0.987422496080399 0.984318107366562 0.981792125850916 0.979634221643209 0.977147243916988 0.974659644067287 0.973280318081379 0.971881359815597 0.970431357622147 0.969093237072229 0.967866998165846 0.966493560001254 0.965063506737352 0.958587134256959 0.951097708195448 0.940027225762605 0.931689968332648 0.927647778764367 0.920259207487106 0.910741120576859 0.903592318296432 -9999 -9999 -9999 -9999 -9999 -9999 -9999 -9999 -9999 -9999 -9999 -9999 -9999 -9999 -9999 -9999 -9999 -9999 -9999 -9999 -9999 -9999 -9999 -9999 -9999 -9999 -9999 -9999 -9999 -9999 -9999 -9999 -9999 -9999 -9999 -9999
0.987423956394195 0.986159414052963 0.985546261072159 0.983534255996346 0.98063207231462 0.978255461901426 0.975986011326313 0.973751328885555 0.971857734024525 0.970850966870785 0.969677936285734 0.968338642269373 0.966991890221834 0.965642269700766 0.961367661133409 0.955847719684243 0.944961404427886 0.935632722452283 0.928751749917865 0.920259207487106 0.910741120576859 0.903592318296432 0.897288203239441 -9999 -9999 -9999 -9999 -9999 -9999 -9999 -9999 -9999 -9999 -9999 -9999 -9999 -9999 -9999 -9999 -9999 -9999 -9999 -9999 -9999 -9999 -9999 -9999 -9999 -9999 -9999 -9999 -9999 -9999 -9999 -9999 -9999 -9999 -9999
0.987411983311176 0.986722122877836 0.986958492547274 0.984655894339085 0.980737589299679 0.978940632194281 0.977548474445939 0.975825322791934 0.973941331729293 0.971639158204198 0.969829522073269 0.968512423336506 0.967501781880855 0.966609008610249 0.962121786549687 0.95651738345623 0.946384266018867 0.936779104173183 0.928003586828708 0.92036746814847 0.913456421345472 0.908432001248002 0.903862290084362 0.900608099997044 0.89678711630404 0.891492469236254 0.886516988277435 0.881860673427582 0.880567252635956 -9999 -9999 -9999 -9999 -9999 -9999 -9999 -9999 -9999 -9999 -9999 -9999 -9999 -9999 -9999 -9999 -9999 -9999 -9999 -9999 -9999 -9999 -9999 -9999 -9999 -9999 -9999 -9999 -9999
0.989703012630343 0.989237884059548 0.987248858436942 0.986432608217001 0.986362669616937 0.982907531782985 0.978914711624384 0.977290969341993 0.975411644205451 0.972867803648114 0.970771472901106 0.969122651964426 0.96803817152977 0.967170745134354 0.961986782029271 0.955764554440975 0.945620574057102 0.940807612612844 0.944371966645122 0.935325670987367 0.918254416435957 0.90975614450872 0.903373630717397 0.903810864314437 0.902960646897554 0.898763056844473 0.893545808270574 0.887308901175856 0.900201722979545 0.920452132821083 0.888914139941334 0.851324221119285 0.798706555739045 0.771031375974417 0.782551530748606 0.766502622514962 0.732909765094518 0.727396311238408 -9999 -9999 -9999 -9999 -9999 -9999 -9999 -9999 -9999 -9999 -9999 -9999 -9999 -9999 -9999 -9999 -9999 -9999 -9999 -9999
0.988854670897126 0.987721608951688 0.98420144431293 0.983685042709112 0.985080126672983 0.98309825360775 0.980515686795115 0.979202980175614 0.977390795946121 0.974279969930649 0.970949353650212 0.967398947104811 0.966025680303573 0.965489774942398 0.961743073537946 0.956832697615027 0.947048300877213 0.942630426958203 0.946645660325885 0.938457505777478 0.922503558918833 0.916407205164433 0.912321815267205 0.908906994387507 0.905906146392226 0.903981627896428 0.899367356672883 0.892063332721591 0.901717394590378 0.917893797159195 0.890230115503072 0.855914760380984 0.801235180348157 0.772022442892194 0.782829029485583 0.766502622514962 0.732909765094518 0.727396311238408 0.726885363459587 0.715947046875954 0.706688072532415 0.701795388013124 0.697318010032177 0.693255938589573 -9999 -9999 -9999 -9999 -9999 -9999 -9999 -9999 -9999 -9999 -9999 -9999 -9999 -9999
0.989535611122847 0.98907215334475 0.988772382959723 0.98736622184515 0.985255993902683 0.983289683237672 0.981384994462132 0.980038559064269 0.977828778326511 0.973374299705029 0.96974329277873 0.966935757547617 0.964849278330803 0.963040128350258 0.960815185680985 0.95757108181715 0.949353463947773 0.945461856201291 0.948368264362216 0.940694902092218 0.926288958638906 0.919357744976878 0.913922488689422 0.90850442647934 0.903161084279418 0.898012014105916 0.894699905067682 0.893224757164717 0.88710124604404 0.879189902916551 0.873965648934245 0.866209153085947 0.845001127570867 0.829210422933102 0.821932651102543 0.815096849575639 0.808542301878333 0.771866686642169 0.73080494813621 0.717590743675828 0.706688072532415 0.701795388013124 0.697318010032177 0.693255938589573 0.686194188892841 0.677978716790676 0.678537638857961 0.677223149687051 0.66396090015769 -9999 -9999 -9999 -9999 -9999 -9999 -9999 -9999 -9999
0.989510847255588 0.988783825188875 0.988323222845793 0.987109031528234 0.985415283590555 0.983554316684604 0.981659295037389 0.979753887280822 0.97730478271842 0.973442066460848 0.96951144002378 0.965512903407216 0.962902069091797 0.960824966430664 0.958881078287959 0.955787865445018 0.946908848360181 0.943224662914872 0.947703784331679 0.942586714401841 0.93136297725141 0.922128908336163 0.913611249998212 0.910507699474692 0.907636066898704 0.905367420986295 0.90161313302815 0.896373203024268 0.888049328699708 0.878539321944118 0.874504504725337 0.87046443298459 0.864787738770246 0.863633923232555 0.869587488472462 0.868299797177314 0.862404033541679 0.819770472124218 0.770779568701982 0.738622363656759 0.71232470497489 0.70126186683774 0.693895464763045 0.690225498750806 0.68445953540504 0.677887419238686 0.678537638857961 0.677223149687051 0.66396090015769 0.655856192111969 -9999 -9999 -9999 -9999 -9999 -9999 -9999 -9999
0.990662161260843 0.990526227280498 0.990372570231557 0.988778959959745 0.986269015818834 0.983660584315658 0.981080221012235 0.979311874136328 0.97691678442061 0.972892163321376 0.96908319182694 0.965489869937301 0.962222957983613 0.959081588312983 0.957718808203936 0.955490747466683 0.948413169011474 0.942322488874197 0.937782648950815 0.939232407137752 0.944493727758527 0.941048597916961 0.935233758762478 0.918735792860389 0.907095680013299 0.90808598510921 0.906190048903227 0.901407871395349 0.891244675964117 0.879011858254671 0.86990706436336 0.862376142293215 0.861794572323561 0.860511660575867 0.858126640319824 0.86804573237896 0.885794714093208 0.865801326930522 0.83707669749856 0.788245003670454 0.749746771529317 0.738115539774299 0.728058345615864 0.719575189054012 0.708906998857856 0.697398411110043 0.690873667597771 0.683662386611104 0.671552581712604 0.66855663433671 0.67988246306777 0.677102020010352 0.665344858542085 0.673324843868613 0.683909196406603 0.671661492437124 0.662815928459167 -9999
0.991231080144644 0.990984277799725 0.990910751745105 0.989156423136592 0.986332492902875 0.982819765806198 0.979340808466077 0.978777846321463 0.977559549733996 0.974637383595109 0.971466006711125 0.968045419082046 0.964426031336188 0.960730182006955 0.95661667175591 0.952418852597475 0.947922330349684 0.942938650026917 0.937189435586333 0.938318042084575 0.943823443725705 0.942672384902835 0.939199943095446 0.918895956128836 0.904168849810958 0.903941633179784 0.903109779581427 0.901673289015889 0.895516373217106 0.88754390925169 0.874538045376539 0.864702625200152 0.872199835255742 0.874167827889323 0.86744705028832 0.874687420204282 0.89081215672195 0.879921628162264 0.862771401181817 0.831058202311396 0.801205096766352 0.776188233867288 0.752809345722198 0.731068432331085 0.723274884745479 0.720845708623528 0.71849968470633 0.712657688185572 0.689311372116208 0.679068947210908 0.689418351277709 0.682416809722781 0.664373757317662 0.665806978940964 0.670379728078842 0.662105113267898 0.653558803722262 0.644306087866425
0.9916414283216 0.991459652781486 0.991333320736885 0.990470446646213 0.98913886398077 0.984010670334101 0.978679595515132 0.982808018103242 0.984138431027532 0.978194018825889 0.973452392965555 0.969913553446531 0.965190775692463 0.960012637078762 0.95597443729639 0.951626297086477 0.945393178611994 0.940163165330887 0.9365094602108 0.933153441175818 0.929986858740449 0.931793566793203 0.934230118989944 0.930464833974838 0.926811195909977 0.923447839915752 0.916484909132123 0.905922403559088 0.894118256866932 0.88183655589819 0.87478999234736 0.870289094746113 0.876976780593395 0.878904260694981 0.873351417481899 0.866845032200217 0.859731847420335 0.850359600037336 0.840401839464903 0.828171167522669 0.816406240686774 0.805852251127362 0.785695718601346 0.755936643108726 0.759817937389016 0.776637835428119 0.766237862408161 0.755344562232494 0.749990470707417 0.72852928750217 0.681756960228085 0.651034602895379 0.630525862798094 0.637881502509117 0.650268072262406 0.653441561385989 0.657923186197877 0.665805963799358
0.991187108680606 0.990996794775128 0.990935070440173 0.98886539414525 0.985517930239439 0.981095543131232 0.977001184597611 0.982138050720096 0.984398806467652 0.979181675240397 0.975073939189315 0.972075598314404 0.966299092397094 0.959454061463475 0.955650355666876 0.951635306701064 0.94566903449595 0.941243080422282 0.93923762626946 0.933663319796324 0.925817925482988 0.929389521479606 0.934804728254676 0.932743551209569 0.930476374924183 0.927673600614071 0.918472466990351 0.902872974053025 0.893757294863462 0.88713539019227 0.877197086811065 0.870717456564307 0.882506603375077 0.888923855498433 0.886899558827281 0.880476867780089 0.8712551984936 0.867526050657034 0.864537304267287 0.855460809543729 0.845291510224342 0.832280918955803 0.813420077785849 0.788708986714482 0.787496481090784 0.795321892946959 0.778203764930367 0.762880494818091 0.763867849484086 0.744925597682596 0.69466539286077 0.667149970307946 0.654108500108123 0.656046887859702 0.660668104887009 0.65996590256691 0.660902651026845 0.666100671514869
0.9885807428509 0.987187352031469 0.987020049244165 0.985390152782202 0.982829514890909 0.982256533578038 0.982166890054941 0.983535956591368 0.984717333689332 0.985410718247294 0.984978815540671 0.983421625569463 0.973641738295555 0.960699275135994 0.956489250063896 0.95211048796773 0.944319676607847 0.93904696777463 0.937731277197599 0.934521881863475 0.930107401683926 0.932359160855412 0.935558816418052 0.932207496836782 0.929205311462283 0.927110875025391 0.918970186263323 0.904783245176076 0.893574455752969 0.883511109277606 0.874709263443947 0.870381971821189 0.888056421652436 0.897548511624336 0.894182607531547 0.898557873442769 0.907859338447452 0.892533821985125 0.874087965115905 0.886328058317304 0.893481649458408 0.887410335242748 0.872457958757877 0.848624520003796 0.829874383285641 0.813079362735152 0.799864510074258 0.785094015300273 0.761492319405079 0.739727919921279 0.720850700512528 0.699806595221162 0.677383562549948 0.669918958097696 0.664131201803684 0.63599120825529 0.620436735451222 0.637604616582394
0.988812999799848 0.987361462786793 0.987214712426066 0.98598244972527 0.98405940644443 0.98321296274662 0.982687816023826 0.983964279294014 0.984980437904596 0.985319804400206 0.984538359567523 0.982636103406548 0.975293431431055 0.965858291834593 0.961166026070714 0.956149624660611 0.948117582127452 0.94157799333334 0.937383688986301 0.932572498917579 0.927368745207786 0.929106632247567 0.93193693459034 0.929736718535423 0.927377311512828 0.924604007974267 0.918001901358366 0.907570991665125 0.893978603184223 0.879170261323452 0.873600300401449 0.872044540941715 0.887842617928982 0.895548887550831 0.890539459884166 0.892312537878752 0.898401755839586 0.883399758487939 0.8661024030298 0.881494091823697 0.889080459252 0.876372991129756 0.85895331762731 0.836821438744664 0.815324194729328 0.794071041047573 0.790796210989356 0.783541293814778 0.751098198816181 0.720742439851165 0.693666780367493 0.667499279603362 0.641909698024392 0.633150223642588 0.627551149576902 0.61845651641488 0.617328882217407 0.636915445327759
0.987620063126087 0.98611014150083 0.98486495949328 0.983847800642252 0.982975747436285 0.981743803247809 0.980510275810957 0.980473462492228 0.980140237137675 0.979036340489984 0.977970531210303 0.976942809298635 0.973556945100426 0.969264103099704 0.965874282643199 0.96280494146049 0.961072402074933 0.954379945993423 0.939893335103988 0.929763238877058 0.92240547016263 0.926619198173284 0.932497160509229 0.927324017509818 0.92425811290741 0.926671028137207 0.923399554565549 0.914443692192435 0.907076220959425 0.900319669395685 0.894698686897754 0.890037219971418 0.889839340001344 0.892287366092205 0.898893244564533 0.890725316479802 0.873155875131488 0.879213761538267 0.889406701549888 0.889562638476491 0.887294827029109 0.878725269809365 0.863989900797605 0.84308871999383 0.827478116378188 0.813902350142598 0.809692954644561 0.801272064447402 0.769038885831833 0.733046598732472 0.69114714115858 0.67438786663115 0.673626890406013 0.654111964628101 0.632022395730019 0.629927322268486 0.633365981280804 0.651192344725132
0.987579522654414 0.986388500779867 0.985669199377298 0.984132628887892 0.982075978070498 0.980411125347018 0.978896358981728 0.978600947186351 0.978272100910544 0.977856324985623 0.977151457220316 0.976157497614622 0.973199751228094 0.969486702233553 0.968436170369387 0.966954797506332 0.962536126375198 0.953740308061242 0.938066115602851 0.927956966683268 0.921389209106564 0.926120061427355 0.932355720549822 0.925757821649313 0.921814443543553 0.924772819504142 0.917722867801785 0.900664588436484 0.894723013043404 0.893057093024254 0.888723431155085 0.88432533480227 0.880389695987105 0.880928680300712 0.888499215245247 0.87629797682166 0.85151470080018 0.865384319797159 0.88570074737072 0.884193077683449 0.88105603121221 0.873682605102658 0.858565457165241 0.83570458739996 0.820627553388476 0.808544302359223 0.804623709991574 0.792728688567875 0.738560739904643 0.701908616349101 0.692781360819936 0.682838086038828 0.672375526279211 0.654985602945089 0.637099958956241 0.634340099990368 0.636646337807179 0.652124427258969
0.986921491101384 0.985173651948571 0.983442654833198 0.981608085334301 0.979707606136799 0.97813762538135 0.976814445108175 0.97856317833066 0.978813916444778 0.975169867277145 0.973147917538881 0.972748067229986 0.97153521887958 0.970009678974748 0.967890357598662 0.964116735383868 0.952246250584721 0.940726736560464 0.929758748039603 0.922049611806869 0.91641429066658 0.918994072824716 0.922935392707586 0.922091502696276 0.922801235690713 0.927550388500094 0.920144909992814 0.900584800168871 0.890942685306072 0.885115183889866 0.881530100479722 0.878830719739199 0.879900317639112 0.87707132101059 0.868115961551666 0.859750647097826 0.851760815829038 0.845834692940116 0.841545021161437 0.858058409765363 0.867004411295056 0.856275206431746 0.836467059329152 0.807579969987273 0.804945901036263 0.812409147620201 0.805540323257446 0.791083529591559 0.742902204394341 0.713016094639897 0.711879609152675 0.698347015306354 0.676925988867879 0.680869244039058 0.689044836908579 0.682931613177061 0.677598316222429 0.674292828887701
0.985679302364588 0.983445575460792 0.98097194172442 0.978710021823645 0.976582828909159 0.975083468481898 0.973876196891069 0.975499805063009 0.975755849853158 0.97245622985065 0.970907438546419 0.971109475940466 0.970286881551147 0.969070198014379 0.966891311109066 0.96357536315918 0.954857110977173 0.943407837301492 0.927666958421469 0.919732876121998 0.916766755282879 0.919383624568581 0.922754716128111 0.919965419918299 0.919015662744641 0.922848707064986 0.915934978052973 0.898274475708603 0.889309698715806 0.883689431473613 0.875242242589593 0.867747999727726 0.865849934518337 0.859667595475912 0.84675282612443 0.842094814404845 0.842691102996468 0.839281400665641 0.836086567491293 0.850164879113436 0.856890007853508 0.844496861100197 0.826758708804846 0.803675550967455 0.80146168358624 0.807274466380477 0.80037734284997 0.788797782734036 0.757544247433544 0.734285956248641 0.723591620102525 0.703612014651299 0.677723601460457 0.683076832443476 0.693647718057036 0.686697142198681 0.679967997595668 0.673814574256539
0.985102515667677 0.982379524037242 0.978611322119832 0.976917272433638 0.976543137803674 0.974277794361114 0.9716971591115 0.970186673104763 0.969725927338004 0.971994506195188 0.972886122763157 0.972400777041912 0.970850264653563 0.968890072777867 0.965694725513458 0.961951663717628 0.955833310261369 0.946313546970486 0.931448711082339 0.920291848480701 0.911494605243206 0.908085053786635 0.905487421900034 0.898374270647764 0.893142726272344 0.892803359776735 0.893396278843284 0.89492148347199 0.891804572194815 0.88690223172307 0.873702403157949 0.860725624486804 0.851304532960057 0.841449832543731 0.830913746729493 0.821260372176766 0.812168722972274 0.810571109876037 0.810483563691378 0.810587432235479 0.807841621339321 0.797686643898487 0.786488169804215 0.774246199056506 0.774401800706983 0.779325699433684 0.780162220820785 0.778080619871616 0.762610577046871 0.746056590229273 0.727799262851476 0.709574328735471 0.691370008513331 0.683278705924749 0.676058819517493 0.649268748238682 0.631729885935783 0.638244166970253
0.984165206551552 0.981349732726812 0.976751420646906 0.974881764501333 0.974748525768518 0.971960039809346 0.968733765184879 0.967092923820019 0.966487508267164 0.968574199825525 0.9696074873209 0.969587370753288 0.968790166079998 0.967694081366062 0.964501617476344 0.960579417645931 0.953625120222568 0.94434704631567 0.931417323648929 0.920424476265907 0.910664185881615 0.90792977437377 0.906370371580124 0.90089812874794 0.896865356713533 0.896575208753347 0.898298192769289 0.902034308761358 0.89666460454464 0.88779266178608 0.877726126462221 0.866605257615447 0.850564071908593 0.834463573992252 0.818269871175289 0.810906231403351 0.809161722660065 0.807442834600806 0.805712075904012 0.80369240604341 0.799837043508887 0.791208880022168 0.780653214082122 0.768170045688748 0.768841318786144 0.774571992456913 0.782390717417002 0.785647550597786 0.765480792149902 0.747144836932421 0.731685858219862 0.718094829469919 0.705692496150732 0.692183919250965 0.677998878061771 0.656075172126293 0.640218632295728 0.640136724337935
0.979824127629399 0.976641237735748 0.971983850002289 0.968304632231593 0.965247886255383 0.96526151522994 0.965676197782159 0.962469516322016 0.960205351933837 0.960391731932759 0.960741307586432 0.961254078894853 0.961248613893986 0.961043827235699 0.959642484784126 0.957078158855438 0.949050843715668 0.940394029021263 0.930748000741005 0.921747891232371 0.913158820942044 0.908282095566392 0.904257357120514 0.902094423770905 0.89944832958281 0.895546017214656 0.897256009280682 0.904578305780888 0.897121205925941 0.883979722857475 0.896452728658915 0.902957107871771 0.872084680944681 0.84728491678834 0.832027908414602 0.820885766297579 0.812362175434828 0.807315928861499 0.802957531064749 0.798469591885805 0.792613344267011 0.783199494704604 0.77431033551693 0.765945866703987 0.75962470471859 0.754089429974556 0.764728525653482 0.772840710356831 0.763561172410846 0.742133792489767 0.701616946607828 0.686982706189155 0.688819214701653 0.682538269087672 0.674011182039976 0.654899034649133 0.641379218548536 0.642399463802576
0.974438050761819 0.970790131017566 0.96538014896214 0.9622488822788 0.960567707195878 0.960855133831501 0.961257250979543 0.95691586099565 0.953701641410589 0.95341806486249 0.953867100179195 0.955048747360706 0.955095514655113 0.954705789685249 0.953140692785382 0.950683644041419 0.944112533703446 0.936050768941641 0.925646547228098 0.919476438313723 0.916000764816999 0.909646801650524 0.903102476149797 0.903108175843954 0.902374256402254 0.899717327207327 0.901073016226292 0.906441323459148 0.89544864743948 0.878163285553456 0.88642705604434 0.891821067780256 0.875351835042238 0.859207196161151 0.843572633340955 0.832760281860828 0.825016610324383 0.817113319411874 0.809389403089881 0.805257560685277 0.79964711330831 0.790192293003202 0.783678816631436 0.780106684193015 0.772785268723965 0.764021821320057 0.771335849538445 0.777265151962638 0.771542156115174 0.751870268955827 0.710278695449233 0.693182963877916 0.691675495356321 0.685944693163037 0.678574429824948 0.657692661508917 0.643377518281341 0.646135600283742
0.969452947378158 0.966815607622266 0.962506337091327 0.957712151110172 0.95260938256979 0.952429585158825 0.9528245665133 0.946252685040235 0.942413369193673 0.945678723976016 0.948385978117585 0.95053513161838 0.951131561771035 0.951130790635943 0.9493622276932 0.946735585108399 0.940338483080268 0.93264839053154 0.92292645573616 0.916990598663688 0.91346406377852 0.909015100449324 0.904342859983444 0.899011164903641 0.895030707120895 0.894563466310501 0.894161721691489 0.89382547326386 0.888788098469377 0.88194259814918 0.871550178155303 0.863518135622144 0.868331192061305 0.864242253825069 0.846164466813206 0.838985936716199 0.838743297383189 0.826669070869684 0.812975101172924 0.811972893774509 0.809414865449071 0.80281170271337 0.794584663584828 0.784733748063445 0.772291263565421 0.758852021768689 0.768971420824528 0.780996585264802 0.795621564611792 0.786328794434667 0.739450989291071 0.706008765846491 0.681116458028555 0.678291577845812 0.679076559841633 0.666199944913387 0.656811077147722 0.656490352004766
0.971912203356624 0.967595528811216 0.962654162198305 0.956773042678833 0.950293898582458 0.950117498636246 0.950767574831843 0.944038415327668 0.940032722428441 0.943108042702079 0.944573551416397 0.944429248571396 0.946138266474009 0.94856010004878 0.948688756674528 0.947439204901457 0.939973074942827 0.933573769405484 0.928850902244449 0.921870321035385 0.913453012704849 0.909879913553596 0.907054048031568 0.900460842996836 0.89548858627677 0.894730795174837 0.892866760492325 0.889896482229233 0.885822584852576 0.881324218586087 0.872343422845006 0.866825794801116 0.879942366853356 0.881465755403042 0.864771284162998 0.854592202231288 0.848559277132153 0.83302272669971 0.816515712067485 0.815823132172227 0.814093086868524 0.809665631502867 0.803917272016406 0.796848008409142 0.780390245839953 0.760321522131562 0.767192371189594 0.778213143348694 0.8020601272583 0.801908913999796 0.764046248048544 0.729523858055473 0.697127098217606 0.685955384746194 0.678373478353023 0.659653134644031 0.646523566916585 0.647930016741157
