data/dis.20102014.winter.sprattus_all.asc
NCOLS 320 
NROWS 120 
XLLCORNER 2 
YLLCORNER 53 
CELLSIZE 0.025 
NODATA_value -9999 
[rows 50 to 74 of 120, columns 232 to 289 of 320]
0.881951471790671 0.880715074017644 0.870581317692995 0.857025500386953 0.836490977555513 0.816759631037712 0.803096726536751 0.779024966061114 0.738596431910993 0.708544109016655 0.685094829648733 0.684812376275659 0.685461219400165 0.623174894601107 0.575476871803402 0.565708434209227 0.542325698770581 0.505328665487466 0.512426829896867 0.536484685726466 0.52948023751378 0.520421350374818 0.510226240381598 -9999 -9999 -9999 -9999 -9999 -9999 -9999 0.496774660889059 0.504449005704373 0.504449005704373 0.49677466088906 -9999 -9999 -9999 -9999 -9999 -9999 -9999 -9999 -9999 -9999 -9999 -9999 -9999 -9999 -9999 -9999 -9999 -9999 -9999 -9999 -9999 -9999 -9999 -9999
0.881433254107833 0.877590553835034 0.858807867392897 0.834279032424093 0.815273137763142 0.796545384451747 0.777583943679929 0.750478280708193 0.710574554279448 0.687991838902234 0.676431585103273 0.671570371836424 0.664907570928332 0.60484104231 0.559372436255216 0.551858428865671 0.524652355350552 0.477754215709862 0.464150131680071 0.463351453654468 0.475294299423695 0.485871255397797 -9999 -9999 -9999 -9999 -9999 -9999 -9999 -9999 -9999 0.480999618768692 0.480999618768692 -9999 -9999 -9999 -9999 -9999 -9999 -9999 -9999 -9999 -9999 -9999 -9999 -9999 -9999 -9999 -9999 -9999 -9999 -9999 -9999 -9999 -9999 -9999 -9999 -9999
0.885331068187952 0.878583770245314 0.86388136819005 0.846119310706854 0.814990267157554 0.785643000155687 0.76913608238101 0.75396915897727 0.740907941013575 0.729848999530076 0.720064233988523 0.677034297958015 0.626922240480778 0.5694476980716 0.529668629169465 0.535897791385651 0.521622790023683 0.486843625083563 0.416811133734881 0.333219670690588 0.32641320489347 -9999 -9999 -9999 -9999 0.451392279937863 0.43265420012176 0.426896349526942 0.4242969667539 0.431258757598698 0.441304311156272 0.459367647767066 -9999 -9999 -9999 -9999 -9999 -9999 -9999 -9999 -9999 -9999 -9999 -9999 -9999 -9999 -9999 -9999 -9999 -9999 -9999 -9999 -9999 -9999 -9999 -9999 -9999 -9999
0.895349852740765 0.888733245432377 0.872609222307801 0.852828500792384 0.820504019036889 0.788905087858439 0.764623250812292 0.746654467657208 0.738606197759509 0.729706360027193 0.720264615491032 0.6733206436038 0.61782270018011 0.544414813630284 0.500309837050739 0.532392426393927 0.528153111226855 0.487591891549525 0.412994433194398 0.325306113809339 0.322597036138177 -9999 -9999 -9999 0.462843328714371 0.451392279937863 0.43265420012176 0.426896349526942 0.4242969667539 0.431258757598698 0.441304311156272 0.459367647767066 0.468399316072464 -9999 -9999 -9999 -9999 -9999 -9999 -9999 -9999 -9999 -9999 -9999 -9999 -9999 -9999 -9999 -9999 -9999 -9999 -9999 -9999 -9999 -9999 -9999 -9999 -9999
0.882490959018469 0.872962612658739 0.867801742628217 0.864320671185851 0.822699209675192 0.780495472252369 0.746598117053509 0.728976702317596 0.736931765452027 0.715703040361402 0.675902813673019 0.646445240825414 0.617439195513723 0.560944095253945 0.523170730099083 0.534073876217008 0.51874630898237 0.477188028395173 0.420387723483145 0.357725101523095 0.345263248309493 -9999 -9999 0.46662420546636 0.468369225505739 0.455463993363083 0.43323587346822 0.426896349526942 0.4242969667539 0.431258757598698 0.441304311156272 0.459367647767066 -9999 -9999 -9999 0.355277866125107 -9999 -9999 -9999 -9999 -9999 -9999 -9999 -9999 -9999 -9999 -9999 -9999 -9999 -9999 -9999 -9999 -9999 -9999 -9999 -9999 -9999 -9999
0.887944184243679 0.876275904476643 0.874842707067728 0.877346079796553 0.835256375372409 0.792712824419141 0.761015651747584 0.745452404022217 0.755242466926574 0.733062429353592 0.690537782385945 0.65149975568056 0.611215098761019 0.537883219309152 0.492190954275431 0.518361686728895 0.509460206143556 0.465486512519416 0.418360602110624 0.370022300630803 0.395251946523786 0.413120493292809 0.372545912861824 0.37031445931643 0.428336490876975 0.429307503625751 0.393973322585225 0.408458533696831 0.429189937189223 0.386720677837729 0.368253706023094 0.412192681804297 0.417746170423926 0.384914171881976 0.367006650194526 0.354839311912656 -9999 -9999 -9999 -9999 -9999 -9999 -9999 -9999 -9999 -9999 -9999 -9999 -9999 -9999 -9999 -9999 -9999 -9999 -9999 -9999 -9999 -9999
0.893805451691151 0.886661253869534 0.866635898128152 0.841656250879169 0.842523323372006 0.839287417009473 0.807934639975428 0.7739076372236 0.735678279772402 0.712268542498349 0.698289472609758 0.692187128588557 0.681436264887447 0.564879698678852 0.470597211271521 0.43422732874751 0.396184552460907 0.356468882411716 0.362884210422635 0.387042229995134 0.35943166911602 0.335185050033033 0.342984193004668 0.350181171670556 0.3564318921417 0.368907640688121 0.385344770736993 0.401326162740589 0.414449703879655 0.380539289675652 0.362046329304575 0.383638748899101 0.394434958696365 -9999 -9999 -9999 -9999 -9999 -9999 -9999 -9999 -9999 -9999 -9999 -9999 -9999 -9999 -9999 -9999 -9999 -9999 -9999 -9999 -9999 -9999 -9999 -9999 -9999
0.899929305538535 0.894639553502202 0.87290140427649 0.844836948439479 0.860006541013718 0.869689555838704 0.839223785325884 0.809172483161091 0.779772488400341 0.756598003208636 0.737385205924511 0.731888219714165 0.72290350683033 0.607993682846428 0.504384703934187 0.430157922208307 0.375347157008944 0.339952408336101 0.355131779797375 0.389762735925618 0.366449334658682 0.344204230234027 0.34434306807816 0.342068848200143 0.336002680473029 0.332016888540238 0.329354972112924 -9999 -9999 -9999 -9999 -9999 -9999 -9999 -9999 -9999 -9999 0.466066550463438 0.469776649028063 0.470601115375757 0.466891016811132 -9999 -9999 -9999 -9999 -9999 -9999 -9999 -9999 -9999 -9999 -9999 -9999 -9999 -9999 -9999 -9999 -9999
0.9149549305439 0.911122053861618 0.903672443702817 0.894831782206893 0.889027727767825 0.883147029206157 0.875989990308881 0.864016601815819 0.844474663957954 0.817444637417791 0.785649463534355 0.785854160785675 0.784767512232059 0.652928423136474 0.536524226889008 0.460250752046702 0.404348696582018 0.368818060494957 0.379567716270685 0.408117484301331 0.398986225947738 0.386305884458125 0.366962782107293 0.348368846811355 0.330952174030244 0.325805750209838 0.328467666637152 -9999 -9999 -9999 -9999 -9999 -9999 -9999 -9999 -9999 -9999 0.464829850941896 0.461119752377272 0.460295286029577 0.464005384594202 -9999 -9999 -9999 -9999 -9999 -9999 -9999 -9999 -9999 -9999 -9999 -9999 -9999 -9999 -9999 -9999 -9999
0.925013832747936 0.920262970030308 0.911576567217707 0.901376495137811 0.897025575861335 0.892223382368684 0.883444478735327 0.869670819491147 0.848048258572817 0.822416042909024 0.794232228770852 0.801345586776734 0.808911897242064 0.704168014228345 0.607574786990875 0.532173264771698 0.464233790524301 0.403756364248689 0.395463181659579 0.407240862026812 0.389263479039073 0.368977021425963 0.345896679908037 0.330145373009145 0.325911120511591 0.324249781202525 0.324225750286132 -9999 -9999 0.440386146306992 0.440386146306992 -9999 -9999 -9999 -9999 -9999 0.463269114494324 0.462855054065585 0.460370691493154 -9999 -9999 -9999 -9999 -9999 -9999 -9999 -9999 -9999 -9999 -9999 -9999 -9999 -9999 -9999 -9999 -9999 -9999 -9999
0.932914296165109 0.923596737906337 0.914369305595755 0.905176537111402 0.898473996669054 0.892757711932063 0.8912402857095 0.887933049350977 0.881813254207373 0.863340049982069 0.837005585432052 0.83954350836575 0.845282429829238 0.807272208854556 0.747819971293202 0.632618490606543 0.538289918564257 0.464834255166347 0.420092350803315 0.386394199915227 0.386554876342416 0.381911030970514 0.343286097981035 0.312804643996061 0.295120085589587 0.286236608400941 0.282953819260001 -9999 0.418087810277939 -9999 -9999 -9999 0.396157637238504 0.355003163218502 0.362575312145055 0.388888469897209 0.418253623880445 0.442874193191528 -9999 -9999 -9999 -9999 -9999 -9999 -9999 -9999 -9999 -9999 -9999 -9999 -9999 -9999 -9999 -9999 -9999 -9999 -9999 -9999
0.941069949418306 0.930978741496801 0.920981170609593 0.911019613966346 0.906681597232818 0.902543870732188 0.897753613069653 0.89162847213447 0.883405657485128 0.867481175810097 0.846655633300543 0.851071493700147 0.858720012009143 0.835502944886685 0.796782085672014 0.717751367017625 0.631763802841302 0.538819393143052 0.465740696527063 0.400302658788853 0.407069739885628 0.40893700439483 0.365068386308848 0.324765280820431 0.290065123699604 0.274872702080756 0.272094293963164 -9999 -9999 -9999 0.368728294968603 0.400732681155203 0.396157637238504 0.355003163218502 0.341829636134207 0.339418011717498 0.372510130517184 -9999 -9999 -9999 -9999 -9999 -9999 -9999 -9999 -9999 -9999 -9999 -9999 -9999 -9999 -9999 -9999 -9999 -9999 -9999 -9999 -9999
0.949735812842846 0.944232858717441 0.93446197360754 0.923049576580524 0.914577018469572 0.906700359657407 0.900938538834452 0.894163468852639 0.885796150192618 0.87842665053904 0.871692126616835 0.867041679099202 0.862428309395909 0.851359402760863 0.831125238910314 0.78706140629947 0.708321506157512 0.594905538484447 0.482563539408146 0.370634605176736 0.338448983617127 0.313572430983186 0.301787307485938 0.288483594544233 0.272793526761233 0.277996395714581 0.296494769863784 0.323679170571268 0.35127040091902 0.356245244853199 0.357177338562906 0.347598281688989 0.346343837678432 0.353414006531238 0.348839791491628 0.339786967262626 0.372510130517184 0.401827275753021 -9999 -9999 0.452709823846817 0.452709823846817 -9999 -9999 -9999 -9999 -9999 -9999 -9999 -9999 -9999 -9999 -9999 -9999 -9999 -9999 -9999 -9999
0.957393202930689 0.95514128729701 0.944281205534935 0.930110290646553 0.91820421256125 0.907063249498606 0.899081733077764 0.892071573063731 0.886587830260396 0.880578460171818 0.874234599992633 0.86653153039515 0.858472863212227 0.84899034909904 0.830581722781059 0.788965204730629 0.723777869716283 0.635019717738027 0.527027436532079 0.411637413315464 0.367148434743285 0.329940280877054 0.308283002115786 0.288101429119707 0.270238822326063 0.275765420868993 0.296176059171558 0.323679170571268 0.350492707453668 0.341469069011509 0.334637116640806 0.333503548055887 0.3392483452335 0.351871508173643 0.348839791491628 0.339786967262626 0.372510130517184 -9999 -9999 -9999 -9999 -9999 -9999 -9999 -9999 -9999 -9999 -9999 -9999 -9999 -9999 -9999 -9999 -9999 -9999 -9999 -9999 -9999
0.951338345184922 0.948226613923907 0.944188319146633 0.939793653786183 0.919949524104595 0.901129005476832 0.891970502212643 0.885604379698634 0.883626284077764 0.88189260289073 0.880314458161592 0.864646138623356 0.84656511247158 0.835374668240547 0.823737775906919 0.81094011850655 0.784362830221651 0.744005911052225 0.629902478307484 0.487435001879917 0.42675403598696 0.373281056061387 0.331793149933219 0.300321112386883 0.284588296897709 0.279197014868259 0.280386708676815 0.30192521866411 0.326632941141724 0.33603130094707 0.340281686745585 0.331147340126336 0.334679541178047 0.350878289900719 -9999 -9999 -9999 -9999 -9999 -9999 -9999 -9999 -9999 -9999 -9999 -9999 -9999 -9999 -9999 -9999 -9999 -9999 -9999 -9999 -9999 -9999 -9999 -9999
0.955670792609453 0.951020713895559 0.946320535615086 0.941601088270545 0.929800467565655 0.916941935196519 0.900876542553305 0.888918647542596 0.883415391668677 0.880898933857679 0.880283165723085 0.863263873383402 0.843389185145497 0.830744748935103 0.820479338988661 0.816399397328496 0.789836626499889 0.740791026502845 0.641635060310363 0.523205876350391 0.453728832304477 0.389121066778899 0.334462005645036 0.297969006933272 0.290022677741944 0.287305616773665 0.287916271947324 0.299198514781893 0.312456707470119 0.323022649623454 0.3312300266698 0.333305134437978 0.334342688322067 -9999 -9999 -9999 -9999 -9999 -9999 -9999 -9999 -9999 -9999 -9999 -9999 -9999 -9999 -9999 -9999 -9999 -9999 -9999 -9999 -9999 -9999 -9999 -9999 -9999
0.953475564718246 0.94562366604805 0.943235695362091 0.9429492354393 0.93596189841628 0.927623145282269 0.914498157799244 0.897397791966795 0.874050403013826 0.869069542735815 0.875776473432779 0.857696216553449 0.834273891523479 0.804312845692039 0.779350208118557 0.767383432015776 0.7284215465188 0.662464551627632 0.612534817308187 0.568769413977857 0.474607251584529 0.386977063491941 0.346829323098063 0.311842025257648 0.284963994286953 0.27798598818481 0.283671634271741 0.322614520788194 0.365845389664173 0.368897341191769 0.379590047057716 0.410148714203386 -9999 -9999 -9999 -9999 -9999 -9999 -9999 -9999 -9999 -9999 -9999 -9999 -9999 -9999 -9999 -9999 -9999 -9999 -9999 -9999 -9999 -9999 -9999 -9999 -9999 -9999
0.949681660160422 0.949851812794805 0.948362722992897 0.946235463023186 0.941888457164168 0.935561265796423 0.919986013323068 0.900860529392957 0.876156110316516 0.866681585088372 0.866898810490966 0.854503171518445 0.837987683713434 0.79431850463152 0.758881537243723 0.744848320260644 0.707196542993185 0.645926205441352 0.596360037103295 0.551295472308989 0.473037804476916 0.401523998938501 0.373492182232439 0.345505667850376 0.317590342834591 0.321468041278422 0.345577663742006 0.39741455204785 0.45248853508383 0.468320424668491 0.48506777640432 0.504195329733192 -9999 -9999 -9999 -9999 -9999 -9999 -9999 -9999 -9999 -9999 -9999 -9999 -9999 -9999 -9999 -9999 -9999 -9999 -9999 -9999 -9999 -9999 -9999 -9999 -9999 -9999
0.956381194293499 0.960497714579105 0.96041858382523 0.958725741133094 0.9518349673599 0.943040914833546 0.926259271800518 0.908983273431658 0.890930430963636 0.881197227165103 0.876758338883519 0.866635710000991 0.854273624718188 0.823165498673916 0.790166005492207 0.75224895775318 0.703173149377105 0.642938580363985 0.560821566730737 0.47028822824358 0.435761857777834 0.409982590936124 0.411466204561293 0.401901696808637 0.374975855462252 0.383738598786294 0.415212259627879 0.481059183366599 0.549678890034556 0.548566812649369 0.542450436390937 0.523322883062065 -9999 -9999 -9999 -9999 -9999 -9999 -9999 -9999 -9999 -9999 -9999 -9999 -9999 -9999 -9999 -9999 -9999 -9999 -9999 -9999 -9999 -9999 -9999 -9999 -9999 -9999
0.952884463593364 0.956171477213502 0.95239738188684 0.945907475426793 0.939251961186528 0.93215405382216 0.922892889007926 0.914753127843141 0.908375572413206 0.897938881069421 0.884919103235006 0.871665554121136 0.858483701944351 0.847315520048141 0.825719244778152 0.777009926736353 0.730157501995561 0.685161970555779 0.609880488365888 0.522950563579789 0.48288732394576 0.44931713398546 0.43442787323147 0.422321188263595 0.414587122388184 0.403676263056696 0.390743807889521 0.4203152153641 0.457849475555121 0.48623909894377 0.495623944327238 0.455596366897227 0.43558257818222 -9999 -9999 -9999 0.514274001121521 0.50491769053042 0.448779826983813 0.414473354816437 -9999 -9999 -9999 -9999 -9999 -9999 -9999 -9999 -9999 -9999 -9999 -9999 -9999 -9999 -9999 -9999 -9999 -9999
0.937145596370101 0.949162261560559 0.934958862140775 0.910670822486282 0.916257824748755 0.922163987532258 0.920879175886512 0.919748492538929 0.918860010802746 0.916096366941929 0.912139438092708 0.902073973789811 0.890023974701761 0.865005904808641 0.845116367563605 0.838561015203595 0.815873080864547 0.777052564546463 0.729343503713607 0.678215771913523 0.611629709601402 0.545472990721465 0.486009556800126 0.445018779486418 0.433056462556123 0.410401767119766 0.380942830815911 0.385454853996635 0.396325239911675 0.399786530062556 0.397038343362511 0.378145516850055 0.37297548353672 0.381528243422508 -9999 -9999 -9999 -9999 -9999 -9999 -9999 -9999 -9999 -9999 -9999 -9999 -9999 -9999 -9999 -9999 -9999 -9999 -9999 -9999 -9999 -9999 -9999 -9999
0.932231960818172 0.946865255013108 0.916105823591351 0.86788765154779 0.891809590160847 0.916341420263052 0.92270502820611 0.924771688878536 0.92008600383997 0.919267287477851 0.920909369364381 0.914992846548557 0.906661132350563 0.882970420643687 0.864629123359918 0.860196303576231 0.849222565069794 0.831707907840608 0.796069556847214 0.753460554406043 0.658952036872505 0.564857674762607 0.488098653033375 0.441026428714395 0.440604886040091 0.433007324114442 0.42084320448339 0.389683722518384 0.35665828268975 0.356495791114867 0.350159138441087 0.327769666910172 0.33551123458892 0.373383841477331 0.378718850202858 0.371539398096502 -9999 -9999 -9999 -9999 -9999 -9999 -9999 -9999 -9999 -9999 -9999 -9999 -9999 -9999 -9999 -9999 -9999 -9999 -9999 -9999 -9999 -9999
0.920724157243967 0.937210690230131 0.938767068088055 0.934581078588962 0.935409236699343 0.935925260186195 0.933405861258507 0.93109679967165 0.929118268191814 0.928860493004322 0.929697744548321 0.920442039147019 0.908757645636796 0.890101607888937 0.872464418411254 0.857476234436035 0.844471242278814 0.833449441939591 0.810458494350314 0.782864028587935 0.678449844941496 0.58151326328516 0.544558726251125 0.506184079684319 0.465577832423149 0.428748688660562 0.39432315621525 0.359471445903181 0.326519221998751 0.327307271771133 0.324275450780989 0.311311965808273 0.319890273734926 0.35001037456095 0.338058825582266 0.309925872832538 -9999 -9999 -9999 -9999 -9999 -9999 -9999 -9999 -9999 -9999 -9999 -9999 -9999 -9999 -9999 -9999 -9999 -9999 -9999 -9999 -9999 -9999
0.917159650474787 0.924823325127363 0.933842642232776 0.943383360281587 0.944824559614062 0.945214513689279 0.942730452865362 0.941645711660385 0.942759901285171 0.937771884724497 0.928900646045804 0.923107046633959 0.916834570467471 0.891957215964794 0.870041355490683 0.855825379490852 0.834515379741787 0.806111356243489 0.783731969073415 0.763669749721883 0.664572721347212 0.572906685993075 0.54164114780724 0.507417033426465 0.468543727882205 0.432400102727115 0.397993546910584 0.375467235222458 0.355887928977609 0.346014885231852 0.333478193730117 0.314016018062831 0.309593985788524 0.320212096907198 0.317149624228477 0.308825388550759 -9999 -9999 -9999 -9999 -9999 -9999 -9999 -9999 -9999 -9999 -9999 -9999 -9999 -9999 -9999 -9999 -9999 -9999 -9999 -9999 -9999 -9999
0.919158177450299 0.932243099436164 0.928947618231177 0.919351981952787 0.92693430557847 0.934315901249647 0.935641516000032 0.938783226534724 0.944778801873326 0.94306088797748 0.93643439002335 0.925641136243939 0.913491792976855 0.892455898225308 0.869673214852808 0.842348881065845 0.818501846864819 0.798132112249731 0.779763720929622 0.762165077030657 0.65701450780034 0.559743370860815 0.527619961649179 0.489583050832154 0.442253494635222 0.403931283392012 0.371341018937528 0.34036259446293 0.312527515925466 0.332649062387646 0.33936899341643 0.311244724318386 0.304489178583026 0.31910235621035 0.317149624228477 0.308825388550759 0.30442984122783 0.300959467887878 -9999 -9999 -9999 -9999 -9999 -9999 -9999 -9999 -9999 -9999 -9999 -9999 -9999 -9999 -9999 -9999 -9999 -9999 -9999 -9999
