data/dis.20102014.winter.crangon_all.asc
NCOLS 320 
NROWS 120 
XLLCORNER 2 
YLLCORNER 53 
CELLSIZE 0.025 
NODATA_value -9999 
[rows 50 to 74 of 120, columns 224 to 279 of 320]
0.0158787918917369 0.0142031116993166 0.0151837975136004 0.0173833818698767 0.0198416237253696 0.0225527880247683 0.0263718347414397 0.0330713757430205 0.038114671013318 0.0415017205523327 0.0502828471362592 0.0611386187374591 0.0822734443936499 0.106080939061939 0.140228527598083 0.191742412280293 0.270546190906314 0.324483669362965 0.362597138620913 0.375138957984746 0.39137480780483 0.557352785021065 0.695426885038619 0.760950904339554 0.814622493460776 0.856441652402284 0.86661953292787 0.864627690985799 0.822434607893228 0.787508835084736 0.800743508152664 -9999 -9999 -9999 -9999 -9999 -9999 -9999 0.766875963658095 0.75366548076272 0.75366548076272 0.766875963658093 -9999 -9999 -9999 -9999 -9999 -9999 -9999 -9999 -9999 -9999 -9999 -9999 -9999 -9999
0.013798490690533 0.0121507691219449 0.0141277415677905 0.0171543465694412 0.0205052078817972 0.0257996757864022 0.0308746728696861 0.0353790458175355 0.0403663342585787 0.0458365381928161 0.0603935616090895 0.0784455155953763 0.113712683320046 0.152202266734093 0.201740630436689 0.26235814066604 0.34038573829457 0.370347436517477 0.369721744209528 0.373024538159371 0.38533675856889 0.537452375516294 0.669618476182229 0.749915834516289 0.812114132568242 0.856213370338085 0.877925172448158 0.891026422381402 0.860200889408588 0.832359671592712 -9999 -9999 -9999 -9999 -9999 -9999 -9999 -9999 -9999 0.794030845165253 0.794030845165253 -9999 -9999 -9999 -9999 -9999 -9999 -9999 -9999 -9999 -9999 -9999 -9999 -9999 -9999 -9999
0.0228223041049205 0.0211275273468346 0.0155607240740209 0.0175623576506041 0.0210381482029334 0.0238419220549986 0.027054938254878 0.0313319845590742 0.0375339454039931 0.0456608207896352 0.0583640896948056 0.0728275099536403 0.119018220342696 0.16608835523948 0.208224056754262 0.24745966307819 0.282137976959347 0.310091154649855 0.333764700219035 0.367595757357777 0.410606238991029 0.575131397694348 0.707401810213927 0.755809882655741 0.797923615202309 0.833743007853629 0.878430774435401 0.926529454067354 0.927067510783672 -9999 -9999 -9999 -9999 0.86355298012495 0.872995026409626 0.885222295299173 0.896940812468529 0.890540793538094 0.874394036829474 0.832905761897566 -9999 -9999 -9999 -9999 -9999 -9999 -9999 -9999 -9999 -9999 -9999 -9999 -9999 -9999 -9999 -9999
0.021018165658461 0.0194076770858374 0.0139086923154536 0.0166143229871522 0.0208232479635626 0.0226924836169929 0.0251369413454086 0.0290769764687867 0.0340688733849674 0.0401126320939511 0.0580959208309652 0.0806713365018366 0.122412353754044 0.167084984946995 0.220778744202108 0.259977164678276 0.276397195644676 0.303876534104349 0.338393613696099 0.410277594812216 0.493743151426322 0.647048026323317 0.760893173515798 0.77214302867651 0.794254690408708 0.827228158712389 0.870829297229648 0.918518001213674 0.923301465809345 -9999 -9999 -9999 0.85778284072876 0.86355298012495 0.872995026409626 0.885222295299173 0.896940812468529 0.890540793538094 0.874394036829474 0.832905761897566 0.81216162443161 -9999 -9999 -9999 -9999 -9999 -9999 -9999 -9999 -9999 -9999 -9999 -9999 -9999 -9999 -9999
0.014213526446838 0.0157529969001189 0.0169516572495923 0.0186251384438947 0.0203567140270025 0.021461503347382 0.024496260797605 0.0325489353854211 0.0416903489967808 0.0519205016316846 0.0616299057146535 0.0711390218930318 0.125154609559104 0.185352338012307 0.263370631728322 0.299224590882658 0.268820310011507 0.283146472647789 0.325937462970615 0.454714444465939 0.598017085343604 0.695903565734624 0.769125495105982 0.778219591826201 0.800025565549733 0.834543416276576 0.867665573954582 0.900250926613811 0.907136294990778 -9999 -9999 0.869550633244216 0.874981922097504 0.876225987449288 0.874805456027389 0.885222295299173 0.896940812468529 0.890540793538094 0.874394036829474 0.832905761897566 -9999 -9999 -9999 0.829798460006714 -9999 -9999 -9999 -9999 -9999 -9999 -9999 -9999 -9999 -9999 -9999 -9999
0.0145239674893674 0.0157844731002115 0.0163692753412761 0.0182451849104836 0.0203176898648962 0.0213425514521078 0.0237476683105343 0.0297414488741198 0.038824298651889 0.0509962176438421 0.0567371132783592 0.0600045383907854 0.116383722401225 0.173683582805097 0.219965719617904 0.243001665454357 0.229507882613689 0.255259791389111 0.305986231192947 0.427826567552987 0.562368445098405 0.671049274504184 0.753257036209107 0.766634821891785 0.795114416629078 0.838695820420983 0.871080055832863 0.899157688021662 0.900373516604304 0.903176955878734 0.921818979084492 0.923842879012228 0.899752585217356 0.894108071923256 0.90020178258419 0.890525808557868 0.879263864830136 0.894657364115119 0.893217682838443 0.848011732101442 0.828152036294341 0.833638595417141 0.834185177460313 0.832831768319011 -9999 -9999 -9999 -9999 -9999 -9999 -9999 -9999 -9999 -9999 -9999 -9999
0.0116927470953669 0.0137087013863492 0.0173882578674238 0.0173009551945143 0.0166318754199892 0.0188799060415477 0.0214193597203121 0.0247165133478121 0.0317432953743264 0.0424997057998553 0.0565492743626238 0.0718654422089456 0.0922327740117909 0.116886785719543 0.161488560494036 0.197499250527472 0.220009664539247 0.237730567809195 0.252403600607067 0.316472271457316 0.396460168994971 0.579129750840364 0.726859103888278 0.783743862062694 0.830092500895263 0.865905020385983 0.881186064332724 0.8885703869164 0.901929413899779 0.91521636210382 0.926385650411248 0.929209062829614 0.918917527422308 0.910206623375416 0.902501575648784 0.889034835621714 0.876182520762086 0.893365187570453 0.897442208603026 0.867444550618531 0.852445721626282 -9999 -9999 -9999 -9999 -9999 -9999 -9999 -9999 -9999 -9999 -9999 -9999 -9999 -9999 -9999
0.0119682772201486 0.0144527847587596 0.0188128899608273 0.018655339255929 0.0176905010594055 0.0183618055889383 0.0199390943162144 0.0238719419576229 0.0284959419514053 0.0338110942975618 0.0462733840104194 0.0614845727104692 0.0684017742751167 0.0806188769638535 0.121774893254042 0.153851323761046 0.171659833751618 0.190444393083454 0.209850074723363 0.236832025926561 0.275102485902616 0.479518278501926 0.659844066947708 0.777535844594243 0.845980253070594 0.865177292376758 0.872469037771225 0.875181823968888 0.894362008199096 0.912121523171663 0.917934339493513 0.921688921749592 0.92220913618803 0.923507157713175 0.925300147384405 -9999 -9999 -9999 -9999 -9999 -9999 -9999 -9999 -9999 -9999 0.828447897918522 0.821031707338989 0.819383664987981 0.826799855567515 -9999 -9999 -9999 -9999 -9999 -9999 -9999
0.0123166067933198 0.0116715424810536 0.0125839115935378 0.0142471145663876 0.0160215370706283 0.0171338564832695 0.0186997206765227 0.0214448012993672 0.0232019787654281 0.0239712530747056 0.0279105969821103 0.0330691984272561 0.0445540497312323 0.0591015600366515 0.0871017036261039 0.112414825009183 0.133505482925102 0.153099163901062 0.171740223187953 0.185898633673787 0.208978550508627 0.398965081200002 0.57796657830478 0.72840698808432 0.82002422399819 0.852818286046388 0.864208355545998 0.867366120219231 0.885649986565113 0.902851255610585 0.910190684720874 0.917762590572238 0.925699817016721 0.927690800279379 0.925897810608148 -9999 -9999 -9999 -9999 -9999 -9999 -9999 -9999 -9999 -9999 0.830919961445033 0.838336152024567 0.839984194375574 0.832568003796041 -9999 -9999 -9999 -9999 -9999 -9999 -9999
0.0119502794404979 0.0110618127509951 0.0121864629909396 0.0138022377504967 0.015438745933352 0.0157578989455942 0.0164038633811288 0.0178995375172235 0.0195290612173267 0.0212924344814382 0.0259563348954544 0.0317358226748183 0.0420033624395729 0.0547420252114532 0.0785162877291443 0.100861155660824 0.120959832100197 0.139709888026119 0.157601730898023 0.163837517611683 0.173662864603107 0.284141327254473 0.419165709055976 0.618009480647748 0.751591444015506 0.819911599159245 0.85576362721622 0.879127914085986 0.899642068892718 0.918812012299895 0.932099172845483 0.940902635455131 0.94266028702259 0.940841781906783 0.936747540719807 -9999 -9999 0.877961337566376 0.877961337566376 -9999 -9999 -9999 -9999 -9999 0.85682088136673 0.855512823909521 0.84766447916627 -9999 -9999 -9999 -9999 -9999 -9999 -9999 -9999 -9999
0.0127942216349765 0.0110844157461543 0.0118967117450666 0.0137745711544994 0.0156949723896105 0.014715669065481 0.0143820397497621 0.0157271628559102 0.0179914132459089 0.0211747909197584 0.0262853061431088 0.0321370281162671 0.0433655991218985 0.0546329637290909 0.0645128701580689 0.0734415834303947 0.0808755645994095 0.102254291763531 0.132506948197261 0.135934870690107 0.136801678221675 0.185333626810461 0.26315195206554 0.41711485665292 0.569527612067766 0.720390218310067 0.819660598412157 0.899087814614184 0.913645735010505 0.925725191831589 0.944491535425186 0.954223060980439 0.949757015332579 0.95053547155112 0.954651338048279 -9999 0.900215864181519 -9999 -9999 -9999 0.913781953975558 0.920186499133706 0.91065657325089 0.894998004660011 0.887968108057976 0.882532835006714 -9999 -9999 -9999 -9999 -9999 -9999 -9999 -9999 -9999 -9999
0.014416545338463 0.012813799577998 0.0131923698063474 0.0140531631477643 0.0148793332336936 0.0134773493919056 0.0129286657029297 0.0145985624112655 0.0168937619309872 0.0198142642620951 0.024654261476826 0.0302325259544886 0.0381334346020595 0.047118090558797 0.0608383524231614 0.0722148318309339 0.0799082245212046 0.101806123973804 0.132743255002424 0.135370916686952 0.133236166555435 0.146392611321062 0.173841260373598 0.238449640572073 0.381131987087438 0.601888299919679 0.760227611288429 0.894560383632792 0.914779484272003 0.929732771590352 0.95191983692348 0.964860808104277 0.963272202759981 0.963696364313364 0.965401377528906 -9999 -9999 -9999 0.923680294305087 0.914946552366019 0.913781953975558 0.920186499133706 0.924208469688892 0.927314065396786 0.924913249909878 -9999 -9999 -9999 -9999 -9999 -9999 -9999 -9999 -9999 -9999 -9999
0.0210839405772276 0.01846395272878 0.0152905615686904 0.016234239883488 0.0177814449416473 0.0155905684223398 0.0141150845738594 0.014499621669529 0.0157972670567688 0.0180080207355786 0.0242998524336145 0.0321613295236602 0.0406229982618243 0.0493692460004239 0.0593618617858739 0.0689144879579546 0.0777757018804548 0.0946062651928528 0.116508232662454 0.119723131181672 0.119492235127837 0.124218865763396 0.141350745689128 0.190736273769291 0.332838873378943 0.567658544518068 0.735211605206133 0.876892892643823 0.915437232702971 0.944403251633048 0.955812061205506 0.964081861078739 0.967418931424618 0.96580321341753 0.961035721004009 0.957295095548033 0.953085936605931 0.937420360743999 0.926731996238231 0.928984381258488 0.929237464442849 0.927491245791316 0.927201353013515 0.927471585571766 0.924913249909878 0.922642648220062 -9999 -9999 0.896453678607941 0.896453678607941 -9999 -9999 -9999 -9999 -9999 -9999
0.0238818229991011 0.0205245553515852 0.0173570425249636 0.018223202729132 0.0196312535845209 0.0165369572059716 0.0143368496792391 0.0144616331672296 0.0162851431814488 0.0198073797218967 0.0251692411256955 0.0312386505538597 0.0409088101005183 0.0518471570685504 0.068067396990955 0.0791991979349405 0.082334880484268 0.0950526169035595 0.113868023967371 0.118492841022089 0.120460388250649 0.125502354465425 0.1421616175212 0.189025852363558 0.313427846413115 0.515367599669856 0.679769949987532 0.829734837636366 0.884140521287919 0.928639564663171 0.951711054891348 0.966693697497249 0.968965293839574 0.966546095907688 0.961141847074032 0.957295095548033 0.953793987631798 0.950873330235481 0.946010436862708 0.936097729951144 0.929978353902698 0.92765230871737 0.927201353013515 0.927471585571766 0.924913249909878 -9999 -9999 -9999 -9999 -9999 -9999 -9999 -9999 -9999 -9999 -9999
0.0166452286648564 0.0168590361718088 0.0176233106758446 0.0191970866871998 0.0206849573296495 0.017960131575819 0.0165536840213463 0.0185750197852031 0.0203910832642578 0.0220018744585104 0.0289436778402888 0.0379358705249614 0.0528500820510091 0.0687466156668959 0.0878129894845189 0.101221783319488 0.105740094324574 0.105022496078163 0.100972955580801 0.113270794507116 0.128512438386679 0.138217676430941 0.151559624355288 0.174357017967851 0.235974349547182 0.336411619093275 0.530957758426668 0.76169961690905 0.837343076243997 0.898894894868135 0.935605686157942 0.960787521675229 0.967852426692844 0.970740301534534 0.970970066264272 0.968211431056261 0.964862434193492 0.961637848988176 0.957097193226219 0.949134754016996 0.940049592405558 0.929841708391905 -9999 -9999 -9999 -9999 -9999 -9999 -9999 -9999 -9999 -9999 -9999 -9999 -9999 -9999
0.0128780561499297 0.013837928767316 0.0161456783534959 0.019017512560822 0.0216808647383004 0.0188821346964686 0.0185979043017142 0.0248513729893604 0.0314461176749319 0.038382138358429 0.0452382772928104 0.0520636924775317 0.0749784259824084 0.0996626205742356 0.128461968153715 0.13992351363413 0.124139941530303 0.115603411570191 0.111678635701537 0.126238027354703 0.144149235449732 0.156195153482258 0.168138835579158 0.179816704243422 0.254864262882626 0.393281511496761 0.542879311367871 0.696777323260918 0.797933975234629 0.887100599706172 0.931829251348973 0.961280634626746 0.966724881902337 0.969413140788674 0.97034758888185 0.971977232024073 0.973515797406435 0.971142377704382 0.967100596055389 0.95872107334435 0.954531311988831 -9999 -9999 -9999 -9999 -9999 -9999 -9999 -9999 -9999 -9999 -9999 -9999 -9999 -9999 -9999
0.00688990195340011 0.00837175466585902 0.0108490156708285 0.0141544152575079 0.0177849046885968 0.0241262502968313 0.0291334937792271 0.0306720717344433 0.0404613949358463 0.0585014633834361 0.0674127745442093 0.0728130252100527 0.0922212875448169 0.113366254605353 0.139074741862715 0.161531335208565 0.178877809550613 0.170393428765236 0.145471231080591 0.157561066094786 0.177506994921715 0.205165607389062 0.227325132582337 0.235187030863017 0.320750541985042 0.484015665948401 0.608428563922645 0.717898298054944 0.816008700057865 0.902045426890254 0.931054757907987 0.954522093757986 0.969280580058694 0.977073019370436 0.980432519689202 0.977241199463606 0.972972167655826 0.972654828801751 0.972501747310161 0.972775734961033 -9999 -9999 -9999 -9999 -9999 -9999 -9999 -9999 -9999 -9999 -9999 -9999 -9999 -9999 -9999 -9999
0.00539784244028852 0.00660921786038669 0.00839930608344731 0.0108570493466686 0.013796576356981 0.0226563999312932 0.0327516182442197 0.0460588628775444 0.061641028849408 0.0794981161598115 0.0913753909990192 0.10095273796469 0.120535015361384 0.13952318392694 0.15259818173945 0.166575809940696 0.181971857324242 0.180638772435486 0.168659876100719 0.176868185866624 0.190619566477837 0.22996665071696 0.261407476849855 0.272292031906545 0.359074401669211 0.521754586137841 0.637323150411249 0.73477186076344 0.818729901686311 0.893093833699822 0.923455065116286 0.9491134211421 0.967381544411183 0.977061724290252 0.981276849284768 0.978185581043362 0.973870761692524 0.973597310483456 0.973143666982651 0.972221523523331 -9999 -9999 -9999 -9999 -9999 -9999 -9999 -9999 -9999 -9999 -9999 -9999 -9999 -9999 -9999 -9999
0.00720118379103949 0.00688461888057645 0.00764533028996084 0.0119160038157133 0.017150859697722 0.0268429444404321 0.0378520409576596 0.0522853680886332 0.0650519757764414 0.0761518640210852 0.0967347191181036 0.120964869158342 0.140197369037196 0.159535306040197 0.180870325770229 0.200280915945769 0.216667402535677 0.220724928658455 0.216936752665788 0.213553394656628 0.211401916109026 0.228816007263958 0.252001243643466 0.290191457606853 0.381403830833739 0.525638363324115 0.661124201491476 0.793245157226933 0.857880024239421 0.912148790434003 0.934435902163386 0.954615050926804 0.971481686457992 0.980031736195087 0.983289413154125 0.982633160427212 0.980925537645817 0.974651984870434 0.97037723660469 0.97129938006401 -9999 -9999 -9999 -9999 -9999 -9999 -9999 -9999 -9999 -9999 -9999 -9999 -9999 -9999 -9999 -9999
0.00768398963555226 0.00715382465568836 0.00786667539796327 0.0110414030787069 0.0147976648586337 0.0200696247338784 0.0256120190024376 0.0318575426936151 0.0462078910786658 0.0686630641575902 0.113898536190391 0.167895661666989 0.177156346850097 0.184960701968521 0.198641183320433 0.206385863944888 0.204802857711911 0.201626060996204 0.197435033973306 0.201314110308886 0.206925494130701 0.214547753799707 0.230011113919321 0.265861335210503 0.340363219380384 0.453516766428954 0.573496603406967 0.696101936511707 0.780548751354218 0.856969786807894 0.904485018923879 0.941718755289911 0.962795855477453 0.974817102774977 0.981075534597039 0.982866551727057 0.983567202463746 0.980920834466815 0.979092987254262 0.979393294081092 0.979543447494507 -9999 -9999 -9999 0.951117694377899 0.95086620375514 0.949357260018587 0.948435127735138 -9999 -9999 -9999 -9999 -9999 -9999 -9999 -9999
0.0127998567477334 0.0118809578707442 0.00992422143463043 0.0114895541628357 0.0140115277317819 0.0208213604346385 0.0263134809792973 0.0283795499126427 0.0417767690378241 0.0665051383548415 0.151521447813139 0.259725426556542 0.251042218878865 0.236156486906111 0.224636717699468 0.214159863535315 0.205321875866503 0.199549702461809 0.195728501770645 0.188060042448342 0.181084568146617 0.198970518540591 0.214370142668486 0.223305318504572 0.257803903426978 0.317865897435699 0.420610330998899 0.539771087467682 0.66232829168439 0.77959407866001 0.869403824210168 0.933715108782052 0.957957383245231 0.972412180155515 0.980638582259417 0.982591520994902 0.983293816447258 0.98406495153904 0.985176093876362 0.98717125505209 0.988069862127304 0.987871915102005 -9999 -9999 -9999 -9999 -9999 -9999 -9999 -9999 -9999 -9999 -9999 -9999 -9999 -9999
0.0158999274135567 0.0140272296266631 0.0104310474125668 0.0136391536216251 0.0180710341082886 0.0201724966755137 0.0220049633062445 0.02313804050209 0.0379756750189699 0.0665178668568841 0.198613564716654 0.370537534123285 0.326383370906114 0.274572101887316 0.248027695808559 0.223461186978965 0.202002802398056 0.188709261361509 0.180611529853195 0.169619352556765 0.160078498069198 0.18505124701187 0.205644975416363 0.214853250421584 0.233974223956467 0.26300789602101 0.301764128729701 0.344259807839994 0.535486187785865 0.720869075506924 0.833290178328753 0.912684628739952 0.940180053934456 0.956143150106072 0.964767491444945 0.973975967615843 0.982898799702525 0.984979623928666 0.987303597852587 0.990259760990739 0.990635085850954 0.988429572433233 0.988534389995039 0.989527796395123 -9999 -9999 -9999 -9999 -9999 -9999 -9999 -9999 -9999 -9999 -9999 -9999
0.00840705784503372 0.0090167800663039 0.00925599329639226 0.0127705155173316 0.0167864974937402 0.0181912447442301 0.0195067654713057 0.0205902972375043 0.0244835618650541 0.0311865593539551 0.0617307380307469 0.101444601779803 0.107115249149501 0.112567253876477 0.126938756089658 0.133511315565556 0.127828393597156 0.125525819137692 0.125374374911189 0.129204418510199 0.134903077501805 0.158831139560789 0.180698047392072 0.197205954231322 0.208592367358506 0.214857286773622 0.241136274766177 0.275112981442365 0.496452623046936 0.707274807617067 0.810402961447836 0.888247998431323 0.926362423226239 0.951051449403166 0.967197040095925 0.97728312946856 0.985772177577019 0.9877138286829 0.989781972020864 0.992178995162248 0.992807000875473 0.991665989160538 0.99201537296176 0.992937985807657 -9999 -9999 -9999 -9999 -9999 -9999 -9999 -9999 -9999 -9999 -9999 -9999
0.00721095861808863 0.00778426369652152 0.00803755642846227 0.00942757405573501 0.0111213918135036 0.014114947145572 0.0162345608696341 0.0160819264128804 0.0162320882081985 0.0166850462555885 0.0216470341547393 0.0283432643045671 0.0426631421432832 0.0573409042553975 0.0715658384142445 0.0825680824927987 0.0885060993023215 0.0962601364590233 0.105169822927564 0.102145558223128 0.0989419987890885 0.133265862939879 0.164290119893851 0.18673539813608 0.212441836018117 0.241409433539959 0.272112930193544 0.303484080359343 0.523950437083842 0.735131124034523 0.844267224892975 0.919070852920412 0.939923452213407 0.956617584452033 0.970665419474244 0.979733845219016 0.987535184249282 0.990726040676236 0.993170516565442 0.993674403056502 0.993686020374298 0.993205368518829 0.993038292974234 0.99299182370305 -9999 -9999 -9999 -9999 -9999 -9999 -9999 -9999 -9999 -9999 -9999 -9999
0.00494957172486466 0.00532064204162452 0.00573699919914361 0.00774205595371311 0.0100065725273453 0.0112803273950704 0.0123010881943628 0.0126640644157305 0.012747533241054 0.0125514946703333 0.0134249359543901 0.0147097156441305 0.0231918375648093 0.0331765725277363 0.0485575073398651 0.0602585287997501 0.0661768292775376 0.0751766373869038 0.0861374048981816 0.0838523975107817 0.0810197885148242 0.113913586828857 0.146866440307352 0.179972837213428 0.208306515589357 0.231867475435139 0.265326410997659 0.302592260297391 0.565694233402612 0.808924607932567 0.886374600231648 0.940231528133153 0.95701364055276 0.967605197802186 0.974257310852408 0.981850683689118 0.989292863756418 0.990964483469725 0.992524847388267 0.993795946240425 0.994049096480012 0.993284298107028 0.993038292974234 0.99299182370305 0.993831245228648 0.994574189186096 -9999 -9999 -9999 -9999 -9999 -9999 -9999 -9999 -9999 -9999
