data/dis.20102014.winter.solea_max.asc
NCOLS 320 
NROWS 120 
XLLCORNER 2 
YLLCORNER 53 
CELLSIZE 0.025 
NODATA_value -9999 
[rows 75 to 99 of 120, columns 174 to 231 of 320]
0.318734814412892 0.323781182058155 0.332773606292903 0.339328452944755 0.344332113862038 0.351890341378748 0.359977944754064 0.368379411287606 0.375081307254732 0.377364319749177 0.382065092213452 0.389183624647558 0.391689582727849 0.392421473748982 0.389425701461732 0.387053648009896 0.388896560296416 0.385535298846662 0.373996050097048 0.350788916461169 0.320156765170395 0.334766509011388 0.357988533563912 0.373796886764467 0.384597131982446 0.382376296445727 0.377560624852776 0.370150117203593 0.364016155712306 0.358373173512518 0.352939560078084 0.349132723174989 0.353398189879954 0.3559983773157 0.355981697328389 0.364129399880767 0.377472618594766 0.386982751078904 0.394706657156348 0.385097207501531 0.380076272413135 0.386985475197434 0.387799693271518 0.382518926635385 0.379586689174175 0.37755773216486 0.376972444355488 0.378247636370361 0.38840061891824 0.392209163866937 0.386047878302634 0.390284430235624 0.401137787848711 0.411091655492782 0.41968366317451 0.408182317391038 0.405202032998204 0.424376508221031
0.326646030880511 0.318189990706742 0.317519622854888 0.322429296560585 0.330889905802906 0.334992330521345 0.337870565243065 0.33475539740175 0.335443285293877 0.346019118092954 0.35524270683527 0.363114051520824 0.37499940302223 0.388428603298962 0.387576032429934 0.384965622797608 0.377766540274024 0.367469591088593 0.35230456572026 0.335924157872796 0.318770324811339 0.320662438869476 0.326862717978656 0.341545582748949 0.350665722973645 0.345322779379785 0.339216001331806 0.332345388829708 0.327591864392161 0.323652604594827 0.331403306685388 0.337335816584528 0.330739141441882 0.326721354387701 0.32675610575825 0.330809506587684 0.337420229800045 0.336527668870985 0.333893014118075 0.327153930440545 0.321391310542822 0.318167496472597 0.313807607628405 0.308311644010246 0.308657401241362 0.311249974183738 0.311191413551569 0.313553070649505 0.328795561566949 0.348210208117962 0.374181099236012 0.387880783528089 0.393771518021822 0.391025274060667 0.387605670839548 0.402104686945677 0.412792074494064 0.413569227792323
0.296922149136663 0.280295431613922 0.272813141345978 0.270192288793623 0.270665078423917 0.275963176041841 0.282175390981138 0.287521553225815 0.294310692697763 0.304851572960615 0.314861476421356 0.324340403079986 0.338860728777945 0.355320054106414 0.35359710175544 0.350268949754536 0.34426252823323 0.335750866681337 0.323302399367094 0.307137957774102 0.288608805276453 0.289025268517435 0.292956735938787 0.292228180915117 0.291136102750897 0.289098864421248 0.284320659935474 0.276801489293575 0.273811765015125 0.272564135491848 0.269771033897996 0.266144857741892 0.258807859383523 0.251482794526964 0.244176482316106 0.246579379308969 0.255160863976926 0.259149226360023 0.26159428851679 0.253419862594455 0.248661537189037 0.252785073127598 0.249082333873957 0.237553319428116 0.235863790847361 0.237958679907024 0.245212243404239 0.257746637798847 0.29516792949289 0.327359231188893 0.351331977173686 0.360946353524923 0.361423585563898 0.372027819044888 0.384364425204694 0.391719562001527 0.39698448497802 0.396814852021635
0.255972709972412 0.236428441479802 0.244509903714061 0.247837798204273 0.248140695039183 0.247098086867481 0.245737002231181 0.243536534719169 0.240846545435488 0.236883799545467 0.242326667997986 0.257175150793046 0.284544354304672 0.31672921963036 0.315788966603577 0.310258022509515 0.291516304947436 0.280967404134572 0.283292929641902 0.286885552108288 0.291284509003162 0.274873561225832 0.255569595843554 0.257838007062674 0.260544987395406 0.26439224742353 0.26783146802336 0.270862649194896 0.263110534287989 0.25121099781245 0.246746459044516 0.24273975007236 0.238835426047444 0.235214370302856 0.232038450427353 0.231147213373333 0.231709865387529 0.228339022956788 0.223883962724358 0.21437108097598 0.206065991893411 0.200901163741946 0.198005924466997 0.197380274068564 0.191504302900284 0.183608977589756 0.186201857402921 0.195553583092988 0.235614771954715 0.274248073808849 0.310637553222478 0.326274681836367 0.32870576903224 0.332137054763734 0.33652416151017 0.353759550489486 0.364333040080965 0.357585591264069
0.250993892550469 0.231774903833866 0.231633149087429 0.234924065880477 0.240399410016835 0.233651215210557 0.224722401704639 0.2202831027098 0.216608312446624 0.214921244885772 0.218253361526876 0.226604662369937 0.230339768808335 0.232299415860325 0.235870928503573 0.237963055726141 0.232184177730232 0.225088484585285 0.215923510491848 0.222232163418085 0.238387669902295 0.225714919622988 0.208756398409605 0.216955844312906 0.224570289254189 0.230663731694222 0.232539974618703 0.230199018027633 0.22612933581695 0.221394759137183 0.215676731895655 0.210765752475709 0.210179262328893 0.208161253947765 0.203893716912717 0.206544630695135 0.213598194997758 0.213017298374325 0.210560731124133 0.202174930367619 0.194865999277681 0.190356929320842 0.186484795995057 0.183249599300325 0.176423990167677 0.168217453174293 0.167101881932467 0.168854975141585 0.182865812443197 0.199229407589882 0.219290193635971 0.228893160354346 0.231841151136905 0.238926393445581 0.247350731864572 0.264473048970104 0.275695274583995 0.271577262319624
0.237461090087891 0.220747393555939 0.212080287747085 0.20326753007248 0.194362084846944 0.185579308774322 0.17714134696871 0.174148152582347 0.172857520636171 0.17599355103448 0.181341511197388 0.188901401124895 0.186701609753072 0.180748094804585 0.172718759160489 0.167811643797904 0.179126165341586 0.183089027181268 0.175499280914664 0.18809574097395 0.213537968695164 0.194469273090363 0.167263317387551 0.153061079327017 0.144085169769824 0.148697714321315 0.153339109383523 0.158009354956448 0.158702526707202 0.157866054680198 0.143358494155109 0.132640388328582 0.144890464376658 0.150999477598816 0.147458249237388 0.156348554883153 0.173149836715311 0.176277817692608 0.176055105868727 0.165359839331359 0.155980019364506 0.150020360480994 0.146549598779529 0.145567734260112 0.154085754882544 0.166257577482611 0.184062455315143 0.19688556715846 0.183143068104983 0.17584312800318 0.178667209111154 0.173563310876489 0.163414334878325 0.163305894006044 0.166004762984812 0.182290080003441 0.194026438053697 0.193935502786189
0.218247257638723 0.208117796108127 0.193932430818677 0.183097212109715 0.174393904861063 0.173602108377963 0.174266129266471 0.172779908869415 0.17215735046193 0.173780313227326 0.166012024041266 0.148852482903749 0.136435063090175 0.125841536093503 0.121550327166915 0.118008123710752 0.116357324644923 0.11329157766886 0.108002341119572 0.12490000971593 0.155916617950425 0.147626993246377 0.131555513478815 0.116833689622581 0.10798261477612 0.114395487355068 0.11718644737266 0.116355494828895 0.117904580431059 0.120369065320119 0.105332409730181 0.0917834083084017 0.0908200719859451 0.091194000095129 0.093669343739748 0.100305413361639 0.109589217696339 0.1203801126685 0.130593124311417 0.125858011189848 0.119024906540289 0.106737023917958 0.100512542994693 0.100351463770494 0.110080986982212 0.123614588053897 0.136383274337277 0.146823554299772 0.14584677759558 0.146777027286589 0.150704032741487 0.14974062377587 0.145665132906288 0.142574878875166 0.14066473627463 0.155466682743282 0.165006107185036 0.16086297435686
0.200429213698954 0.189844653941691 0.176438822411001 0.169149513822049 0.165752538014203 0.159307622816414 0.152396021410823 0.147913748398423 0.143048205878586 0.137186162639409 0.133928464725614 0.133275112137198 0.130399429704994 0.126669005025178 0.114096906036138 0.10220062523149 0.0962839277926832 0.0953143774531783 0.102118915412575 0.109792283270508 0.118018542882055 0.116202660836279 0.112204739591107 0.105255433591083 0.0995882921852171 0.0972547787241637 0.0959267499856651 0.0956042059697211 0.0931690686848015 0.0899213955271989 0.0903357956558466 0.0913056551944464 0.0939757314044982 0.0967848715372383 0.099812540691346 0.0991039564833044 0.09601775649935 0.100835680728778 0.107254597591236 0.1140163668897 0.117166870040819 0.11092808120884 0.109736470039934 0.113592036534101 0.114343778695911 0.113901742268354 0.115216153673828 0.116851488128305 0.119574835523963 0.119694262510166 0.115721814567223 0.117197814397514 0.122141008265317 0.123100356897339 0.123256346909329 0.123300314182416 0.124780831392854 0.12999637844041
0.181762364227325 0.169108763802797 0.161384194623679 0.157800917513669 0.156853008083999 0.146850156597793 0.135250000748783 0.127282473724335 0.122775299008936 0.127265040297061 0.130422360729426 0.13224726030603 0.125782249495387 0.116128811612725 0.11055021174252 0.104840483749285 0.0972766333725303 0.0952078949194403 0.101774332346395 0.105465463129804 0.107326853321865 0.10718111647293 0.106428855098784 0.102189908735454 0.0974930461961775 0.0916056015994398 0.0886580382939428 0.0886503562796861 0.0886832121759653 0.0887316595762968 0.0860986106563359 0.083950879285112 0.085018411045894 0.0889532901346683 0.0973940007388592 0.0984245452564209 0.094739529537037 0.100349614862353 0.10725032677874 0.104488347191364 0.10453585232608 0.111888017738238 0.117329448694363 0.120860145194456 0.121719322865829 0.121550993295386 0.124137713806704 0.125203694216907 0.117855665273965 0.111285276245326 0.105936892796308 0.103824188467115 0.10377055266872 0.104988703038543 0.10638114833273 0.106412534369156 0.106721161166206 0.10775061394088
0.160769209265709 0.148393726442009 0.15032018115744 0.147641629446298 0.142032619100064 0.129222551593557 0.11570694623515 0.114680791739374 0.116454911185429 0.12550974288024 0.12745826295577 0.122300471412018 0.114484469871968 0.105646079871804 0.100010458845645 0.0953037701547146 0.0942997522652149 0.094634807901457 0.0970741219352931 0.0983889251947403 0.0989881306886673 0.101679333485663 0.104386882856488 0.100259533151984 0.0960583679843694 0.0916652826126664 0.0878672976978123 0.0846644132398068 0.08248445042409 0.0806979190092534 0.0818836237303913 0.0838080255780368 0.0885517259594053 0.0920031659770757 0.0934239111375064 0.0934001109562814 0.0924570546485484 0.0932384561747313 0.0945812850259245 0.0996052217669785 0.103387530893087 0.103941608220339 0.104413249529898 0.104802454821765 0.106351002585143 0.108345451299101 0.109682836104184 0.11004368471913 0.105715106474236 0.103641123976558 0.10511007765308 0.106793047627434 0.108612209791318 0.109218671219423 0.109517598291859 0.108711623819545 0.10777780553326 0.106511593330651
0.144753804430366 0.134861947502941 0.134362830314785 0.131686536595225 0.127624766901135 0.1175828340929 0.10681062634103 0.103956299135461 0.105162066873163 0.116924081463367 0.121906974120066 0.120110744843259 0.109952201135456 0.0965773826465012 0.088886338751763 0.0834241737611592 0.0874347048811615 0.089951429516077 0.0901207439601421 0.0894928378984332 0.0883576096966863 0.0892561175860464 0.0903427058365196 0.0877119575161487 0.0853656677063554 0.0837589700240641 0.0819766358472407 0.0800186651758849 0.0808929454069584 0.082856552908197 0.085530053358525 0.0881382676307112 0.0902112589683384 0.089436708483845 0.0841874494217336 0.0813338549342006 0.0800047742668539 0.0851158171426507 0.0911622229032218 0.0912133776582778 0.0926814849954099 0.09783366904594 0.100272058974951 0.0999966547824442 0.0996219988446683 0.099209169158712 0.0965036929119378 0.0939287876244634 0.0926810449454933 0.0912892380729318 0.0896710446104407 0.0897310310974717 0.0908589502796531 0.0905593545176089 0.0901666404679418 0.0930444663390518 0.0973206707276404 0.105232659261674
0.15222580684349 0.146364832762629 0.136296381708234 0.126994105055928 0.118179393932223 0.108628098620102 0.0992282030638307 0.0949064895976334 0.0937113203108311 0.100645165890455 0.102583887521178 0.0995274852029979 0.0918002729304134 0.0822765952907503 0.0836706461850554 0.0856721636373549 0.0874999172519892 0.0866501366253941 0.0815928021911531 0.0781747670844197 0.0757999224588275 0.0763600920327007 0.0774628915823996 0.07781135244295 0.0788163014221937 0.0815281195100398 0.0843401746824384 0.0872524669393898 0.0902521973475814 0.0932855578139424 0.0933878347277641 0.0928095218259841 0.0896903432440012 0.0862954505719245 0.0824672929011285 0.0835204320028425 0.0876798508688808 0.0923088483978064 0.0969705772586167 0.100592171307653 0.104065529070795 0.107153472490609 0.109807373723015 0.112027232768014 0.111493153264746 0.109899866627529 0.11123223695904 0.112383653409779 0.111769813112915 0.112325249006972 0.114718118915334 0.126722465036437 0.144843205111101 0.159295608755201 0.170825036708265 0.145136221777647 0.130412393715233 0.144197531510145
0.148195995017886 0.143007381819189 0.134414003230631 0.12413545534946 0.112784527009353 0.102095105452463 0.0919790950138121 0.0893619505222886 0.0871839025057852 0.0861475053243339 0.0845091177616269 0.082268739817664 0.085364613449201 0.0905128915328532 0.0962743221316487 0.0998917866963894 0.092609082115814 0.0857264220248906 0.079472403274849 0.0770467722322792 0.0770573879126459 0.0766802777070552 0.0763218959327787 0.0776001655030995 0.0790705552790314 0.0810404575895518 0.0840494225267321 0.0880974500905723 0.0916201435029506 0.094940785318613 0.0989581632893533 0.101614512037486 0.097260792274028 0.0934060500003398 0.0903354152105748 0.0931452484801413 0.0996971977874637 0.101978312479332 0.103400685824454 0.104745293967426 0.10752733447589 0.114046699134633 0.122239139862359 0.132104656659067 0.127598847029731 0.117565604159608 0.130836518714205 0.143152250908315 0.143837907351553 0.145125464070588 0.147358864080161 0.163102139253169 0.187442607712001 0.211805127561092 0.232858633622527 0.197583930566906 0.174475527368486 0.182999503798783
0.141174469608814 0.135180768091232 0.125340003054589 0.11538044991903 0.105345304356888 0.0964448798913509 0.0880489635746926 0.0843716340605168 0.0825496935285628 0.0855517643503845 0.0868951948359609 0.086579984985292 0.0939226082991809 0.104210552060977 0.112979301717132 0.118641284992918 0.109216258162632 0.100067124702036 0.091351537965238 0.0890213449019939 0.0907545841764659 0.0940484744496643 0.0971814673393964 0.0922729913145304 0.0894271701108665 0.0919442514423282 0.0916157353203743 0.0884416217450051 0.0915476910304278 0.0970692152623087 0.106132723391056 0.114381120307371 0.117512201191857 0.121427889447659 0.1265765321441 0.135395729914308 0.146550735458732 0.15434235567227 0.161450603045523 0.168377022258937 0.174105537123978 0.176719500683248 0.176456011366099 0.173315069172531 0.183743645437062 0.1993912672624 0.220922097563744 0.237999192904681 0.231077258009464 0.216128822416067 0.188567314296961 0.190851069521159 0.212127265054733 0.216707729268819 0.216838988941163 0.198099257890135 0.178285285830498 0.155678287148475
0.135732991620898 0.129850637400523 0.122591536259279 0.112742618424818 0.101245635421947 0.0923612986225635 0.0843570800498128 0.0824318742379546 0.0802697981707752 0.0774918594397604 0.0781446567270904 0.0822281900327652 0.0928926246706397 0.106088175205514 0.115787473972887 0.122786316322163 0.117311185924336 0.115099496673793 0.118016072083265 0.118210632586852 0.116673001786694 0.117993369465694 0.119785874383524 0.119887517532334 0.118321207351983 0.112418218515813 0.108121447497979 0.105430894298479 0.10645511560142 0.108908096328378 0.119800645858049 0.133134847041219 0.156195080373436 0.171664371155202 0.175205037929118 0.181234264280647 0.188847119454294 0.207244864664972 0.227571106515825 0.244013165123761 0.253830949775875 0.246425622142851 0.236143260728568 0.222983865533024 0.230463766492903 0.245881858281792 0.253104573581368 0.255733526777476 0.237804074306041 0.218402296304703 0.196686863899231 0.197671491187066 0.213101611007005 0.216707729268819 0.216838988941163 0.198099257890135 0.178285285830498 0.155678287148475
0.114139635697938 0.113901322474703 0.109795468160883 0.107507836772129 0.106377256335691 0.0978691133204848 0.0884852239396423 0.0892973591107875 0.0902957727666944 0.0917785104829818 0.094220351660624 0.0976212962996214 0.110565033974126 0.127179076662287 0.134220265317708 0.140345424879342 0.144705984275788 0.149835516232997 0.156173433642834 0.16103641781956 0.164960808120668 0.166609763167798 0.167988161090761 0.172503567766398 0.177575360517949 0.184093757066876 0.195160241331905 0.210774813313038 0.223033918999135 0.234002460725605 0.232740218751132 0.231778430286795 0.235916198696941 0.238075189758092 0.237124673556536 0.240866401232779 0.247594102285802 0.244899531360715 0.240574896335602 -9999 -9999 0.208782076835632 0.20497002499178 0.197345921304077 0.200533262919635 0.207878852728754 -9999 -9999 -9999 -9999 -9999 -9999 -9999 -9999 0.213576555252075 -9999 -9999 -9999
0.105463247280568 0.106121681863442 0.102334230905399 0.106822523288429 0.116577197797597 0.106190529186279 0.0925550803076476 0.0921709334943443 0.0921949003823102 0.0932799628935754 0.0949256762396544 0.0971320404205471 0.112152646062896 0.132101806113496 0.153189230710268 0.171048132702708 0.172429637983441 0.173068218398839 0.172539345454425 0.176642089150846 0.183692225255072 0.183977550826967 0.183372001163662 0.190621928311884 0.196198857855052 0.197425993625075 0.201559034641832 0.208597980905324 0.216267391107976 0.224179287441075 0.218066191766411 0.212284445762634 -9999 -9999 -9999 -9999 -9999 -9999 -9999 -9999 -9999 -9999 -9999 0.206099689006805 0.206988260149956 0.208218589425087 -9999 -9999 -9999 -9999 -9999 -9999 -9999 -9999 -9999 -9999 -9999 -9999
0.0951941013336182 0.0991532092448323 0.109333772445098 0.115443239221349 0.118962008273229 0.113079886185005 0.105670448159799 0.104259669082239 0.104358601151034 0.108382782200351 0.11452740454115 0.122792468173429 0.135537535417825 0.150005680974573 0.165917020756751 0.178189947269857 0.171846338547766 0.167907951399684 0.167749198153615 0.1741092200391 0.184617553371936 0.188963511493057 0.19142078794539 0.182722551748157 0.177267921157181 0.180246665142477 0.181736037135124 -9999 -9999 -9999 0.205099110025913 -9999 -9999 -9999 -9999 -9999 -9999 -9999 -9999 -9999 -9999 -9999 -9999 -9999 -9999 -9999 -9999 -9999 -9999 -9999 -9999 -9999 -9999 -9999 -9999 -9999 -9999 -9999
-9999 0.096566392108798 0.100095139816403 0.10199608001858 0.102861142717302 0.107802712591365 0.113461378030479 0.117450543679297 0.119762141257524 0.117712061852217 0.121403684606775 0.130837009521201 0.142175343818963 0.154246374033391 0.159598050639033 0.164149975869805 0.166679424699396 0.168107568752021 0.167805091012269 0.1741092200391 0.184617553371936 0.185360690113157 0.183974957093596 0.179600106552243 0.177267921157181 0.180246665142477 -9999 -9999 -9999 0.192565158009529 0.205099110025913 0.216158479452133 -9999 -9999 -9999 -9999 -9999 -9999 -9999 -9999 -9999 -9999 -9999 -9999 -9999 -9999 -9999 -9999 -9999 -9999 -9999 -9999 -9999 -9999 -9999 -9999 -9999 -9999
-9999 0.101126048597507 0.100968487677164 0.103132276097313 0.106773286825046 0.113589722197503 0.120860096532851 0.125050989445299 0.123307186411694 0.106133173918352 0.0980607829988003 0.0990900136530399 0.119510376593098 0.147388867335394 0.149363502860069 0.150856043212116 0.157556888647378 0.162370809819549 0.16421956429258 -9999 -9999 -9999 0.183913090731949 0.178424645680934 0.174460768699646 -9999 -9999 -9999 -9999 -9999 0.205099110025913 -9999 -9999 -9999 -9999 -9999 -9999 -9999 -9999 -9999 -9999 -9999 -9999 -9999 -9999 -9999 -9999 -9999 -9999 -9999 -9999 -9999 -9999 -9999 -9999 -9999 -9999 -9999
-9999 -9999 0.116893067955971 0.120150941889733 0.125482008326799 0.133155271876603 0.140887103509158 0.141651122365147 0.135816539172083 0.112825590651482 0.10223141615279 0.104034015676007 0.109875110327266 0.117269472335465 -9999 -9999 -9999 -9999 0.172378242015839 0.176758329384029 0.183925745077431 0.199685498606413 0.215814408147707 0.209005021257326 -9999 -9999 -9999 0.170131176710129 0.170131176710129 -9999 -9999 -9999 -9999 -9999 -9999 -9999 -9999 -9999 -9999 -9999 -9999 -9999 -9999 -9999 -9999 -9999 -9999 -9999 -9999 -9999 -9999 -9999 -9999 -9999 -9999 -9999 -9999 -9999
-9999 -9999 -9999 -9999 0.177594318985939 0.176697022281587 0.174879536032677 0.160469636321067 0.146292823366821 0.132722035981715 0.127311718650162 0.130061871372163 0.136409664526582 0.144141165539622 -9999 -9999 -9999 -9999 -9999 -9999 -9999 -9999 0.191981554031372 -9999 -9999 -9999 -9999 -9999 -9999 -9999 -9999 -9999 -9999 -9999 -9999 -9999 -9999 -9999 -9999 -9999 -9999 -9999 -9999 -9999 -9999 -9999 -9999 -9999 -9999 -9999 -9999 -9999 -9999 -9999 -9999 -9999 -9999 -9999
-9999 -9999 -9999 -9999 -9999 -9999 -9999 -9999 -9999 -9999 -9999 0.142584428191185 0.143391348421574 0.144508622586727 0.154369860887528 -9999 -9999 -9999 -9999 -9999 -9999 -9999 -9999 -9999 0.181722728535533 0.182230839505792 0.182484894990921 -9999 -9999 -9999 -9999 -9999 -9999 -9999 -9999 -9999 -9999 -9999 -9999 -9999 -9999 -9999 -9999 -9999 -9999 -9999 -9999 -9999 -9999 -9999 -9999 -9999 -9999 -9999 -9999 -9999 -9999 -9999
-9999 -9999 -9999 -9999 -9999 -9999 -9999 -9999 -9999 -9999 -9999 -9999 0.140975376125425 0.138747457880527 0.151582200545818 0.163016185164452 -9999 -9999 -9999 -9999 -9999 -9999 -9999 0.18158158659935 0.181722728535533 0.182230839505792 -9999 -9999 -9999 -9999 -9999 -9999 -9999 -9999 -9999 -9999 -9999 -9999 -9999 -9999 -9999 -9999 -9999 -9999 -9999 -9999 -9999 -9999 -9999 -9999 -9999 -9999 -9999 -9999 -9999 -9999 -9999 -9999
-9999 -9999 -9999 -9999 -9999 -9999 -9999 -9999 -9999 -9999 -9999 -9999 0.14032249734737 0.141002022428438 0.161655583418906 0.17629916081205 0.155018103774637 0.142013013362885 -9999 -9999 -9999 -9999 0.182973190676421 0.183732247445732 0.184069606009871 0.183310549240559 -9999 -9999 -9999 -9999 -9999 -9999 -9999 -9999 -9999 -9999 -9999 -9999 -9999 -9999 -9999 -9999 -9999 -9999 -9999 -9999 -9999 -9999 -9999 -9999 -9999 -9999 -9999 -9999 -9999 -9999 -9999 -9999
