data/dis.20102014.winter.merlangus_max.asc
NCOLS 320 
NROWS 120 
XLLCORNER 2 
YLLCORNER 53 
CELLSIZE 0.025 
NODATA_value -9999 
[rows 50 to 74 of 120, columns 116 to 173 of 320]
-9999 -9999 -9999 -9999 0.989856528118253 0.989822765812278 0.990230940282345 0.990809090435505 0.99037722311914 0.989976221695542 0.99002661369741 0.990155667066574 0.990408331155777 0.990371914580464 0.990151537582278 0.989727787673473 0.989287400618195 0.989255649968982 0.98923271894455 0.989232718944549 0.989174380898476 0.989057704806328 0.988834097981453 0.988569363951683 0.988577961921692 0.988605421036482 0.988646794110536 0.988729447126388 0.988876968622208 0.988863999024034 0.988748898729682 0.988656792789698 0.988578081130981 0.988648891448975 0.988735068589449 0.988861199468374 0.988610060885549 0.987981652840972 0.98762771487236 0.987379342317581 0.98720221593976 0.986995400860905 0.986619187518954 0.986265452578664 0.985947040840983 0.985580643638968 0.985183710232377 0.984646463766694 0.984084928408265 0.983587546274066 0.983033698052168 0.982333038002252 0.982589138671756 0.983802000060678 0.984974568709731 0.986131640151143 0.984944079071283 0.983489483594894
-9999 -9999 0.989854524843395 0.989867114461958 0.989837970584631 0.989767093211412 0.989973301067948 0.990286080166697 0.989833517000079 0.989436633884907 0.989543251693249 0.989754946902394 0.990131763741374 0.990149304270744 0.989938214421272 0.98950788192451 0.989057082682848 0.989003773778677 0.988963261246681 0.988956019282341 0.988925693556666 0.988872284069657 0.988765748217702 0.988638779148459 0.98844582028687 0.988290246576071 0.988341007381678 0.988383658230305 0.988413564860821 0.988413598388433 0.988394621759653 0.988183084875345 0.987959660589695 0.988188855350018 0.988411949947476 0.98861918412149 0.98833698220551 0.987565344199538 0.987203486263752 0.986999236047268 0.986792832612991 0.986624138429761 0.986644623801112 0.986492935568094 0.986070688813925 0.985635288059711 0.985191516578197 0.98485522903502 0.984515869989991 0.98375885002315 0.983105579391122 0.982722057029605 0.982250642031431 0.981691334396601 0.982869917526841 0.984716920182109 0.984735144302249 0.984192863106728
-9999 -9999 0.98964910581708 0.989768799394369 0.98987478017807 0.989967048168182 0.989927638322115 0.98983758315444 0.989631444215774 0.98948304541409 0.989657489582896 0.98970915004611 0.98956786468625 0.98952785693109 0.989552298560738 0.989118557423353 0.98862412571907 0.988655775785446 0.988635262474418 0.988479124382138 0.98837642930448 0.988327177241444 0.988258989527822 0.988183518871665 0.98800184391439 0.987844940274954 0.987843129783869 0.987691584974527 0.987304743379354 0.987378414720297 0.987745139747858 0.987651335075498 0.987477766349912 0.987514009699225 0.987639361992478 0.987996397539973 0.987923005595803 0.987419186159968 0.987341782078147 0.987428383901715 0.986927600577473 0.98649531789124 0.986578298732638 0.98638298548758 0.985750352963805 0.985397150740027 0.985221767798066 0.984529500827193 0.983736654743552 0.982991369441152 0.982409289106727 0.982251541689038 0.981285627931356 0.979511547833681 0.980811581015587 0.98329396545887 0.982696773484349 0.981688899919391
-9999 -9999 0.989582609385252 0.989462915807962 0.989495554938912 0.989680526778102 0.989622725173831 0.989471549168229 0.989578031003475 0.989679396152496 0.989679396152496 0.989641401916742 0.989543702453375 0.989152578637004 0.988574730232358 0.988288767635822 0.988081701099872 0.98822345584631 0.988346565514803 0.988421197980642 0.988245915621519 0.987820718437433 0.987734207883477 0.987777961418033 0.987788371741772 0.987737197428942 0.987387906759977 0.987102843821049 0.986918710172176 0.986972065642476 0.987176550552249 0.987210631370544 0.987226828932762 0.987518385052681 0.98769611492753 0.987577896565199 0.987408364191651 0.987187517806887 0.987069945782423 0.986992094665766 0.987098913639784 0.987012680619955 0.98590687289834 0.985185518860817 0.985068306326866 0.984840391203761 0.984542028978467 0.984129505231977 0.983692118898034 0.983220217749476 0.982755394652486 0.98230897448957 0.981308560818434 0.979754153639078 0.980322694405913 0.981707753613591 0.981141585856676 0.980341862887144
-9999 -9999 0.988944041542709 0.988720730878413 0.988773545250297 0.98910248465836 0.988978276029229 0.988679779693484 0.988656705245376 0.988594561815262 0.988256067037582 0.988193780183792 0.988565534353256 0.988636467605829 0.988515969365835 0.988223195075989 0.987910246476531 0.987840073183179 0.987701438367367 0.987384803593159 0.987343547865748 0.987577671185136 0.987127617001534 0.986414417624474 0.986269921064377 0.98621367290616 0.986431401222944 0.986564457416534 0.986564457416534 0.986438941210508 0.986233551055193 0.986059956252575 0.985921643674374 0.986275024712086 0.986558435484767 0.986659923568368 0.986656118184328 0.986547019332647 0.986471772193909 0.986409544944763 0.986451907083392 0.986424051225185 0.98601434379816 0.98564569465816 0.985341565683484 0.984953267499804 0.984511407092214 0.983653692528605 0.982719846069813 0.981905661523342 0.981312545016408 0.981294205412269 0.980552859604359 0.979088507592678 0.978256683796644 0.977668140083551 0.976997774094343 0.976301064714789
-9999 -9999 -9999 -9999 -9999 0.98926568031311 0.988869871944189 0.988321829587221 0.9878058321774 0.987391637638211 0.987477032467723 0.987602364271879 0.987790454179049 0.987792523577809 0.987676216289401 0.986908160150051 0.986074758693576 0.986346432939172 0.986503535881638 0.986362753435969 0.986399047076702 0.986612416803837 0.986289534717798 0.985760401934385 0.985831003636122 0.98594669625163 0.98611145094037 0.986222239211202 0.986248223111033 0.986203785985708 0.986114535480738 0.986294707283378 0.98651278577745 0.98645924217999 0.986446434631944 0.986539540812373 0.9865139760077 0.986369740217924 0.986260712146759 0.986165225505829 0.986194973811507 0.986184675246477 0.985937308520079 0.985587511211634 0.985076751559973 0.984718287363648 0.984456738457084 0.98342433385551 0.982266264036298 0.981592794880271 0.980810323730111 0.979744447395205 0.978545013815164 0.977212022989988 0.975548651069402 0.973758209496736 0.97350263223052 0.973416410386562
-9999 -9999 -9999 -9999 -9999 -9999 -9999 0.987925231456757 0.987289398908615 0.986689411103726 0.986455656588078 0.986287785694003 0.986223446205258 0.986320704221725 0.986520797014236 0.986345129087567 0.98608935624361 0.985749386250973 0.985579019412398 0.985849620774388 0.985901555046439 0.985734822228551 0.98557341657579 0.985414059832692 0.985536932945251 0.98571497015655 0.986085819080472 0.986213186755776 0.985957941040397 0.985923198983073 0.986028777435422 0.986244047060609 0.986468531191349 0.986476711928844 0.986511705443263 0.986616412177682 0.986576883122325 0.986393118277192 0.986232236027718 0.986080154776573 0.98609466291964 0.986031519249081 0.98553111962974 0.985037760809064 0.984555466100573 0.984270645305514 0.984111489728093 0.98356425203383 0.982882721349597 0.981237689033151 0.97957256808877 0.97785521671176 0.976628307253122 0.975891839712858 0.975475946441293 0.97518335096538 0.974495766684413 0.973981274291873
-9999 -9999 -9999 -9999 -9999 -9999 -9999 -9999 0.985333263874054 0.985331749543548 0.98532266356051 0.985303550958633 0.98526868224144 0.98541790805757 0.985684284940362 0.985817557200789 0.985897781327367 0.98552874289453 0.985327770933509 0.985563771799207 0.985620081424713 0.985496699810028 0.98529302328825 0.985058464109898 0.985019689425826 0.985074892640114 0.98554240167141 0.985836459323764 0.985857950523496 0.986113058403134 0.986516831442714 0.986618073657155 0.986650479957461 0.986541280522943 0.986446442082524 0.986388942226767 0.986195303499699 0.985865525901317 0.985664350911975 0.98551263846457 0.985269667580724 0.985030693933368 0.984838547185063 0.984549380838871 0.984107755124569 0.983979653567076 0.984051067382097 0.983079018071294 0.981877269223332 0.980318402871489 0.978539949283004 0.976190568879247 0.974498866125941 0.973464841023088 0.972939051687717 0.972608737647533 0.973137114197016 0.973830409348011
-9999 -9999 -9999 -9999 -9999 -9999 -9999 -9999 -9999 0.985331749543548 0.98532266356051 0.985241943970322 0.985048657283187 0.984852604568005 0.984654791653156 0.985104927793145 0.9856599252671 0.985794538632035 0.985835796222091 0.98563432879746 0.985435778275132 0.985240144655108 0.9854740742594 0.985873220488429 0.985802521929145 0.985734304413199 0.985816681757569 0.985867023468017 0.985867023468018 0.986112954095006 0.986515386030078 0.986539347097278 0.986486449837685 0.986413761973381 0.986314540728927 0.98614633269608 0.985878799110651 0.985511939972639 0.985037399455905 0.984521443024278 0.98343263566494 0.982548160478473 0.982853831723332 0.98323318362236 0.983728319406509 0.983697213232517 0.983331225812435 0.982643652707338 0.981812041252851 0.979625169187784 0.977007858455181 0.973271407186985 0.971463514491916 0.971584180369973 0.971277438104153 0.970806308090687 0.972985250875354 0.975074065849185
-9999 -9999 -9999 -9999 -9999 -9999 -9999 -9999 -9999 -9999 -9999 -9999 -9999 0.984663981944323 0.984157513827085 0.984640808776021 0.985303375869989 0.98564837500453 0.985788185149431 0.98539450392127 0.985086284577846 0.98486352711916 0.98514660820365 0.985624242573977 0.985671138390899 0.985695356503129 0.985732873901725 0.985894687473774 0.986251823604107 0.986235730350018 0.98598212748766 0.985584579408169 0.985181540250778 0.98517456650734 0.985206307843327 0.985338708385825 0.985238863155246 0.984906772151589 0.984396874904632 0.983818590641022 0.982561979442835 0.981558145955205 0.982017708942294 0.982452720403671 0.982849150896072 0.982678955420852 0.982148179784417 0.981058247387409 0.979832995682955 0.97820844873786 0.975912576541305 0.971871258690953 0.969424849376082 0.968573348596692 0.96868521720171 0.969167612493038 0.971701581031084 0.974016947671771
-9999 -9999 -9999 -9999 -9999 -9999 -9999 -9999 -9999 -9999 -9999 -9999 -9999 -9999 -9999 -9999 0.984454633668065 0.984942829236388 0.985302334651351 0.985327245667577 0.985114227980375 0.984663281589746 0.984815055504441 0.985198644921183 0.985145542770624 0.985025865957141 0.984701754525304 0.98450319096446 0.984501916915178 0.984135486185551 0.983536683022976 0.98294709995389 0.982442136853933 0.983344364911318 0.983872285112739 0.983427004888654 0.98299340903759 0.982571497559547 0.982460571452975 0.982469255104661 0.981339171528816 0.980294071137905 0.980008818209171 0.979870900511742 0.979964509606361 0.979708697646856 0.979230526834726 0.979094533249736 0.978852909058332 0.975652161985636 0.972670583054423 0.97025884129107 0.967972727492452 0.965812241658568 0.965960428118706 0.966996565461159 0.969005418941378 0.971011035144329
-9999 -9999 -9999 -9999 -9999 -9999 -9999 -9999 -9999 -9999 -9999 -9999 -9999 -9999 -9999 -9999 -9999 -9999 -9999 0.984482645988464 0.98431071639061 0.9839668571949 0.984269013628363 0.984819637611508 0.98475681617856 0.984624454751611 0.984324818477035 0.984088901430368 0.98395311459899 0.983544003218413 0.9829609580338 0.981540281325579 0.980130696669221 0.981757624074817 0.98283850774169 0.982499677687883 0.982342533767223 0.98236707597971 0.98218235746026 0.981917154043913 0.980965580791235 0.9800437502563 0.979472506791353 0.979284882545471 0.979700088500976 0.979247642681003 0.978243054822087 0.977026488631964 0.975671712309122 0.972688090056181 0.970249347388744 0.96922729164362 0.967672884464264 0.965586125850677 0.965086838230491 0.965198116376996 0.967037985101342 0.968920834362507
-9999 -9999 -9999 -9999 -9999 -9999 -9999 -9999 -9999 -9999 -9999 -9999 -9999 -9999 -9999 -9999 -9999 -9999 -9999 -9999 -9999 0.984215021133423 0.984381519258022 0.984612055122852 0.984655071049929 0.984691839665174 0.984752524644136 0.984604828059673 0.984129674732685 0.982919311150909 0.981241086497903 0.979832731187344 0.978581676259637 0.979087172076106 0.97923057898879 0.978432554751635 0.97850133664906 0.979436924681067 0.979939898476005 0.980276482179761 0.979582909494638 0.979061342775822 0.979702793061733 0.98015415482223 0.98030680604279 0.979554187506437 0.978225488215685 0.976497530937195 0.974627137184143 0.97169280052185 0.969433523714542 0.968929402530193 0.967793084681034 0.966024570167065 0.965833380818367 0.966248854994774 0.967684922739863 0.969075256958604
-9999 -9999 -9999 -9999 -9999 -9999 -9999 -9999 -9999 -9999 -9999 -9999 -9999 -9999 -9999 -9999 -9999 -9999 -9999 -9999 -9999 -9999 0.983950648456812 0.983584593981504 0.98369094915688 0.983833000063896 0.984014585614204 0.983986407518387 0.9836286008358 0.98263743519783 0.981243222951889 0.979702774435282 0.978194132447243 0.977723404765129 0.977436222136021 0.977626256644726 0.978040222078562 0.978678118437528 0.978967618197202 0.979123119264841 0.978688860312104 0.978307645767927 0.978365112096071 0.978639278560877 0.979253973811865 0.978260951116681 0.976244835183024 0.974850460886955 0.97352397069335 0.97123758867383 0.969440067186952 0.968913583084941 0.96783521771431 0.966204971075058 0.96601339802146 0.966375160962343 0.968055231496692 0.969575831666589
-9999 -9999 -9999 -9999 -9999 -9999 -9999 -9999 -9999 -9999 -9999 -9999 -9999 -9999 -9999 -9999 -9999 -9999 -9999 -9999 -9999 -9999 -9999 -9999 0.98369094915688 0.983730372041464 0.983296189457178 0.982983447611332 0.982861541211605 0.981801602989435 0.980144735425711 0.977542892098427 0.974907716736197 0.974918814375996 0.97511013224721 0.975770022720098 0.975906161591411 0.975518548861146 0.976048564538359 0.97693151421845 0.977093135938048 0.977235181257129 0.977491499856114 0.977650785818696 0.977657591924071 0.976107144728303 0.97356571815908 0.972492437809706 0.971738232299685 0.971416601911187 0.970676919445395 0.968850301578641 0.967803670093417 0.967537024989724 0.966768899932504 0.96580789797008 0.967386458069086 0.968922223895788
-9999 -9999 -9999 -9999 -9999 -9999 -9999 -9999 -9999 -9999 -9999 -9999 -9999 -9999 -9999 -9999 -9999 -9999 -9999 -9999 -9999 -9999 -9999 -9999 -9999 -9999 -9999 -9999 0.981447279453278 0.980637550354004 0.979312539100647 0.976191034540534 0.972872748970985 0.972317263484001 0.971779882907867 0.971289575099945 0.970996174961329 0.970899682492018 0.971362179145217 0.972039671614766 0.972806680947542 0.973553480580449 0.974172903224826 0.974296327680349 0.973640326410532 0.972466504201293 0.970963159576058 0.97049911506474 0.970278372988105 0.970660151913762 0.970202380791306 0.967561779543757 0.966318944469094 0.966473875567317 0.966086840257048 0.96549135632813 0.966806884855032 0.968002837151289
-9999 -9999 -9999 -9999 -9999 -9999 -9999 -9999 -9999 -9999 -9999 -9999 -9999 -9999 -9999 -9999 -9999 -9999 -9999 -9999 -9999 -9999 -9999 -9999 -9999 -9999 -9999 -9999 -9999 -9999 0.977102160453796 0.975795924663544 0.974279643967748 0.973633801564574 0.973078036680818 0.972756473347545 0.972552005201578 0.972464632242918 0.972216596826911 0.971906768158078 0.970998218283057 0.970338881015777 0.971101701259613 0.971213495358825 0.970302248373628 0.968938315287232 0.967286309227347 0.967466000467539 0.968018889427185 0.968688368797302 0.968796446919441 0.967444881796837 0.96670719049871 0.96658337302506 0.965837003663182 0.964851191267371 0.965613823384047 0.966330090537667
-9999 -9999 -9999 -9999 -9999 -9999 -9999 -9999 -9999 -9999 -9999 -9999 -9999 -9999 -9999 -9999 -9999 -9999 -9999 -9999 -9999 -9999 -9999 -9999 -9999 -9999 -9999 -9999 -9999 -9999 -9999 -9999 0.97373878583312 0.972590733319521 0.971247093752026 0.969394927844405 0.968298574909568 0.967958034947514 0.96744143217802 0.966857112944126 0.967261373996735 0.967787522822618 0.968632351607084 0.968744063749909 0.96770373545587 0.966013144701719 0.96390875056386 0.96485254727304 0.966361824423075 0.967120420187712 0.967488335445523 0.966840481385589 0.966481752693653 0.966412149369716 0.965838596224785 0.965071216225624 0.965119050815701 0.965188637375832
-9999 -9999 -9999 -9999 -9999 -9999 -9999 -9999 -9999 -9999 -9999 -9999 -9999 -9999 -9999 -9999 -9999 -9999 -9999 -9999 -9999 -9999 -9999 -9999 -9999 -9999 -9999 -9999 -9999 -9999 -9999 -9999 0.97373878583312 0.972590733319521 0.972080701962113 0.973229525610805 0.973293915390968 0.972273871302605 0.970897560939193 0.969384225085378 0.970131419599056 0.97093703225255 0.971369873732328 0.971439892426133 0.970939761027694 0.968372095376253 0.964488726109266 0.964118296280503 0.964533248916268 0.96635570935905 0.967373115941882 0.966297382488847 0.965953942388296 0.96634279564023 0.966275667771697 0.966033162549138 0.966599032282829 0.967165347188711
-9999 -9999 -9999 -9999 -9999 -9999 -9999 -9999 -9999 -9999 -9999 -9999 -9999 -9999 -9999 -9999 -9999 -9999 -9999 -9999 -9999 -9999 -9999 -9999 -9999 -9999 -9999 -9999 -9999 -9999 -9999 -9999 -9999 -9999 -9999 -9999 0.973565187305212 0.973087687045336 0.972031196579337 0.970752017572522 0.970932593569159 0.971186308190227 0.971376376226544 0.97162670828402 0.971971740946174 0.970863400027156 0.968830185011029 0.968607461079955 0.968679407611489 0.967605082318187 0.966893199831247 0.967123668640852 0.967203782871366 0.967133542522788 0.966894382610917 0.966590253636241 0.967053746804595 0.967528106644749
-9999 -9999 -9999 -9999 -9999 -9999 -9999 -9999 -9999 -9999 -9999 -9999 -9999 -9999 -9999 -9999 -9999 -9999 -9999 -9999 -9999 -9999 -9999 -9999 -9999 -9999 -9999 -9999 -9999 -9999 -9999 -9999 -9999 -9999 -9999 -9999 -9999 -9999 -9999 0.972161650657654 0.972112601622939 0.972040601074695 0.971868269145489 0.972070572897792 0.972861589863896 0.97298726439476 0.972689539194107 0.972065422683954 0.971351366490126 0.970218066126108 0.96943979524076 0.969584600999951 0.969469903036952 0.969095701351762 0.968466449528932 0.967739101499319 0.96710529178381 0.966622952371836
-9999 -9999 -9999 -9999 -9999 -9999 -9999 -9999 -9999 -9999 -9999 -9999 -9999 -9999 -9999 -9999 -9999 -9999 -9999 -9999 -9999 -9999 -9999 -9999 -9999 -9999 -9999 -9999 -9999 -9999 -9999 -9999 -9999 -9999 -9999 -9999 -9999 -9999 -9999 -9999 -9999 -9999 0.972865045070648 0.973164826631546 0.973935693502426 0.974266802892089 0.974318066611886 0.974210297688842 0.974019372835755 0.972955508157611 0.971930516883731 0.971006596460938 0.970290094614029 0.969781011343002 0.969618774950504 0.969589941203594 0.968970682471991 0.968425523489713
-9999 -9999 -9999 -9999 -9999 -9999 -9999 -9999 -9999 -9999 -9999 -9999 -9999 -9999 -9999 -9999 -9999 -9999 -9999 -9999 -9999 -9999 -9999 -9999 -9999 -9999 -9999 -9999 -9999 -9999 -9999 -9999 -9999 -9999 -9999 -9999 -9999 -9999 -9999 -9999 -9999 -9999 -9999 0.971552642062306 0.972268490120768 0.972281808033585 0.971848061308265 0.971423674374819 0.970966719090939 0.969924278557301 0.969140829518437 0.969030758365989 0.969449551776052 0.970397209748626 0.970049131661653 0.969202693551779 0.969059882685542 0.968559544533491
-9999 -9999 -9999 -9999 -9999 -9999 -9999 -9999 -9999 -9999 -9999 -9999 -9999 -9999 -9999 -9999 -9999 -9999 -9999 -9999 -9999 -9999 -9999 -9999 -9999 -9999 -9999 -9999 -9999 -9999 -9999 -9999 -9999 -9999 -9999 -9999 -9999 -9999 -9999 -9999 -9999 -9999 -9999 0.970995871350169 0.970280023291707 0.969711020588875 0.969235464930534 0.96759300865233 0.965849751606583 0.966360343620181 0.966435728594661 0.965379575267434 0.965292839333415 0.966175520792603 0.966643869876862 0.966952860355377 0.967687491327524 0.967835895717144
-9999 -9999 -9999 -9999 -9999 -9999 -9999 -9999 -9999 -9999 -9999 -9999 -9999 -9999 -9999 -9999 -9999 -9999 -9999 -9999 -9999 -9999 -9999 -9999 -9999 -9999 -9999 -9999 -9999 -9999 -9999 -9999 -9999 -9999 -9999 -9999 -9999 -9999 -9999 -9999 -9999 -9999 -9999 -9999 -9999 0.968658147379756 0.966459708288312 0.964432595297694 0.962538756430149 0.962328068912029 0.96172397211194 0.960097011178732 0.960390277206898 0.962603770196438 0.964767333120108 0.966911692172289 0.965345645323396 0.963366532698274
