data/dis.20102014.winter.sprattus_all.asc
NCOLS 320 
NROWS 120 
XLLCORNER 2 
YLLCORNER 53 
CELLSIZE 0.025 
NODATA_value -9999 
[rows 25 to 49 of 120, columns 174 to 231 of 320]
0.960642900317907 0.971501179039478 0.974742226302624 0.97763418033719 0.980303984135389 0.980400683358312 0.980036837980151 0.980592289939523 0.981621133163571 0.98388079367578 0.985488593578338 0.986444532871246 -9999 -9999 -9999 -9999 -9999 -9999 -9999 -9999 -9999 -9999 -9999 -9999 -9999 -9999 -9999 -9999 -9999 -9999 -9999 -9999 -9999 -9999 -9999 -9999 -9999 -9999 -9999 -9999 -9999 -9999 -9999 -9999 -9999 -9999 -9999 -9999 -9999 -9999 -9999 -9999 -9999 -9999 -9999 -9999 -9999 -9999
0.944194892421365 0.952913591638207 0.963227858766914 0.972470751032233 0.98103185929358 0.98141854442656 0.980263244360685 0.980687234550714 0.981621133163571 0.98388079367578 0.985488593578338 0.986444532871246 0.98674932308495 0.986803671345115 0.984859485179186 0.982815591618419 0.980860965326428 -9999 -9999 -9999 -9999 -9999 -9999 -9999 -9999 -9999 -9999 -9999 -9999 -9999 -9999 -9999 -9999 -9999 -9999 -9999 -9999 -9999 -9999 -9999 -9999 -9999 -9999 -9999 -9999 -9999 -9999 -9999 -9999 -9999 -9999 -9999 -9999 -9999 -9999 -9999 -9999 -9999
0.937390390783548 0.944937594234943 0.956871144473553 0.967987077310681 0.97858270816505 0.981296695768833 0.982375428080559 0.982452407479286 0.982890535145998 0.984267648309469 0.985333172604442 0.986087108030915 0.986503785476089 0.986790748313069 0.984859485179186 0.982815591618419 0.980860965326428 0.980135818943381 0.981342712417245 0.981687465682626 0.981483584269881 0.98021450266242 -9999 -9999 -9999 -9999 -9999 -9999 -9999 -9999 -9999 -9999 -9999 -9999 -9999 -9999 -9999 -9999 -9999 -9999 -9999 -9999 -9999 -9999 -9999 -9999 -9999 -9999 -9999 -9999 -9999 -9999 -9999 -9999 -9999 -9999 -9999 -9999
0.920782055705785 0.937899803742766 0.948584282770753 0.962153093889355 0.977557389065623 0.980746317654848 0.9815424811095 0.983193883672357 0.984589759260416 0.985321264714003 0.985875191166997 0.986251538619399 0.986342083662748 0.986322704702616 0.985358728095889 0.984164334833622 0.982095681130886 0.981046000495553 0.981597563251853 0.981687465682626 0.981483584269881 0.98021450266242 0.978814721107483 -9999 -9999 -9999 -9999 -9999 -9999 -9999 -9999 -9999 -9999 -9999 -9999 -9999 -9999 -9999 -9999 -9999 -9999 -9999 -9999 -9999 -9999 -9999 -9999 -9999 -9999 -9999 -9999 -9999 -9999 -9999 -9999 -9999 -9999 -9999
0.920320764183998 0.934298079460859 0.940573174506426 0.949494743719697 0.960100432857871 0.96788533218205 0.974989438429475 0.980110747739673 0.984194042161107 0.985578497871757 0.986349431797862 0.986506843939423 0.986720409244299 0.98695557191968 0.985567588359117 0.983800560235977 0.980615705251694 0.979133719578385 0.980327671393752 0.980976285412908 0.98127786628902 0.980301681905985 0.979010675102472 0.976712089031935 0.975090993568301 0.975231373682618 0.976072028279304 0.97761295735836 0.978040993213654 -9999 -9999 -9999 -9999 -9999 -9999 -9999 -9999 -9999 -9999 -9999 -9999 -9999 -9999 -9999 -9999 -9999 -9999 -9999 -9999 -9999 -9999 -9999 -9999 -9999 -9999 -9999 -9999 -9999
0.896472837775946 0.904967997223138 0.932306077331305 0.94231347553432 0.941292257979512 0.953779874369502 0.968641001731157 0.977921780198813 0.984857534989715 0.985696228221059 0.986186418682337 0.986328106373548 0.986513743177056 0.986716283485293 0.985512994229793 0.983810534700751 0.980025703087449 0.977400086820125 0.976596094667911 0.977910593152046 0.98057322204113 0.980416066944599 0.97957549802959 0.976704159751534 0.974883669987321 0.975795386359095 0.97642582282424 0.976774979382753 0.960700437426567 0.938309088349343 0.939258873462677 0.944721717387438 0.965884815901518 0.978064494207501 0.976127369329333 0.97649403847754 0.978326758369803 0.978033548220992 -9999 -9999 -9999 -9999 -9999 -9999 -9999 -9999 -9999 -9999 -9999 -9999 -9999 -9999 -9999 -9999 -9999 -9999 -9999 -9999
0.89052308164537 0.896739600226283 0.921492399647832 0.932484393939376 0.934719512239098 0.947596937417984 0.962483990937472 0.975350882858038 0.984954075887799 0.986071651801467 0.986566737294197 0.98643933236599 0.986490435898304 0.986610196530819 0.98556025326252 0.984139308333397 0.981207385659218 0.978407125920057 0.975813765078783 0.976992323994637 0.980571195483208 0.980333814397454 0.979290639981627 0.977524237707257 0.97593917325139 0.974825587123632 0.974520586431026 0.975024171173572 0.959890807047487 0.93874323181808 0.940498040989041 0.946408344432711 0.966360123828053 0.977857507765293 0.976069413125515 0.97649403847754 0.978326758369803 0.978033548220992 0.977367747575045 0.977596070617437 0.977294843643904 0.975616786628961 0.973978476598859 0.972379913553596 -9999 -9999 -9999 -9999 -9999 -9999 -9999 -9999 -9999 -9999 -9999 -9999 -9999 -9999
0.883548460900784 0.886510862037539 0.901073144748807 0.916171381250024 0.931610679253936 0.947506539523601 0.963257376104593 0.974990498274565 0.983848301693797 0.985230276361108 0.986291442066431 0.987031798809767 0.987284114584327 0.987348722293973 0.986647702753544 0.98532935231924 0.981149531900882 0.977554906159639 0.974879872053861 0.976368550211191 0.980506863445044 0.980765026062727 0.980193473398685 0.978709273040295 0.977361083030701 0.976366519927978 0.975504659116268 0.97477550059557 0.97427337616682 0.973858572542667 0.973287090659141 0.973127968609333 0.975076727569103 0.975394915789366 0.97315077856183 0.96692563034594 0.958167111501097 0.966541789472103 0.97768977470696 0.977731114253402 0.977294843643904 0.975616786628961 0.973978476598859 0.972379913553596 0.971820631995797 0.971661074087024 0.966080030426383 0.960721395909786 0.958069361746311 -9999 -9999 -9999 -9999 -9999 -9999 -9999 -9999 -9999
0.8747688960284 0.880205262452364 0.897651087492705 0.914544997736811 0.931087689474225 0.947020346298814 0.96257389895618 0.973756799474359 0.982381692156196 0.984355764463544 0.985776077955961 0.986642632633447 0.987032962962985 0.987240130081773 0.986498424783349 0.985198810696602 0.981388732790947 0.977997047826648 0.975262837484479 0.976354699581862 0.979881335049868 0.980561392381787 0.980611234903335 0.979625791311264 0.978633865714073 0.977625086903572 0.976835645735264 0.976265542209148 0.976250214502215 0.976448262110352 0.975123763084411 0.974126288667321 0.975211745128035 0.975131453946233 0.973219273611903 0.966654634103179 0.957129338756203 0.966576285660267 0.979012079536915 0.977752648293972 0.976659262552857 0.975997595116496 0.974985346198082 0.973622515797615 0.972597306594253 0.971701951697469 0.966080030426383 0.960721395909786 0.958069361746311 0.956448674201965 -9999 -9999 -9999 -9999 -9999 -9999 -9999 -9999
0.880775423720479 0.883479570969939 0.8820565585047 0.899330830201506 0.928503373637796 0.94761011749506 0.964289268478751 0.973923059180379 0.981487274169922 0.983670592308044 0.985173232853413 0.985995195806026 0.986357375979424 0.986542716622352 0.986465143039822 0.985842054709792 0.98256872035563 0.980350149795413 0.97978906519711 0.978239955380559 0.976062102243304 0.976152420043945 0.976826569065452 0.979714067652822 0.981373533606529 0.979840114712715 0.978352662175894 0.976911175996065 0.977514691650867 0.978904746472835 0.978710001334548 0.978019410744309 0.975315710529685 0.974531749263406 0.97676452063024 0.968318907544016 0.953077958896756 0.962689241394401 0.976411124691367 0.975515635684133 0.974677339196205 0.973987743258476 0.972738202661276 0.970928717404604 0.969766894355416 0.968854172155261 0.966657942160964 0.964695381000638 0.964278666302562 0.962502581998706 0.958590345457196 0.951909150928259 0.943465892225504 0.932299884036183 0.92113589681685 0.919263614341616 0.917911410331726 -9999
0.892105715349316 0.894828833639622 0.894513808190823 0.90789850987494 0.93000121973455 0.946084046736359 0.960795663297176 0.972664304077625 0.981705328449607 0.983394550159574 0.984855365008116 0.986087772995233 0.986304581165314 0.986130774021149 0.985884549096227 0.985201423987746 0.982355097308755 0.980550352483988 0.98038237914443 0.978984547778964 0.97680407948792 0.976781336590647 0.97736337967217 0.980890518054366 0.98298043012619 0.981333553791046 0.979735292494297 0.978185646235943 0.979061312973499 0.980869792401791 0.980365715920925 0.978994201868772 0.973965663462877 0.972063748165965 0.975075097754598 0.967793503776192 0.953961854800582 0.963140793144703 0.976165359839797 0.976329611614347 0.976069543510675 0.974706243723631 0.97357364743948 0.972671754658222 0.971665982156992 0.970620255917311 0.968746585771441 0.967054128646851 0.966511249542236 0.964366875588894 0.959705866873264 0.952690292149782 0.944176357239485 0.932940846309066 0.921658555045724 0.918834356591105 0.91563480719924 0.911459345370531
0.908725030720234 0.907501358538866 0.89665899798274 0.900147633627057 0.912755994126201 0.933816554024815 0.955306613817811 0.955360693857074 0.959571536630392 0.974589962512255 0.983020313084125 0.984862588346004 0.985548239201307 0.985789034515619 0.985463660210371 0.984610237181187 0.981283091008663 0.979176545515656 0.978988086804747 0.979705205187201 0.980998599901795 0.980048075318336 0.978838730603456 0.980858769267797 0.982002675533295 0.980868637561798 0.980310788378119 0.980329127982259 0.981684876605868 0.98355501331389 0.982511023059487 0.980504311621189 0.974541090428829 0.971659157425165 0.973619248718023 0.976076856255531 0.978851065039635 0.979743424803019 0.980208551511168 0.979809002950787 0.979122700169683 0.977690836414695 0.975961482152343 0.973934637382627 0.971185671165585 0.968158965930342 0.969153141602874 0.969609497115016 0.966194139793515 0.963407017290592 0.961607120931149 0.958004286512733 0.95325412787497 0.939961887896061 0.925528923049569 0.920746712014079 0.914577566087246 0.90480238944292
0.92735655605793 0.921982361003757 0.904751883819699 0.906871043145656 0.921303607523441 0.937819242477417 0.953601161018014 0.949827460572123 0.952560231089592 0.972209826111794 0.982733707875013 0.984131876379251 0.984909212216735 0.985447766259312 0.985037257894873 0.984084118157625 0.980696957558393 0.978788716718554 0.979204492643475 0.980750324204564 0.983015282079577 0.983088903129101 0.98275201395154 0.982886996120214 0.982734078541398 0.981832621619105 0.982290742918849 0.984108442440629 0.984725980088115 0.984881917014718 0.983461951836944 0.981076786294579 0.974329119548201 0.971105098724365 0.973418235778808 0.975073939189315 0.976311275735497 0.97749337553978 0.978600166738033 0.978614516556263 0.978174604475498 0.976553611457348 0.975362107157707 0.974600091576576 0.973003478720784 0.971085866913199 0.972024751827121 0.972214378416538 0.967817567288876 0.964453367516398 0.962711842730641 0.960811609402299 0.958810379728675 0.948214486241341 0.93603434227407 0.926143797114491 0.914857022464275 0.899940051138401
0.953661059960722 0.953749485313893 0.930120162665844 0.924325205385685 0.929879389703274 0.940515354275703 0.951654087752104 0.954061839729548 0.956332910805941 0.958248611539602 0.960322512313723 0.962554613128304 0.97208439745009 0.984420983120799 0.984686344861984 0.983731830492616 0.98022829554975 0.978516239672899 0.979619365185499 0.981390967965126 0.983587965369225 0.98359234072268 0.983154371380806 0.982651457190513 0.982013668864965 0.981025207787752 0.981680722907185 0.983980214223265 0.984712284058332 0.984841499477625 0.983230566605925 0.980645917356014 0.973704494535923 0.970396645367145 0.972798697650432 0.972715524956584 0.971050845459103 0.972870439291 0.974967233836651 0.969929911196232 0.965565953403711 0.962952744215727 0.96113402210176 0.96010978706181 0.964931849390268 0.972002487629652 0.972149612382054 0.971503585577011 0.968928128480911 0.966120038181543 0.962946381419897 0.960113376379013 0.957497149705887 0.951855475082994 0.945195036008954 0.931502124294638 0.917389251291752 0.902184478938579
0.953945755958557 0.956144355237484 0.938433863222599 0.935427494347095 0.941778294742107 0.950597118586302 0.959507416933775 0.961581502109766 0.96348163485527 0.964929491281509 0.966084785759449 0.966947518289089 0.974396636709571 0.984378980472684 0.98528091982007 0.985225789248943 0.983056016266346 0.981935361400247 0.982463320717216 0.983694219961762 0.985372444614768 0.983966324478388 0.981868457049131 0.97849765792489 0.975897816941142 0.975302467122674 0.976516082882881 0.979538664221764 0.980424931272864 0.980489538982511 0.979308066889644 0.977396909147501 0.972203817218542 0.969944665208459 0.972295990213752 0.972797907888889 0.972122929990291 0.974859219044447 0.977846834808588 0.973508697003126 0.969423096626997 0.965994093567133 0.963327558711171 0.961423492059111 0.965169804170728 0.971089338883758 0.971139740198851 0.970604807138443 0.968869417905807 0.965191641822457 0.958461543545127 0.954189727082848 0.951482271775603 0.944770948961377 0.937217019498348 0.928951926529407 0.919864559546113 0.908639280125498
0.9679498039186 0.969604121521115 0.968187881633639 0.966458527371287 0.964529918506741 0.967534562572837 0.971539614722133 0.975778544321656 0.979786375537515 0.983193350955844 0.98474807664752 0.984450552612543 0.984568571671843 0.984846414998174 0.985458387061953 0.985403295606375 0.981914613395929 0.980746526271105 0.983225088566542 0.984889823943377 0.986036669462919 0.983133044093847 0.979495577514172 0.977154411375523 0.975031547248363 0.973476268351078 0.974029205739498 0.976690359413624 0.976809196174145 0.975950218737125 0.974157758057117 0.972612453624606 0.972577484324574 0.97197294048965 0.970473350957036 0.972699211910367 0.977295814082026 0.967519799247384 0.955455079674721 0.953349277377129 0.95192876085639 0.952289987355471 0.953387094661593 0.955220082774758 0.951569771394133 0.945810498669743 0.944420168176293 0.944934761151672 0.95368898846209 0.956718368455768 0.95075155980885 0.946489894762635 0.943313321098685 0.937041338533163 0.930287100374699 0.925858907401562 0.920307818800211 0.911837201565504
0.967215541750192 0.968878041952848 0.969870794564485 0.971108227968216 0.972501367330551 0.975422108545899 0.978665063157678 0.982191799208522 0.98497661575675 0.985832441598177 0.986205335706472 0.986095298081636 0.98596366122365 0.985823716968298 0.985730288550258 0.985280230641365 0.98303334414959 0.982283774763346 0.983887132257223 0.985093185678124 0.986046409234405 0.982092810794711 0.977338233962655 0.975650219246745 0.974256791174412 0.973629288375378 0.975079726427794 0.978608105331659 0.97936088591814 0.979046128690243 0.976441107690334 0.974051717668772 0.973414089530706 0.972424056380987 0.97088024392724 0.973415851593018 0.97854745388031 0.969007261097431 0.957211280241609 0.956951005384326 0.956500703468919 0.955556331202388 0.955304572358727 0.955745426937938 0.952181367203593 0.947076955810189 0.94330396130681 0.94153337366879 0.949383227154612 0.952132908627391 0.946868034079671 0.94275681860745 0.939379749819636 0.934807505458593 0.930056849494576 0.926336793228984 0.921746471896768 0.914893461391329
0.963126512244344 0.967538679018616 0.97029528580606 0.972792316228151 0.975124161690473 0.97717884555459 0.979213451966643 0.981849091127515 0.984373902902007 0.986610563471913 0.987665308639407 0.987538138404488 0.987549498677254 0.987614139914513 0.986771263182163 0.98603555560112 0.986102610826492 0.985657148063183 0.984406299889088 0.984774746000767 0.986173652112484 0.983582464978099 0.980142008513212 0.975830290466547 0.972434751689434 0.971421279013157 0.97331116348505 0.978104405105114 0.978796552866697 0.977911356836557 0.976784873753786 0.975841233506799 0.975882774218917 0.976190170273185 0.976915339007974 0.978226844221354 0.979911472648382 0.980962289497256 0.98150185495615 0.975505106151104 0.971651712432504 0.973371041938663 0.973593883216381 0.972320236265659 0.963166888803243 0.950982887297869 0.944649495184421 0.940575700253248 0.94607912376523 0.946133568882942 0.937625333666801 0.936182148754596 0.939234904944897 0.926509035751224 0.911457899957895 0.910524558275938 0.908939449116588 0.905659744516015
0.963246338069439 0.967875961214304 0.971105810254812 0.973032696172595 0.974130423739552 0.975607236847281 0.977223869413137 0.97992854192853 0.982522824779153 0.984830094501376 0.986388474702835 0.98719796538353 0.987228067591786 0.986958405002952 0.986378457397222 0.986044270917773 0.98703015036881 0.987149372696876 0.985906705260277 0.985306452959776 0.985115010291338 0.982047205790877 0.97845527343452 0.975732797756791 0.972845999523997 0.969531962648034 0.970669219270349 0.976257769390941 0.977681202813983 0.977502668276429 0.978675974532962 0.979715827852487 0.979690816253424 0.979909755289554 0.980512045323849 0.981054240837693 0.981558194383979 0.982410443946719 0.98296520113945 0.977278381586075 0.973722670227289 0.975707840174436 0.97548540122807 0.97305535338819 0.962698629125952 0.949293183162808 0.944175377488136 0.940981464460492 0.944969473406672 0.944480877369642 0.936957616358995 0.934609020128846 0.935553392395377 0.923299228772521 0.90912675857544 0.907218098640442 0.905279925093055 0.903265016153455
0.964723013341427 0.967940721660852 0.97080310806632 0.972594160586595 0.97370345517993 0.975522249937057 0.977524526417255 0.980233691632748 0.982175279408693 0.982121165841818 0.982405329123139 0.983027769252658 0.984166290611029 0.985503304749727 0.985407510772347 0.985560055822134 0.98737571015954 0.98790262453258 0.986404376104474 0.985187873244286 0.984150663018227 0.98306223936379 0.981884205713868 0.979356927797198 0.976810092106461 0.974212406203151 0.97296048514545 0.973054328933358 0.974996529519558 0.977649636566639 0.979099538177252 0.980428667739034 0.981507821008563 0.982722405344248 0.984149809926748 0.984732080250978 0.9847765378654 0.984705939888954 0.984590198844671 0.984098214656115 0.983374089002609 0.982046395540237 0.980133343487978 0.977634932845831 0.974846022203564 0.971945380792022 0.969263734295964 0.965378012508154 0.955407503992319 0.94584546610713 0.936925310641527 0.932543100789189 0.931048674508929 0.925685860216618 0.919743623584509 0.917103726416826 0.913306092843413 0.906498344615101
0.962448306381702 0.965652802959084 0.969152649864554 0.971423601731658 0.972912529483437 0.97427637130022 0.975653069093823 0.977673610672355 0.979223219677806 0.979548403993249 0.979984866455197 0.980532607063651 0.981743386015296 0.983209179714322 0.98445768840611 0.98558984324336 0.986204136162996 0.986504761502147 0.986312480643392 0.985893713310361 0.985330818220973 0.982630370184779 0.979637537151575 0.978941839188337 0.977859418839216 0.975771520286798 0.973346451297402 0.970584211871028 0.971763590350747 0.974458975717425 0.977091727778316 0.97965564019978 0.981893775984645 0.983601009473204 0.984473967924714 0.985042355954647 0.985416926443577 0.985048916190862 0.984519997611642 0.983780412003398 0.982991466298699 0.982074184343219 0.980171592906117 0.977283691987395 0.974309055134654 0.97130105830729 0.967780848965049 0.963368374854326 0.954645227640867 0.944763699546456 0.933061858639121 0.9281952008605 0.92767820507288 0.923648158088326 0.918919529765844 0.914259392768144 0.909108011052012 0.902679393067956
0.968183029443025 0.970106290653348 0.972579253837466 0.975037157535553 0.977485477924347 0.977549063041806 0.97720910795033 0.978117069229483 0.979196980595589 0.980723962187767 0.982143018394709 0.983454149216413 0.983309123665094 0.982604037970304 0.983430428430438 0.984320145100355 0.985076058655977 0.985725773498416 0.986208604648709 0.985639423131943 0.984400779008865 0.98252653516829 0.980648873373866 0.980874145403504 0.980073630809784 0.976606070995331 0.973412750288844 0.970493668690324 0.970940532162786 0.972681989893317 0.958762556314468 0.949778648093343 0.970078511163592 0.983142597600818 0.984836177900433 0.985682841390371 0.985990557819605 0.985694358125329 0.985280640423298 0.984922431409359 0.984214007854462 0.982595026493073 0.980254547670484 0.977192571386695 0.975703658536076 0.974819770082831 0.971097275614738 0.966107651591301 0.955617263913155 0.946118351072073 0.938177470117807 0.934105914086103 0.932496655732393 0.924828035756946 0.916290670633316 0.913586467504501 0.909316292032599 0.90097458846867
0.972118623554706 0.97436049953103 0.976116742938757 0.977376494556665 0.978320296853781 0.978593099862337 0.978766785934567 0.979536881670356 0.980638258159161 0.982600964605808 0.984052358195185 0.984992438927293 0.984949585050344 0.984528679400682 0.984967509284615 0.985289575532079 0.984774960204959 0.984554819762707 0.984797425568104 0.98456241004169 0.98402345366776 0.98314849473536 0.982244294136762 0.9819853939116 0.980613423511386 0.976347470656037 0.973193427547812 0.971151294186711 0.97267516516149 0.975570576265454 0.96382325142622 0.955936204642057 0.971657235175371 0.981938218697905 0.983670556917787 0.984549585729837 0.984885599464178 0.984977196902036 0.985002821311355 0.984737919643521 0.984143674373627 0.982693135738373 0.98076157644391 0.97834899649024 0.976077755913138 0.973860876634717 0.970943536609411 0.96718930453062 0.959456630051136 0.950486365705729 0.939571317285299 0.931749507784843 0.925896123051643 0.920618603006005 0.915542060509324 0.911924196407199 0.906934419646859 0.898377669975161
0.972745459526777 0.974818972870707 0.976185591891408 0.977660147473216 0.979203389957547 0.979025017470121 0.97863707691431 0.980539970099926 0.981805354356766 0.981413215398788 0.982233334332704 0.984265711158514 0.984261924400926 0.983474997803569 0.982661725953221 0.982270637527108 0.983998214825988 0.984632708132267 0.983549498021603 0.982167126610875 0.98059437982738 0.98097375035286 0.981708178296685 0.981841383501887 0.980725778266787 0.976363265886903 0.973979519680142 0.973574539646506 0.97477325424552 0.976588774472475 0.979771081358194 0.981937177479267 0.978620223701 0.977901129052043 0.98126438446343 0.98276536539197 0.983081262558699 0.983979534357786 0.98490366153419 0.984287256374955 0.983609123155475 0.982770496979356 0.981355564668774 0.979364326223731 0.977121766656637 0.974782545119524 0.970833856612444 0.963218769058585 0.937745058909059 0.922836588695645 0.924530638381839 0.924567673355341 0.923550244420767 0.91715663485229 0.909992188215256 0.908002525568008 0.903477374464273 0.89235995337367
0.967920972034335 0.969200763851404 0.972199406474829 0.975229315459728 0.978279121220112 0.978561026975512 0.978399012237787 0.980101209133863 0.981397721916437 0.981639456003904 0.98273554071784 0.984685976058245 0.985010221600532 0.98470900952816 0.985340014100075 0.986030286177993 0.986742714419961 0.986985312774777 0.986489607021213 0.983714325353503 0.979488404467702 0.979601263999939 0.98055694065988 0.98108865506947 0.980106448754668 0.975188048556447 0.972981261089444 0.97348608635366 0.974770566448569 0.976354913786053 0.978012248873711 0.978827249258757 0.975409109145403 0.974852858111262 0.978793861344457 0.980989992618561 0.982075750827789 0.982524232938886 0.982864240184426 0.983526913449168 0.983854850754142 0.983312474563718 0.982164606451988 0.980411246418953 0.978562166914344 0.97667627222836 0.972049046307802 0.963937135413288 0.939208073541522 0.926307892426848 0.931995952501893 0.931775264441967 0.927794463932514 0.919114600867033 0.90990125015378 0.907595422118902 0.902625825256109 0.890730429440736
