data/dis.20102014.winter.merlangus_max.asc
NCOLS 320 
NROWS 120 
XLLCORNER 2 
YLLCORNER 53 
CELLSIZE 0.025 
NODATA_value -9999 
[rows 25 to 49 of 120, columns 174 to 231 of 320]
0.984963122755289 0.982901083305478 0.98189146630466 0.980888159945607 0.979888869449496 0.979660546407104 0.9795560259372 0.978934859856963 0.978531809523702 0.978695860132575 0.977939611300826 0.976263063028455 -9999 -9999 -9999 -9999 -9999 -9999 -9999 -9999 -9999 -9999 -9999 -9999 -9999 -9999 -9999 -9999 -9999 -9999 -9999 -9999 -9999 -9999 -9999 -9999 -9999 -9999 -9999 -9999 -9999 -9999 -9999 -9999 -9999 -9999 -9999 -9999 -9999 -9999 -9999 -9999 -9999 -9999 -9999 -9999 -9999 -9999
0.987504368647933 0.986624278128147 0.984073363244534 0.982849199324846 0.982469331473112 0.981915036216378 0.98126882687211 0.979653131216764 0.978531809523702 0.978695860132575 0.977939611300826 0.976263063028455 0.975734978914261 0.975648611783981 0.973212039098144 0.970609530806541 0.967868581414223 -9999 -9999 -9999 -9999 -9999 -9999 -9999 -9999 -9999 -9999 -9999 -9999 -9999 -9999 -9999 -9999 -9999 -9999 -9999 -9999 -9999 -9999 -9999 -9999 -9999 -9999 -9999 -9999 -9999 -9999 -9999 -9999 -9999 -9999 -9999 -9999 -9999 -9999 -9999 -9999 -9999
0.986980145797133 0.98653400875628 0.98470108769834 0.983883483335376 0.983711989596486 0.982767321169376 0.981620024889707 0.979656849056482 0.978372495621443 0.978853080421686 0.978514133021235 0.977355653420091 0.976469149813056 0.975687252357602 0.973212039098144 0.970609530806541 0.967868581414223 0.965977130457759 0.965420605614781 0.962225761264562 0.957351986318827 0.953741643577814 -9999 -9999 -9999 -9999 -9999 -9999 -9999 -9999 -9999 -9999 -9999 -9999 -9999 -9999 -9999 -9999 -9999 -9999 -9999 -9999 -9999 -9999 -9999 -9999 -9999 -9999 -9999 -9999 -9999 -9999 -9999 -9999 -9999 -9999 -9999 -9999
0.984633048996329 0.985503200441599 0.987607594579458 0.987134706228971 0.985021729022264 0.984042041003704 0.98324953392148 0.981785919517278 0.980389472097158 0.97916765883565 0.978110197931528 0.977217089384794 0.976872945204377 0.976739941164851 0.974603241309523 0.972273044288158 0.96956468373537 0.967317769303918 0.965795984491706 0.962225761264562 0.957351986318827 0.953741643577814 0.950570523738861 -9999 -9999 -9999 -9999 -9999 -9999 -9999 -9999 -9999 -9999 -9999 -9999 -9999 -9999 -9999 -9999 -9999 -9999 -9999 -9999 -9999 -9999 -9999 -9999 -9999 -9999 -9999 -9999 -9999 -9999 -9999 -9999 -9999 -9999 -9999
0.984801072627306 0.985725328326225 0.988117054104805 0.98784613981843 0.985880818217993 0.985052864998579 0.984411938115954 0.983083406463265 0.981884589418769 0.981023030355573 0.979444215074182 0.977148143574595 0.976401744410395 0.976251373067498 0.974301164969802 0.972369063645601 0.97105685994029 0.968813367187977 0.965106420218944 0.962128741666675 0.959615143015981 0.95740089006722 0.955253874883056 0.953232126310467 0.951464554294944 0.950357841327786 0.948231033980846 0.945084132254123 0.94420999288559 -9999 -9999 -9999 -9999 -9999 -9999 -9999 -9999 -9999 -9999 -9999 -9999 -9999 -9999 -9999 -9999 -9999 -9999 -9999 -9999 -9999 -9999 -9999 -9999 -9999 -9999 -9999 -9999 -9999
0.985106538981199 0.985764803364873 0.987154958769679 0.987992830574512 0.988479249179363 0.987153863534331 0.985515063628554 0.984708355739713 0.983762657269835 0.982455583289266 0.980514099821448 0.977938206866383 0.976937169209123 0.97654184512794 0.97471653111279 0.972916439175606 0.971663042902946 0.9696956705302 0.966606335714459 0.96441587805748 0.962797433137894 0.959772896021605 0.95654808357358 0.95469930395484 0.952974669635296 0.951572813093662 0.949728861451149 0.947442814707756 0.943148886784911 0.93808269686997 0.914326006546616 0.892655411735177 0.886912500485778 0.87870816513896 0.866635877639055 0.853048237040638 0.838496280834079 0.833531461656093 -9999 -9999 -9999 -9999 -9999 -9999 -9999 -9999 -9999 -9999 -9999 -9999 -9999 -9999 -9999 -9999 -9999 -9999 -9999 -9999
0.985281882807612 0.985496064648032 0.98628775216639 0.98692611977458 0.987466920167207 0.987365862354636 0.987068578600883 0.985617771744728 0.9842350166291 0.983029196038842 0.980947969481349 0.97799133695662 0.976616702973843 0.975850529968739 0.974603461101651 0.9733214545995 0.972006199881434 0.970199966803193 0.967622196301818 0.966108588501811 0.965272175148129 0.963531801477075 0.961465276777744 0.9569276496768 0.9534802287817 0.952867344021797 0.951501931995153 0.949383992701769 0.945261538028717 0.940368115901947 0.918694319203496 0.898380508646369 0.88980203308165 0.879611827433109 0.866888903081417 0.853048237040638 0.838496280834079 0.833531461656093 0.830726278945804 0.832038650289178 0.833598101511598 0.835799960419536 0.83820665627718 0.84081818908453 -9999 -9999 -9999 -9999 -9999 -9999 -9999 -9999 -9999 -9999 -9999 -9999 -9999 -9999
0.986280176788568 0.985959159210324 0.986298156902194 0.986668031662702 0.98705755546689 0.987453142181039 0.987781271338463 0.986942008137703 0.985797187313437 0.983857916668057 0.98146609030664 0.978621708229184 0.977320024743676 0.976611686870456 0.975855661556125 0.974928656592965 0.973160779103637 0.971424715593457 0.969738645479083 0.967931177467108 0.966046456247568 0.964863216504455 0.963551975786686 0.957679681479931 0.95284135080874 0.950691325590014 0.949806733056903 0.950187573209405 0.948546826839447 0.94612854719162 0.939015682786703 0.930980974808335 0.919717809185385 0.901021672412753 0.870645152404904 0.847017023712396 0.827683325856924 0.825618751347065 0.827120060101151 0.830526364967227 0.833598101511598 0.835799960419536 0.83820665627718 0.84081818908453 0.838276876136661 0.833753699436783 0.827474541962147 0.821691185235977 0.818903297185898 -9999 -9999 -9999 -9999 -9999 -9999 -9999 -9999 -9999
0.987024553120136 0.986337030306458 0.98642430268228 0.986879436299205 0.987568663433194 0.988312372937798 0.988954974338412 0.987693497911096 0.986383229494095 0.984946101903915 0.982786353677511 0.979903984814882 0.978333938866854 0.977268632501364 0.976059250533581 0.97475752979517 0.973036490380764 0.971575243398547 0.970522241666913 0.969621125608682 0.968816664069891 0.965434655547142 0.961616756394506 0.959152376279235 0.956816388294101 0.954814219847321 0.953375650569796 0.952500680461526 0.948179421946406 0.942532667890191 0.939593901857734 0.936407605186105 0.931187188252806 0.921622963622212 0.905232755467295 0.884904010221361 0.862068923190236 0.849020630121231 0.83826688863337 0.833245424553752 0.82984709739685 0.830668926239014 0.831596652045846 0.832630274817348 0.833155056461692 0.833484129980206 0.827474541962147 0.821691185235977 0.818903297185898 0.81719958782196 -9999 -9999 -9999 -9999 -9999 -9999 -9999 -9999
0.987234065309167 0.986192528158426 0.986406501382589 0.986936826258898 0.987668465822935 0.988746808841824 0.989738116040826 0.988071022555232 0.986454965546727 0.984971603378654 0.982957348227501 0.980412200093269 0.979386407881975 0.978944983333349 0.977342277765274 0.975728956982493 0.9744041133672 0.973297078162432 0.97253231331706 0.97021734341979 0.966915879398584 0.965559827163815 0.964481486007571 0.961509833112359 0.958945205435157 0.95743884332478 0.955994406715035 0.954611895605922 0.950029235333204 0.944215748459101 0.939129384234548 0.93459440022707 0.93260245770216 0.92863854393363 0.92157581821084 0.909962648525834 0.895453741773963 0.882719814777374 0.869703805074096 0.84585745818913 0.82790439017117 0.825273847207427 0.823752967640757 0.823341751471162 0.82035594061017 0.816379901021719 0.818659845739603 0.821060864254832 0.822227256372571 0.820754665881395 0.815135102719068 0.808889392763376 0.80224522575736 0.807747218757868 0.814634807407856 0.803780578076839 0.795941412448883 -9999
0.988321216776967 0.987533794716 0.987947894260287 0.988363509997725 0.988780090585351 0.988592335954309 0.988251436501741 0.987361814826727 0.986391000449657 0.985209085047245 0.983955571427941 0.982630459591746 0.981271423399448 0.97989933937788 0.978158390149474 0.976541414856911 0.975652799010277 0.974311511963606 0.972258884459734 0.970070291310549 0.967795174568892 0.966968338936567 0.966186406090855 0.961243664845824 0.957938281819224 0.958890030160546 0.958039484918118 0.955386646091938 0.95219624787569 0.948799096047878 0.942465018481016 0.937062434852123 0.937181122601032 0.935220180079341 0.92999124713242 0.918617285788059 0.903332851827144 0.894245661795139 0.885468343272805 0.86088821105659 0.841088119894266 0.833716135472059 0.82678753696382 0.82030232436955 0.816793350502849 0.814429083839059 0.819288577884436 0.823556313291192 0.82274062000215 0.820533391088247 0.816139463335276 0.806620843708515 0.793841056525707 0.800025744363665 0.809008290991187 0.801075221970677 0.793990140780807 0.789109827950597
0.990841690450907 0.99036892876029 0.98940983787179 0.988899355754256 0.988674351945519 0.987883429974317 0.986948607489467 0.985491598024964 0.984603216871619 0.985193269327283 0.984927378594875 0.983805544674397 0.982200464233756 0.9804095197469 0.978524530306458 0.976745622232556 0.975524781271815 0.974108388647437 0.972384700551629 0.970748255029321 0.96916732750833 0.967188538983464 0.965057775378227 0.961696162819862 0.959154915064573 0.958746615797281 0.957808194682002 0.956339651718735 0.952754044905305 0.948354182764888 0.944111822172999 0.940798629075289 0.942084949463606 0.940335916355252 0.933817042037845 0.927611773833632 0.921606073155999 0.911843882873654 0.901101553812623 0.88646893016994 0.871325587853789 0.854854376986623 0.840768421068787 0.829067720100284 0.826682027429342 0.827879030257463 0.830300264060497 0.831424484029412 0.825703566893935 0.817453060299158 0.805227484554052 0.796892276033759 0.791032755747437 0.791885044425726 0.793916758149862 0.793178547173738 0.792675085365772 0.792781971395016
0.990754138678312 0.990292657166719 0.989681851118803 0.988677429035306 0.987422524020076 0.986538518220186 0.985712189227343 0.984605308622122 0.984097147360444 0.985145656391978 0.985498266294598 0.985154977068305 0.983419239521026 0.981147944927215 0.979303367435932 0.977627461776137 0.97666941024363 0.975238412618637 0.973064213991165 0.970875898376107 0.968678599223495 0.967032326385379 0.965421982109547 0.962548933923244 0.960091097280383 0.958712810650468 0.957488683983683 0.95641871728003 0.953356293961406 0.949527541175485 0.945519279688597 0.942378496751189 0.943627903237939 0.942767703905702 0.938592409715056 0.933378728106617 0.927504254505038 0.925826068967581 0.924353219568729 0.912103705108166 0.89839001186192 0.880869453772902 0.861473813652992 0.84020309150219 0.8343609534204 0.834452886134386 0.835177674889564 0.835566785186529 0.834091369062662 0.827468503266573 0.812756787985563 0.802900763228536 0.796134723350406 0.797473760321736 0.799923295155167 0.793694032356143 0.789948523044586 0.792660772800446
0.988690841943025 0.987997125834227 0.986834455281496 0.985798140987754 0.984842235222459 0.984681213274598 0.98465202562511 0.984161416068673 0.983719784766436 0.983405496925116 0.982846021652222 0.982041358947754 0.981638001278043 0.981388991698623 0.979839755222201 0.978275429457426 0.97701807692647 0.975667642429471 0.974170936271548 0.972046874463558 0.969523586332798 0.967116862535477 0.964675638824701 0.961251597851515 0.958441140130162 0.957225998863578 0.956524685025215 0.956337198615074 0.954514732584357 0.952063428238034 0.946625705808401 0.942460659891367 0.945537354797125 0.946096351370215 0.942698964849114 0.938631216064095 0.934136873111129 0.930300118401647 0.926570190116763 0.92242051102221 0.916195537894964 0.904574800282717 0.884762847796082 0.856759680435062 0.846261093392968 0.84249503724277 0.838560016825795 0.834887899458408 0.832579992711544 0.828333362936974 0.821040168404579 0.813541570678353 0.80591226182878 0.802502933889627 0.79971931502223 0.793224815279245 0.788307938724756 0.787492882460356
0.989153373986483 0.988333104178309 0.986297072842717 0.985768424347043 0.986199019476771 0.986366897821426 0.986433351412416 0.985668821260333 0.9848721511662 0.983991917222738 0.982816338539123 0.981345415115356 0.981751227751374 0.982878861948848 0.981732729822397 0.980372615158558 0.978611342608929 0.976754836738109 0.974748678505421 0.972192449495196 0.969286175444722 0.967170985415578 0.96515598334372 0.962154490873217 0.959647595882416 0.958426654338836 0.958316231146455 0.95931632630527 0.955327216535807 0.949419181793928 0.945252245292067 0.942146783694625 0.94383660890162 0.944096069782972 0.942107815295458 0.93779775686562 0.932010186836123 0.926021423190832 0.920120254158974 0.916392251849174 0.909425258636474 0.894036889076233 0.87306179665029 0.846499981358648 0.834497574716806 0.828094940632581 0.831403952091932 0.833163989707827 0.824322791770101 0.816473316401243 0.810182262212038 0.804205080494285 0.798427635803819 0.794904755428433 0.791840994730592 0.788916749879718 0.786223668605089 0.784131612628698
0.990338906645775 0.989453224465251 0.988159092143178 0.987491885200143 0.987223630771041 0.986650610342622 0.986052714288235 0.98606813699007 0.9860800486058 0.986082831397653 0.985571183264256 0.984545104205608 0.983885582536459 0.983367044478655 0.982472516596317 0.981203161180019 0.978170253336429 0.975804135203361 0.974485829472542 0.971969485282898 0.968690752983093 0.966021636500955 0.963508358225226 0.96157163567841 0.960695419460535 0.962576519697904 0.962792135775089 0.961342267692089 0.960369301959872 0.959579760208726 0.956067379564047 0.952673988416791 0.950676379725337 0.947363667190075 0.941984362900257 0.93608502484858 0.929854756221175 0.915209587663412 0.8996751755476 0.897634282708168 0.893706763163209 0.884874014183879 0.868092387914657 0.843361884355545 0.827239159494638 0.814427118748426 0.811733111739159 0.810671247541904 0.814794205129146 0.81206576153636 0.798570830374956 0.7945207785815 0.796481104567647 0.791800672188401 0.786104489117861 0.785719122737646 0.785168446600437 0.784187965095043
0.990372911095619 0.989626962691545 0.988391201943159 0.987440280616283 0.98667062073946 0.986077791079879 0.985542988404631 0.985393421724438 0.985193740576506 0.984863761812449 0.984302308410406 0.983509380370378 0.983467219397426 0.983713814988732 0.983490977436304 0.982665069401264 0.978961877524853 0.976140636950731 0.974705319851637 0.972688665613532 0.970302069559693 0.967588635161519 0.964946305379272 0.96462400443852 0.964190503582358 0.963467882946134 0.960230691358447 0.954478928819299 0.954216180369258 0.956064591184258 0.953028079122305 0.949842212721705 0.94734631665051 0.942767322063446 0.934914886951446 0.928505457937717 0.923014305531978 0.908141624182462 0.892247766256332 0.8908911049366 0.887611001729965 0.879329949617386 0.862534241750836 0.837223878130317 0.823181752115488 0.813473563641309 0.810653138905764 0.807842480018735 0.80305483750999 0.801202217116952 0.803961774334311 0.802804430946708 0.799154514446854 0.795735882595181 0.792285900563002 0.787516597658396 0.78404232673347 0.783935138955712
0.989687176421285 0.989224851131439 0.987981379032135 0.986879199743271 0.98586693406105 0.98535649292171 0.984988629817963 0.985338389873505 0.985403761267662 0.98472972214222 0.984210915863514 0.983847342431545 0.983519606292248 0.983205653727054 0.982835179194808 0.98205641657114 0.979252837598324 0.976735206320882 0.974666921421885 0.972713006660342 0.97083187289536 0.96803903952241 0.965159226208925 0.963900532573461 0.963126620277762 0.963613139465451 0.962538780644536 0.959903543815017 0.956350460648537 0.952444359660149 0.950227774679661 0.947242442518473 0.939916457980871 0.934184771031141 0.930958408862352 0.921795289963483 0.908854234963655 0.899789698421955 0.891763454303145 0.888208018615842 0.883237913250923 0.874589666724205 0.858885215595364 0.836124559864402 0.825968654826283 0.820660730823874 0.816084140911698 0.811074981465935 0.803687876090408 0.799000851809978 0.798556812107563 0.80139385536313 0.806318860501051 0.800163352862 0.791849575936794 0.784518964588642 0.779982078820467 0.782708879560232
0.989483825862408 0.988934971392154 0.987415097653866 0.986189467832446 0.985151084139943 0.984861930832267 0.984757587313652 0.985247626900673 0.985373323783279 0.984551729634404 0.983912659808993 0.983456114307046 0.983379056677222 0.983447955921292 0.982818864285946 0.981818774715066 0.979168986901641 0.976428711786866 0.973546242341399 0.972268356010318 0.972011568024754 0.969398180022836 0.966330057010054 0.963543878868222 0.962013524025679 0.963748309761286 0.963534655049443 0.961372559890151 0.957600837573409 0.953210027888417 0.947128752246499 0.940208898857236 0.929593352600932 0.920817475765944 0.914932508021593 0.906603764742613 0.896719891577959 0.891104334965348 0.886177474632859 0.878446174785495 0.870446151122451 0.86174744553864 0.849624313414096 0.834076754748821 0.82499773055315 0.818406604230404 0.814135760068893 0.810239175334573 0.807531451806426 0.805308878421783 0.803848683834076 0.802483763545752 0.801179472357035 0.797435851767659 0.79294740408659 0.784090615808963 0.778398517519235 0.780934613198042
0.988816499710083 0.98815093562007 0.986439485102892 0.985323632135987 0.984586795791984 0.983997648581862 0.983461733907461 0.983328629285097 0.983356885612011 0.983804680407047 0.983959326520562 0.983820823952556 0.983179969713092 0.982345903292298 0.982141304761171 0.981452049687505 0.978154374286532 0.975232442840934 0.972900966182351 0.971503669396043 0.970700850710273 0.968445252627134 0.965945862233639 0.964241452515125 0.963294291868806 0.964315978810191 0.964096238836646 0.96263507194817 0.957954069599509 0.95203466899693 0.944179652258754 0.935555400326848 0.923654271289706 0.911056507378817 0.897364031523466 0.887119706720114 0.879069659858942 0.870087517425418 0.861282996833324 0.85866717249155 0.854432178661227 0.845987344160676 0.839236341416836 0.834179170429707 0.835130266845226 0.838392235338688 0.839213911443949 0.838295601308346 0.829395093023777 0.818849397823215 0.805718408897519 0.799957880750299 0.798887645825744 0.799272621050477 0.799650017172098 0.794950854033232 0.789645660668611 0.782764788717031
0.987893667072058 0.98725969158113 0.985125893726945 0.983936356380582 0.983347712084651 0.98281835578382 0.982321647927165 0.982178384438157 0.982200272381306 0.982651554048061 0.982814079150557 0.982687847688794 0.982455436140299 0.982182186096906 0.981678985059261 0.980690769851208 0.977345116436481 0.974032633006573 0.97077227383852 0.969515010714531 0.969532445073128 0.968371914699674 0.966952957212925 0.965145818889141 0.964068511500955 0.964888764545321 0.964102474972606 0.961709642782807 0.959289690479636 0.956859307363629 0.947801351547241 0.937292523682118 0.921478621661663 0.904982140287757 0.887413034215569 0.880349466577172 0.87997124157846 0.872271452099084 0.863412598147988 0.859742967411876 0.854966394603252 0.847311772406101 0.84069013595581 0.83510148525238 0.833118502050638 0.832522314041853 0.838879911229014 0.842591010034084 0.831024385988713 0.819581653922796 0.808333609253168 0.80429700948298 0.804849511012435 0.799095943570137 0.792677231132984 0.796391688287258 0.795419199392199 0.782260650768876
0.987033374607563 0.985589986667037 0.98344867862761 0.98206296749413 0.981158090755343 0.981669615954161 0.982370672747493 0.981478000059724 0.980752471834421 0.980461519211531 0.980232710018754 0.980066044256091 0.979796443134546 0.979487251490355 0.978651598095894 0.97739658690989 0.974199628457427 0.97143361903727 0.96934481523931 0.968648880720139 0.968839317560196 0.968048373237252 0.966998917981982 0.964891472831368 0.962718956172466 0.960377253592014 0.96060991846025 0.963416950777173 0.96052478812635 0.955440627411008 0.942725336179137 0.931033005937934 0.926699930801988 0.917461179196835 0.900513507425785 0.890569131821394 0.885081399232149 0.879109919071197 0.873119130730629 0.868444845080376 0.861183186993003 0.84719436056912 0.838138066232204 0.834014303982258 0.833517760038376 0.834416300058365 0.840253656730056 0.843743495643139 0.834043152630329 0.821228677406907 0.803520565852523 0.798385567963123 0.801251642405987 0.793239710852504 0.783894710242748 0.788872756063938 0.789264289662242 0.777730891481042
0.984688356518745 0.983069309964776 0.980308344587684 0.978944428265095 0.978469543159008 0.978537945076823 0.978680267930031 0.978232070803642 0.977800907567143 0.977414032444358 0.977143414318562 0.976989053189754 0.976812584325671 0.976627612486482 0.975319895893335 0.973919693380594 0.97238728031516 0.970543364062905 0.968209942802787 0.966943860054016 0.966356992721558 0.966173881664872 0.96611599624157 0.966814175248146 0.966215208172798 0.962243661284446 0.961371088400483 0.963597489520907 0.957656547427177 0.94857431948185 0.935040788725018 0.924451673403382 0.929893841966987 0.926527410745621 0.909318894147873 0.900930605828762 0.898155190050602 0.892486117780208 0.886111745610833 0.877585707232356 0.866832941770553 0.850290685892105 0.841792777180672 0.841339215636253 0.839599531143904 0.837365183979273 0.842641102150083 0.84657490812242 0.841589251533151 0.830731203779578 0.810645112767815 0.800250343978405 0.796022780239582 0.788486683741212 0.780763911083341 0.781116655096412 0.78019324503839 0.775951834395528
0.981434362009167 0.98018511198461 0.977569321170449 0.975324792787432 0.973316522315144 0.972761701792478 0.972535477951169 0.972953667864203 0.973063338547945 0.972370859235525 0.972177589312196 0.972483528777957 0.971855543553829 0.970868356525898 0.970354117453098 0.969851460307836 0.96926761046052 0.968453409150243 0.9672772269696 0.966214329004288 0.965223520994186 0.965632686391473 0.966344868764281 0.967448430135846 0.967202858999371 0.963449543341994 0.96117134205997 0.960368255153298 0.955282321199775 0.948549138382077 0.940205665305257 0.933383824303746 0.934643758460879 0.929987387731671 0.916033966466784 0.906761791557073 0.900468591600656 0.896589938551187 0.89309823513031 0.887975215911865 0.879897417500615 0.864137193188071 0.854049270972609 0.84963365085423 0.848817693069577 0.849386220797896 0.847624523565173 0.844422256574034 0.83470250107348 0.823471359908581 0.809865184128284 0.797486694529653 0.785889459773898 0.779391523450613 0.774208247661591 0.774036586284637 0.772810099646449 0.768841067329049
0.982569567859173 0.9802883900702 0.97738241776824 0.974516173824668 0.971675211563706 0.971680967137218 0.972235098481178 0.972432777285576 0.972298020496964 0.97129893116653 0.970789328217506 0.970769211649894 0.970551408827305 0.970257572829723 0.970222502946854 0.970263367518783 0.970607796683907 0.970357526093721 0.969172727316618 0.967437161132693 0.965351106598973 0.96554090641439 0.966133538633585 0.96583641692996 0.965291069820523 0.964100336655974 0.961555423215032 0.957656329497695 0.953188585117459 0.948502128943801 0.94096066430211 0.935078043490648 0.938329350203276 0.935981683433056 0.924835629761219 0.915690274909138 0.907818092033267 0.902701236307621 0.89808258228004 0.892565244808793 0.885593973100185 0.874842472374439 0.867934023961425 0.864868627861142 0.859359879046679 0.852911379188299 0.851159268990159 0.849038915708661 0.843696055933833 0.835658473894 0.823386328294873 0.810527252033353 0.797294674441218 0.78545500151813 0.774393558502197 0.771826148033142 0.768511025235057 0.763251850381493
