data/dis.20102014.winter.solea_min.asc
NCOLS 320 
NROWS 120 
XLLCORNER 2 
YLLCORNER 53 
CELLSIZE 0.025 
NODATA_value -9999 
[rows 50 to 74 of 120, columns 116 to 173 of 320]
-9999 -9999 -9999 -9999 0.0682393810711801 0.0650254492647946 0.0644304184243083 0.064842657186091 0.0648755931761116 0.0648496742360294 0.0646410402841866 0.0641965982504189 0.0633816006593406 0.0612796073546632 0.0583586167776957 0.0571197466924787 0.0563146770000457 0.0571650043129921 0.0577791295945644 0.0577791295945644 0.0578007800504565 0.0578440809622407 0.0578753473237157 0.0579019850119948 0.0597459365380928 0.0614117234945297 0.0616521835327148 0.0624651566613466 0.064177793217823 0.065180836012587 0.0657323191408068 0.0660544279962778 0.0664281770586968 0.0684596821665764 0.0703209508210421 0.0717396046966314 0.0728877682704478 0.0737654415424913 0.0765814704354853 0.0801430207211524 0.083742212736979 0.086993848439306 0.0884966314770281 0.0905319498851896 0.0934041095897556 0.0989844796713443 0.106288256356493 0.108387768734247 0.11007807473652 0.122506371000782 0.136365384794772 0.153944264166057 0.166092248633504 0.172809338197112 0.163515051826835 0.148062543943524 0.142740767449141 0.141588543541729
-9999 -9999 0.0714556723833084 0.0703827887773513 0.0701712965965271 0.0708211958408356 0.0721469761338085 0.0737327106762678 0.0741999712772668 0.0740577073302119 0.0711967835668475 0.0684622176922858 0.0659262142144143 0.0628084548516198 0.0593204871984198 0.0586189680034295 0.0584245655918494 0.0573772237403318 0.0565824123332277 0.0564441800815985 0.0562115152133629 0.0558844177285209 0.0563378770602867 0.0570915505522862 0.059931994881481 0.0621676325099543 0.0607654805062339 0.0606896145036445 0.0626979122171179 0.0639540129341185 0.0647314428351819 0.0635743399616331 0.062212172197178 0.0639413127209992 0.0664811613969505 0.0711288512684403 0.0740845701657235 0.0753483180887997 0.077457980485633 0.0798929946031421 0.0833508702926337 0.0866433817427605 0.0888082303572446 0.0916924970224501 0.0957072777673602 0.100787540199235 0.106545836431906 0.105804581427947 0.104236034676432 0.110702002421021 0.116792288608849 0.121905802749097 0.13816895801574 0.165581754408777 0.174240429420024 0.175685980822891 0.154206926934421 0.138318268116563
-9999 -9999 0.0720494242850691 0.073123837588355 0.074875378748402 0.0773040477652102 0.0737966869492083 0.0680062377359717 0.0661268078256398 0.0646758612710982 0.0642170317005366 0.063199975178577 0.0613057048758492 0.0588484710315242 0.0560329876607284 0.05595551233273 0.0564279195386916 0.0569391024764627 0.0571990087628364 0.0568055957555771 0.0569235899019986 0.0575529912021011 0.0575350723229349 0.0572681841440499 0.0585765667492524 0.059820297290571 0.0602774525759742 0.0600560443708673 0.0587683221092447 0.0603808865416796 0.0638390879612415 0.0650886369403452 0.0657619566190988 0.0641487964894622 0.064282736973837 0.068959139054641 0.0717552560381591 0.072671087924391 0.0772571943234653 0.0832549447659402 0.0890114833600817 0.0934992332477123 0.0917139842640608 0.0917492315638811 0.094645258737728 0.0990375406108798 0.104381984565407 0.103947581257671 0.102890345267951 0.110893034376204 0.1178156232927 0.121929951710626 0.134085060795769 0.154280950548127 0.164725673384965 0.17141994740814 0.155070975422859 0.141379470471293
-9999 -9999 0.0714525280054658 0.07037811470218 0.0712407571263611 0.0740404552780091 0.0693161849630996 0.0616980806225909 0.060129958204925 0.0591197572648525 0.0591197572648525 0.0585513333790004 0.0570896719582379 0.0563748483546078 0.056135285180062 0.056270363391377 0.0564404990291223 0.0559328302042559 0.0556210319045931 0.0558184969704598 0.0558805681066587 0.0558072453131899 0.0567295500077307 0.058034788351506 0.0596200400032103 0.0606212929124013 0.0586201952537521 0.0574773057596758 0.0576830290956423 0.060513673350215 0.0650147218257188 0.0657648965716362 0.0657099634408951 0.0647211670875549 0.0653210976161063 0.0700517180375753 0.0736172685865312 0.0760177492629736 0.0770325404591858 0.0775143741630018 0.0821337900124489 0.086337556829676 0.0872461425606161 0.0894583680201323 0.0937191701959819 0.098549587186426 0.103742486331612 0.10284092114307 0.10129219153896 0.109462845604867 0.118192289723083 0.128374587977305 0.139419369399548 0.151326633989811 0.159156123176217 0.165417237207294 0.156295541673899 0.148061273153871
-9999 -9999 0.0761034060269594 0.0791500266641379 0.0801773127168417 0.079185264185071 0.0768721695058047 0.0740509801544248 0.0710282314103095 0.0685157342813909 0.0686137774027884 0.0675516370683909 0.0646663513034582 0.0626479989150538 0.0611813314026221 0.0592472505522892 0.0572998540010303 0.0567152958828956 0.0559149835025892 0.0545537100406364 0.0557519743451848 0.0595097764162346 0.0591380357509479 0.0571780094178393 0.0573381268186495 0.0580609978642314 0.0609740654472262 0.0627542734146118 0.0627542734146118 0.0647199486847967 0.0679365082178264 0.0680598486214876 0.0677276675123721 0.0701685657259077 0.0730187091976404 0.0769328903406857 0.0779639440588654 0.0761118703521788 0.0778524004854262 0.0809747013263404 0.0823326974641531 0.0837614892516285 0.086063172435388 0.0890056889038534 0.0929552291054279 0.0949832173064351 0.0957883996888995 0.0951998741365969 0.0946985059417783 0.100417419802397 0.108212122460827 0.121403875993565 0.134686931502074 0.148061288986355 0.154629163909704 0.158579160925001 0.164187784772366 0.167800086084753
-9999 -9999 -9999 -9999 -9999 0.0726424381136894 0.0704462537541985 0.0674053831025957 0.0691177169792355 0.0706617459654808 0.0699662491679192 0.0680080226156861 0.0640655064489692 0.061173141002655 0.0589490532875061 0.0568216857500375 0.0548270032741129 0.0547591182403266 0.0549702906282619 0.055907012312673 0.0576280454406514 0.0601333900121972 0.0592905220109969 0.0571598799433559 0.0577052759472281 0.0589432048145681 0.0628567279782146 0.065277507295832 0.0653525462839752 0.0670265569351614 0.0697180950082838 0.0681391546968371 0.0662174976896495 0.0729892833624037 0.0777428091969341 0.0772488594520837 0.0772705601993948 0.0778079114388674 0.0798208541236818 0.0824013319797813 0.0829592535737902 0.0837492535356432 0.0862945148255676 0.0894949680659921 0.0937250086572022 0.0969249778427184 0.0994694470427931 0.0985324438661337 0.0974732125177977 0.106173108331859 0.11834690021351 0.139552821870893 0.151612679008394 0.154526471626013 0.161751557141543 0.170634832233191 0.173705297987908 0.175366146955639
-9999 -9999 -9999 -9999 -9999 -9999 -9999 0.062398437410593 0.0673465022118764 0.0714903366751968 0.070157706271857 0.0681048885453493 0.0649203478824347 0.0631197150796652 0.0621997509151697 0.0616117642493919 0.0609969727229327 0.0587977750692517 0.0571149364113808 0.0567746311426163 0.0565749207744375 0.0565158053068444 0.0576133868889883 0.0591558519518003 0.0599823305383325 0.0612362538231536 0.0648379848571494 0.066355399088934 0.0645974583458155 0.0646320753730834 0.0658074109815061 0.0676452766638249 0.0696439575403929 0.0721238944679499 0.0745575597975403 0.0768709189724176 0.0797234461642801 0.0831151413731277 0.0840774707030505 0.0841054285410791 0.0857459327671676 0.0874022534117102 0.0886633777990937 0.0909744889941067 0.0949355794582516 0.09926121449098 0.103818832430989 0.105251177446917 0.106421757722273 0.11376826534979 0.124036815017462 0.141902673989534 0.153131440281868 0.157723113894463 0.168288488872349 0.181151441298426 0.177134163677692 0.171965648885816
-9999 -9999 -9999 -9999 -9999 -9999 -9999 -9999 0.0715287327766418 0.0714656135533005 0.0710868982132524 0.0703742371406406 0.0691368042025715 0.0682956483215093 0.0677066687494516 0.0643076456617565 0.0604605705011637 0.05855075805448 0.0576959396712482 0.0595841058529913 0.0611032838933169 0.0622534737922251 0.0613523797364905 0.0596623303135856 0.0613157491898164 0.0632845999207347 0.0658472368959338 0.0668455127160996 0.0653855067212134 0.0665164007805288 0.0692960494197904 0.0709592041093856 0.0724631792400032 0.0750571812968702 0.0772990386467427 0.0786253197584301 0.0805293382145464 0.0830110940150916 0.0888393507339061 0.0959547231905162 0.0941607493441552 0.0923153692856431 0.0928333541378379 0.0957261824514719 0.102350907633081 0.104866956826299 0.104768394026905 0.108862969093025 0.113817186793312 0.119128660531715 0.128114966675639 0.146655837073922 0.159336545970291 0.166157093364745 0.176182529889047 0.187440616078675 0.176733925472945 0.165980062447488
-9999 -9999 -9999 -9999 -9999 -9999 -9999 -9999 -9999 0.0714656135533005 0.0710868982132524 0.0719947486650198 0.0749243453610689 0.077478937804699 0.079794891178608 0.0769104533828796 0.0728887703735383 0.0672152487095446 0.062721527647227 0.0612952881492674 0.0610596236074343 0.0620145340217277 0.0640439094277099 0.0664865405997262 0.0675557295326144 0.0687363701872527 0.0708782230503857 0.0721871331334114 0.0721871331334114 0.075168947223574 0.0800482793711125 0.0813755041453987 0.0818926086649299 0.0807148339226842 0.0802925818134099 0.0818346885498613 0.084720994811505 0.0889515005983412 0.0944356063846499 0.100401866016909 0.103334930492565 0.106123050441965 0.109078563982621 0.108997389208525 0.104144275654107 0.105094885686413 0.109738774364814 0.113061350304633 0.116440115729347 0.125266565708443 0.137410786002875 0.158181209117174 0.172183484304696 0.179417611565441 0.179231875576079 0.176192346028983 0.168592831585556 0.161457563284785
-9999 -9999 -9999 -9999 -9999 -9999 -9999 -9999 -9999 -9999 -9999 -9999 -9999 0.0779853591229767 0.0811300019267947 0.0780228381045164 0.0736698752734811 0.0693944718223065 0.0656735330121591 0.0633942022686824 0.0625123715726659 0.0630280409241095 0.0647218143567443 0.0668687047436834 0.0686343291308731 0.0705100677441805 0.0730485145468265 0.0747770755551755 0.0752329588867724 0.0792031371966005 0.08540968503803 0.0848056292161345 0.0830649239942432 0.0851572314277292 0.0871774929109961 0.0890104349236935 0.0908963275142013 0.0928351706825196 0.097534254193306 0.103294968605041 0.104978074319661 0.106888458132744 0.11113452911377 0.111770430579781 0.106733208522201 0.108393201138824 0.114315057639033 0.115274750627577 0.115496227983385 0.120039395522326 0.129938276717439 0.1537620134186 0.170962426811457 0.181539516896009 0.182123299222439 0.178863501641899 0.174941415432841 0.171260070987046
-9999 -9999 -9999 -9999 -9999 -9999 -9999 -9999 -9999 -9999 -9999 -9999 -9999 -9999 -9999 -9999 0.0813419816549869 0.0757975832093508 0.0715114248450845 0.0704966906923801 0.068134796107188 0.064425741089508 0.0668599002528936 0.0716568341013046 0.0741642641369254 0.0768287503160536 0.0809519006870687 0.0838785553351045 0.0849250024184585 0.0874206279404462 0.0908384579233824 0.0901955631561577 0.0889077647589147 0.0904630688019097 0.0931485700421035 0.0987725839950142 0.102865180233493 0.105426358757541 0.10591681371443 0.105610836530104 0.10729120275937 0.109678789973259 0.115018263459206 0.118172905407846 0.117894240655005 0.119283949257806 0.121735349996015 0.116571547230706 0.110309735871851 0.111273470334709 0.118259408976883 0.14090307848528 0.158430103212595 0.170840483158827 0.176981879398227 0.180712128058076 0.186109220609069 0.188738542608917
-9999 -9999 -9999 -9999 -9999 -9999 -9999 -9999 -9999 -9999 -9999 -9999 -9999 -9999 -9999 -9999 -9999 -9999 -9999 0.0716096684336662 0.0701339840888978 0.0671826153993607 0.0688893471378833 0.0723876559641213 0.075104326941073 0.0780966272577643 0.0826969677582384 0.0860017410013825 0.0872706228401512 0.0889210987370462 0.090814407216385 0.0920384067576378 0.0930967347230762 0.0936142962891608 0.0961391315795481 0.103882878553122 0.107668720185757 0.107496656477451 0.10633201780729 0.104785619536415 0.107102505629882 0.110266594449058 0.116530436789617 0.120572662679479 0.121123777003959 0.122339081251994 0.123977051815018 0.117180215427652 0.109303927980363 0.111755316145718 0.118259633891285 0.135301568545401 0.152269000653178 0.169161930214614 0.178689242806286 0.185383625794202 0.187823630403727 0.190065740607679
-9999 -9999 -9999 -9999 -9999 -9999 -9999 -9999 -9999 -9999 -9999 -9999 -9999 -9999 -9999 -9999 -9999 -9999 -9999 -9999 -9999 0.072955422103405 0.072689657099545 0.072321674786508 0.0757462847977877 0.0787486077751964 0.0785240272525698 0.0786225802730769 0.0792289145756513 0.084127729991451 0.0917581242974846 0.0937062588054687 0.094548950670287 0.0959188009146601 0.0991868309210986 0.107390128308907 0.114506923593581 0.120537216775119 0.119453344261274 0.11563325417228 0.117934952257201 0.119673273060471 0.116794181521982 0.113404592964798 0.109212794806808 0.111413241364062 0.117681480012834 0.112863429356366 0.106416953494772 0.109980632783845 0.117314600385726 0.134451317600906 0.151454108767212 0.168322973884642 0.185118263587356 0.20188525505364 0.204912753775716 0.207255119923502
-9999 -9999 -9999 -9999 -9999 -9999 -9999 -9999 -9999 -9999 -9999 -9999 -9999 -9999 -9999 -9999 -9999 -9999 -9999 -9999 -9999 -9999 0.075228129979223 0.0783749562688173 0.0784948135260493 0.0784467188641429 0.0784491496160626 0.0790306078270078 0.0805219663307071 0.084737852215767 0.0906875282526015 0.0918111104983836 0.0919786943122744 0.092303023673594 0.093766535166651 0.0981919202022253 0.101813463959843 0.104631166439503 0.106592660304159 0.108224843163043 0.110560233704746 0.112489740131423 0.112183000193909 0.109251134330407 0.102194070583209 0.10569164226763 0.115905800135806 0.111680635018274 0.105204837396741 0.109561985358596 0.118376430356875 0.138779847649857 0.160386870615184 0.183197499252856 0.19619397027418 0.205415765289217 0.211605544667691 0.216870775446296
-9999 -9999 -9999 -9999 -9999 -9999 -9999 -9999 -9999 -9999 -9999 -9999 -9999 -9999 -9999 -9999 -9999 -9999 -9999 -9999 -9999 -9999 -9999 -9999 0.0784948135260493 0.0787043010350317 0.0802522248122841 0.0820467851590366 0.0842289172578604 0.0883853991981597 0.093798285583034 0.0942132002674043 0.0936246977653354 0.0929712068755179 0.0924125083256513 0.0921002698596567 0.0912171755917371 0.0897632255218923 0.0924725972581655 0.0967832466121763 0.0890299549791964 0.0825264118611812 0.0858198292553425 0.0879417262040079 0.0882226624526083 0.0975150901358579 0.112542103277519 0.117666711565107 0.120759771205485 0.122984680347145 0.129859957844019 0.148826193064451 0.173431089613587 0.203674647491425 0.213601584080607 0.215714435558766 0.22482416825369 0.232481022831053
-9999 -9999 -9999 -9999 -9999 -9999 -9999 -9999 -9999 -9999 -9999 -9999 -9999 -9999 -9999 -9999 -9999 -9999 -9999 -9999 -9999 -9999 -9999 -9999 -9999 -9999 -9999 -9999 0.0954653769731522 0.0958345879334956 0.0964387513231486 0.099092754535377 0.101873491890728 0.0998392542824149 0.09956698352471 0.103875826578587 0.106558838160709 0.107616018271074 0.110041601816192 0.112993494374678 0.101367259398103 0.0911994359921664 0.0926113550085574 0.0943523417226971 0.0966104348190129 0.106223575770855 0.120517201721668 0.125087240245193 0.12764628091827 0.129078555386513 0.137575004715473 0.164438308682292 0.187512124888599 0.206796453334391 0.213567325379699 0.215525329578668 0.228980519343167 0.24046646617353
-9999 -9999 -9999 -9999 -9999 -9999 -9999 -9999 -9999 -9999 -9999 -9999 -9999 -9999 -9999 -9999 -9999 -9999 -9999 -9999 -9999 -9999 -9999 -9999 -9999 -9999 -9999 -9999 -9999 -9999 0.0988969877362251 0.110550546785816 0.123453604290262 0.117976034758612 0.115171217825264 0.119315557647496 0.12288046698086 0.125865945825353 0.125855372520164 0.124692471465096 0.119883357314393 0.115139527712017 0.111794536467642 0.109853048576042 0.110117065953091 0.120039469329641 0.136108118342236 0.143745833542198 0.149672913365066 0.155184366740286 0.163799596950412 0.18048464693129 0.19562772847712 0.209228841587901 0.213489436544478 0.214157524518669 0.222660697065294 0.231180950533599
-9999 -9999 -9999 -9999 -9999 -9999 -9999 -9999 -9999 -9999 -9999 -9999 -9999 -9999 -9999 -9999 -9999 -9999 -9999 -9999 -9999 -9999 -9999 -9999 -9999 -9999 -9999 -9999 -9999 -9999 -9999 -9999 0.151683978736401 0.156851924955845 0.160796718671918 0.161561315879226 0.163968661334365 0.168018755037337 0.17245397856459 0.177037328947335 0.165741133503616 0.155033389106393 0.151938354596496 0.14949006633833 0.148058093618602 0.157377989497036 0.173539983574301 0.181922412011772 0.188274893444032 0.18656879896298 0.187567884568125 0.195600438397378 0.204563861247152 0.214458153117448 0.217120037414134 0.2170002264902 0.22491245623678 0.232910003047436
-9999 -9999 -9999 -9999 -9999 -9999 -9999 -9999 -9999 -9999 -9999 -9999 -9999 -9999 -9999 -9999 -9999 -9999 -9999 -9999 -9999 -9999 -9999 -9999 -9999 -9999 -9999 -9999 -9999 -9999 -9999 -9999 0.151683978736401 0.156851924955845 0.163038698490709 0.171874423045665 0.179411975201219 0.185651354957372 0.19106231816113 0.196154659613967 0.189769598189742 0.183458272367716 0.180891331285238 0.179838373791426 0.181164533365518 0.189907643478364 0.203370631206781 0.205597377382219 0.205616435036063 0.206308009102941 0.206978288479149 0.20759320165962 0.210581450723112 0.215943035669625 0.220719128847122 0.225270032882691 0.234512347262353 0.243864697404206
-9999 -9999 -9999 -9999 -9999 -9999 -9999 -9999 -9999 -9999 -9999 -9999 -9999 -9999 -9999 -9999 -9999 -9999 -9999 -9999 -9999 -9999 -9999 -9999 -9999 -9999 -9999 -9999 -9999 -9999 -9999 -9999 -9999 -9999 -9999 -9999 0.179024094250053 0.184487712103873 0.190935644786805 0.197762160096317 0.191514123231173 0.185807210858911 0.186651377473027 0.190140367951244 0.197785510215908 0.20670358883217 0.216431717853993 0.22134259250015 0.225045990664512 0.224600953515619 0.223919213749468 0.222622047178447 0.224604627117515 0.22986695356667 0.237515565473586 0.246081979479641 0.248792171478271 0.251113631762564
-9999 -9999 -9999 -9999 -9999 -9999 -9999 -9999 -9999 -9999 -9999 -9999 -9999 -9999 -9999 -9999 -9999 -9999 -9999 -9999 -9999 -9999 -9999 -9999 -9999 -9999 -9999 -9999 -9999 -9999 -9999 -9999 -9999 -9999 -9999 -9999 -9999 -9999 -9999 0.170707389712334 0.169474142137915 0.169142218772322 0.173679636325687 0.178757008165121 0.184682879596949 0.188864970114082 0.191937381867319 0.202352249994874 0.213731100782752 0.216533305123448 0.218875084538013 0.220019759144634 0.225331693887711 0.234810888767242 0.241233017295599 0.246479351073504 0.241893379949033 0.237262572627515
-9999 -9999 -9999 -9999 -9999 -9999 -9999 -9999 -9999 -9999 -9999 -9999 -9999 -9999 -9999 -9999 -9999 -9999 -9999 -9999 -9999 -9999 -9999 -9999 -9999 -9999 -9999 -9999 -9999 -9999 -9999 -9999 -9999 -9999 -9999 -9999 -9999 -9999 -9999 -9999 -9999 -9999 0.177626520395279 0.178156112320721 0.179517920129001 0.184386216569692 0.191485914867371 0.198139276821166 0.205153288319707 0.219815885648131 0.231626279652119 0.236020945012569 0.240623988676816 0.245435410644859 0.243937683291733 0.24001336004585 0.235061730258167 0.230297944042832
-9999 -9999 -9999 -9999 -9999 -9999 -9999 -9999 -9999 -9999 -9999 -9999 -9999 -9999 -9999 -9999 -9999 -9999 -9999 -9999 -9999 -9999 -9999 -9999 -9999 -9999 -9999 -9999 -9999 -9999 -9999 -9999 -9999 -9999 -9999 -9999 -9999 -9999 -9999 -9999 -9999 -9999 -9999 0.176004437031224 0.175927470205352 0.177103219553828 0.179076151922345 0.182176904287189 0.186131952796131 0.200775447767228 0.21124193072319 0.210848182439804 0.214411400724202 0.221931585576385 0.222821023780853 0.221160174813121 0.222826158162206 0.224561333656311
-9999 -9999 -9999 -9999 -9999 -9999 -9999 -9999 -9999 -9999 -9999 -9999 -9999 -9999 -9999 -9999 -9999 -9999 -9999 -9999 -9999 -9999 -9999 -9999 -9999 -9999 -9999 -9999 -9999 -9999 -9999 -9999 -9999 -9999 -9999 -9999 -9999 -9999 -9999 -9999 -9999 -9999 -9999 0.176064300118014 0.176141266943887 0.176148255821317 0.176110713277012 0.180089904461056 0.185142363421619 0.194783479906618 0.201998778153211 0.202906948979944 0.205763790756464 0.210569303482771 0.214878263883293 0.218996242620051 0.219325587153435 0.219851214904338
-9999 -9999 -9999 -9999 -9999 -9999 -9999 -9999 -9999 -9999 -9999 -9999 -9999 -9999 -9999 -9999 -9999 -9999 -9999 -9999 -9999 -9999 -9999 -9999 -9999 -9999 -9999 -9999 -9999 -9999 -9999 -9999 -9999 -9999 -9999 -9999 -9999 -9999 -9999 -9999 -9999 -9999 -9999 -9999 -9999 0.184149673208595 0.197205359116197 0.198208336252719 0.196815847884864 0.195679655764252 0.195723738055676 0.198836533818394 0.206068699713796 0.217420235741883 0.214136402588338 0.20522358128801 0.208843785803765 0.212190162856132
