data/dis.20102014.winter.merlangus_min.asc
NCOLS 320 
NROWS 120 
XLLCORNER 2 
YLLCORNER 53 
CELLSIZE 0.025 
NODATA_value -9999 
[rows 75 to 99 of 120, columns 174 to 231 of 320]
0.897986486554146 0.898729026317596 0.898495137691498 0.895691281184554 0.891251990571618 0.891547637060285 0.892695633694529 0.892234796658158 0.893529195338488 0.899387206882238 0.904051752761006 0.907522832974792 0.910161131992936 0.912479130551219 0.914416991174221 0.916520848870277 0.919566497206688 0.920012122020125 0.916371995583176 0.912227038294077 0.907760825008154 0.910272406414151 0.914527628570795 0.924700241535902 0.931777399033308 0.930806372314691 0.930199254304171 0.929956045001745 0.930268241092563 0.93079405464232 0.928344881162047 0.926519688218832 0.928689394146204 0.930015586316586 0.930016256868839 0.93209345638752 0.93549208343029 0.940493945032358 0.94535987265408 0.942463925108314 0.940915228798985 0.942869385704398 0.942013861611485 0.938348656520247 0.939571803435683 0.942675085738301 0.938222821801901 0.935071282088757 0.940645582973957 0.943839794024825 0.943293863907456 0.946924390271306 0.953212661668658 0.958281869068742 0.962878294289112 0.96358224004507 0.964820560067892 0.967448253184557
0.903205027803779 0.895025862380862 0.888866471126675 0.88624751381576 0.885881559923291 0.885718895122409 0.885666901245713 0.886805130168796 0.887603659182787 0.887518968433142 0.887973653152585 0.888967713341117 0.896851517260075 0.907385222613811 0.910892566666007 0.913197059184313 0.911553870886564 0.909827679395676 0.907971054315567 0.907611096277833 0.90820356272161 0.910229558125138 0.912682143971324 0.917512768879533 0.920261645689607 0.917597977444529 0.91645492054522 0.916832474991679 0.915753122419119 0.91411342099309 0.917942924425006 0.921134440228343 0.919527428224683 0.918974502012133 0.920077996328473 0.923559598624706 0.92855454236269 0.93082338385284 0.932445924729109 0.932350102812052 0.932228250429034 0.932038718834519 0.932592175900936 0.933888621628284 0.935048134997487 0.936154982075095 0.931485790759325 0.927771070972085 0.930527543649077 0.935663362964988 0.944538155570626 0.95024742372334 0.953942267224193 0.954933416098356 0.955570159479976 0.959374571219087 0.962642978876829 0.964517775923014
0.891443118453026 0.880446240305901 0.876930668950081 0.877048613503575 0.879478795453906 0.879133924841881 0.8782879691571 0.87835874594748 0.878683224320412 0.879667326807976 0.882959872484207 0.888560861349106 0.897723011672497 0.908254839479923 0.910195454955101 0.911423269659281 0.911613907665014 0.912328315898776 0.913865791633725 0.913556933403015 0.912073135375977 0.913696927949786 0.915675275027752 0.913115240633487 0.910881923511624 0.909498071298003 0.908837543800473 0.908900341019034 0.910201607272029 0.911979207769036 0.915435431525111 0.91795264557004 0.915281098335981 0.913604468107223 0.913491278886795 0.916972942650318 0.922742240130901 0.924660304561257 0.925580136477947 0.922624208033085 0.921123629435897 0.923406960442662 0.924600107595324 0.924703070893883 0.924117377027869 0.923266815021634 0.921897675842047 0.92147303186357 0.925923386588693 0.932490648701787 0.942384479567409 0.948555503040552 0.952357467263937 0.951030880212784 0.94891713000834 0.950858680531383 0.952990481629968 0.955616934224963
0.856732407584787 0.846862455829978 0.848124066367745 0.851868648082018 0.857193302363157 0.859907440841198 0.862041713669896 0.863194024190307 0.864663533866405 0.866957761347294 0.872689021751284 0.881857315078378 0.891720416024327 0.901850750669837 0.906392123550177 0.909734519198537 0.908725840970874 0.9083510953933 0.908972529694438 0.915186975151301 0.924960609525442 0.920569386333227 0.91404659114778 0.919447587803006 0.924456125125289 0.92844426818192 0.932948870584369 0.937969932332635 0.936487518250942 0.932503767311573 0.934397350996733 0.936302211135626 0.936534825712442 0.936104888096452 0.934633797034621 0.935426177456975 0.93765894882381 0.935397483408451 0.932183183729648 0.928051106631756 0.925421057268977 0.926696280017495 0.927890768274665 0.929004522040486 0.924511240795255 0.917861407622695 0.915543405339122 0.914008153602481 0.915112586691976 0.918096378445625 0.92403344810009 0.930015552788973 0.936026316136122 0.938879365101457 0.941282039508224 0.946764575317502 0.948339039459824 0.939752517268061
0.855415027588606 0.845402924343944 0.845837207511067 0.845756579190493 0.845348279923201 0.843015272170305 0.840052844956517 0.832934295758605 0.828652787953615 0.831747587770224 0.841320173814892 0.857370546087622 0.870185561478138 0.881756208837032 0.886633040383458 0.890478188171983 0.89113368652761 0.892510045319796 0.895019184798002 0.904138004407287 0.917462984099984 0.91021072678268 0.899766989052296 0.905030690133572 0.910478616133332 0.916405526921153 0.922346971929073 0.928302951157093 0.927764462307096 0.924728101119399 0.929067175835371 0.932960547506809 0.932456158101558 0.932354671880603 0.932886319234967 0.934134040027857 0.93583744391799 0.932992799207568 0.929294887930155 0.926554810255766 0.924337269738316 0.92347832582891 0.923732766881585 0.925100592896342 0.921082776039839 0.914993558079004 0.909936934709549 0.905347814783454 0.902792507782578 0.902579348534346 0.906046707183123 0.909721374511719 0.913527965545654 0.916894227266311 0.92034082300961 0.926650216802955 0.931851495057344 0.934171672910452
0.851045170798898 0.843440517783165 0.84106220304966 0.835546085610986 0.828033184632659 0.822696337476373 0.817827332764864 0.813513066619634 0.810279795899987 0.809857113286853 0.812327092513442 0.817689733579755 0.837602097541094 0.86311050876975 0.863161616027355 0.863330176100135 0.871573442593217 0.869522148743271 0.851293688639998 0.867154700681568 0.904709013178945 0.895830571651459 0.878789303824305 0.880851352587342 0.886665392667055 0.902234610170126 0.910685479640961 0.912018001079559 0.916980864480138 0.923340013250708 0.905989637598395 0.890280922874808 0.889753902330995 0.890593918040395 0.893582133576274 0.904788177460432 0.921223748475313 0.927387520670891 0.930911401286721 0.924481241032481 0.919216537848115 0.91698202304542 0.917124129831791 0.919642858207226 0.921221002936363 0.922437384724617 0.921306949108839 0.921552265062928 0.929366579279303 0.932487588375807 0.928233403712511 0.920100817456841 0.90950015746057 0.910024769604206 0.913081800565124 0.921364026144147 0.926681581884623 0.924290996044874
0.846652561798692 0.835527697578073 0.825980206951499 0.821256566792727 0.819602649658918 0.818740682676435 0.817762311547995 0.812112439423799 0.80734640173614 0.804878333583474 0.801302663981915 0.796619392931461 0.811945535242558 0.834967605769634 0.842630742117763 0.849191972985864 0.854761010035872 0.849318837746977 0.826573336496949 0.839382646605373 0.874817745760084 0.85905964486301 0.835309205576778 0.849745893850922 0.865177923813462 0.883197842165828 0.890849765390158 0.888133693486452 0.894910920411348 0.905339416116476 0.887396290898323 0.871610434725881 0.874955518171191 0.878837501630187 0.883563185110688 0.896366326138378 0.914309667423368 0.919773444533348 0.922174690291285 0.914943421259522 0.908302340656519 0.90319574996829 0.902173325419426 0.905235067009926 0.908462822437286 0.911754429340363 0.912610873579979 0.914420062676072 0.921709200367331 0.925373200327158 0.923340555280447 0.915409222245216 0.903724178671837 0.901672540232539 0.902012521401048 0.910256458446383 0.915835769847035 0.914487054571509
0.831230996176601 0.822560425847769 0.815060500055551 0.81116784363985 0.809570722281933 0.808468021452427 0.807191509753466 0.801279183477163 0.797688774764538 0.800135351717472 0.802166555076838 0.803782384842634 0.825104488059879 0.854005927219986 0.847221359610557 0.837696438655257 0.824965635314584 0.81965215690434 0.825994474813342 0.826272614300251 0.822691731154919 0.826110715046525 0.831589417532086 0.848283788189292 0.8611940741539 0.864265739917755 0.86429844610393 0.861292192712426 0.863906316459179 0.868682123720646 0.874814489856362 0.880366433411837 0.882617276161909 0.889033116400242 0.901993952691555 0.898990299552679 0.885827425867319 0.897195141762495 0.912733219563961 0.915763445198536 0.918162895366549 0.918922329321504 0.919155212119222 0.918861543759704 0.917094962671399 0.914761876687407 0.914356173947453 0.91353926807642 0.910099469125271 0.904919784516096 0.897005993872881 0.89549508690834 0.898058742284775 0.899698292836547 0.9009765163064 0.899254135787487 0.898564433678985 0.90055969543755
0.817601684480906 0.808008853346109 0.801592405885458 0.797586971893907 0.795115819200873 0.794146982952952 0.793384810909629 0.791028054431081 0.791610337793827 0.799834124743938 0.807448580861091 0.814453706145286 0.827312417328358 0.842422507703304 0.835792539641261 0.828077305108309 0.82132987305522 0.822637571021915 0.83660333044827 0.839854665100574 0.83628772944212 0.840537644922733 0.846497571095824 0.854950385168195 0.862857304513454 0.869344897568226 0.87473146058619 0.879016993567348 0.881169965490699 0.882502721622586 0.88607963733375 0.88935955427587 0.890494430437684 0.89406718313694 0.901470884680748 0.893102591857314 0.874697575345635 0.887274727225304 0.905614579096437 0.916580958291888 0.924508338794112 0.924534322693944 0.925855645909905 0.928472308441997 0.927964830771089 0.926255760714412 0.923155806958675 0.919645169749856 0.914490198716521 0.906792847439647 0.895100327208638 0.892348244786262 0.895285531878471 0.894618600606918 0.893336851149797 0.893857534974813 0.89442353695631 0.895107366144657
0.803830115124584 0.794619964435697 0.791866911575198 0.791143037378788 0.791710458695889 0.793084861710667 0.795271422713995 0.808520931750536 0.81864183023572 0.820628341287374 0.826848417520523 0.837302058935165 0.836691735312342 0.831826040521264 0.832915544509888 0.833078309893608 0.826855853199959 0.826998500153423 0.837143452838063 0.849903859198094 0.864328645169735 0.868465594947338 0.870103692635894 0.864239947870374 0.862574968487024 0.871826779097319 0.881486386060715 0.891553789377213 0.894269632175565 0.894157951697707 0.892099604010582 0.889754883944988 0.886550851166248 0.881154052913189 0.872311480343342 0.867738794535398 0.865883309394121 0.866797428578138 0.868260996416211 0.869648536667228 0.871743174269795 0.875676264986396 0.879462856799364 0.8831029497087 0.884672591462731 0.885445905849338 0.885669231414795 0.885111493989825 0.880810203030705 0.876882947981358 0.873543463647365 0.873416936025023 0.875335017219186 0.861439939588308 0.845606433227658 0.85058437846601 0.855166194960475 0.858718076720834
0.795308953151107 0.78866689093411 0.787587536498904 0.788170052692294 0.789810122922063 0.79275950230658 0.796641590073705 0.811928069218994 0.824129011482 0.828307557851076 0.835049306973815 0.844354258850217 0.84326346591115 0.838174309581518 0.832862200215459 0.82954560406506 0.836272148415446 0.842648478224874 0.848474470898509 0.862428221851588 0.881554182618857 0.88509882800281 0.885134136304259 0.878487186506391 0.875615604221821 0.882559977471829 0.887929994612932 0.891725655645132 0.896673437207937 0.902064342051744 0.900818839669228 0.897773565724492 0.887681318446994 0.881706738844514 0.882202779874205 0.881581734865904 0.880249816924333 0.879601052030921 0.879086246713996 0.878526033833623 0.879131091758609 0.882765853777528 0.884789379313588 0.88520166836679 0.885905183851719 0.886720709502697 0.883502624928951 0.88027136772871 0.87816060334444 0.875802055001259 0.873054131865501 0.871024925261736 0.869453083723783 0.863646760582924 0.857499603182077 0.859955500811338 0.862029295414686 0.86310962215066
0.803640777245164 0.795839754864573 0.795955391600728 0.796871045604348 0.798295801505446 0.799965001642704 0.801738064736128 0.804445687681437 0.808463141322136 0.815886154770851 0.821188764646649 0.824370970949531 0.835725605487823 0.85022348165512 0.85529707185924 0.858940724283457 0.858206536620855 0.860103651881218 0.86613567173481 0.87526554055512 0.886366767808795 0.890802482143044 0.893733786419034 0.893752863630652 0.89457399584353 0.89748047105968 0.900157483294606 0.902605032548308 0.90704695135355 0.912255935370922 0.911905406042933 0.910118954256177 0.90278804115951 0.896827293559909 0.89301966316998 0.89714715257287 0.9063242636621 0.906859073787928 0.905760271474719 0.906273880973458 0.907150287181139 0.908969964832067 0.908634219318628 0.906143050640821 0.905124818906188 0.904673101380467 0.905345426872373 0.906278209760785 0.908182678744197 0.911405498161912 0.916700011119246 0.92139482870698 0.925708021968603 0.922410810366273 0.917808309197426 0.916891261935234 0.917612271383405 0.922592228278518
0.822435179725289 0.815984047949314 0.805535636842251 0.801736798137426 0.802169505506754 0.806396756321192 0.811387948691845 0.816464699804783 0.821388313546777 0.825913770124316 0.829378429800272 0.831782292574644 0.84723349660635 0.867702908813953 0.875825991854072 0.880970239639282 0.874851584434509 0.874619415029884 0.883637437596917 0.889417445287109 0.893136898055673 0.897154802456498 0.901246387511492 0.905575808137655 0.908688949421048 0.908639764413237 0.908081529662013 0.907014245167374 0.905368696898222 0.903500739485026 0.901915740221739 0.9009760171175 0.903179451823234 0.902388982474804 0.896893806755543 0.90041932463646 0.909685283899307 0.909626850858331 0.9079131167382 0.909762198105454 0.908522967249155 0.899254124611616 0.890477132052183 0.882191989570856 0.889708550646901 0.903302690014243 0.903365343809128 0.903670098632574 0.90916520729661 0.915126221254468 0.921819372102618 0.926533829420805 0.929989118129015 0.919039379805327 0.906566124409437 0.91717017069459 0.924285044893622 0.922328071668744
0.84187956340611 0.834590470418334 0.817640686407685 0.812198111787438 0.814078306779265 0.818601511418819 0.823585407808423 0.827414831146598 0.831552997231483 0.836493894457817 0.844901513308286 0.856775853782892 0.871721982955933 0.887849569320678 0.901798479259014 0.913147788494825 0.912139881402254 0.912645693868399 0.91553020849824 0.913621094077825 0.908661488443613 0.915252452716231 0.923772240057588 0.925810081884265 0.926695393398404 0.924584126099944 0.91961027123034 0.911773828789591 0.90981755964458 0.910122895613313 0.917708830907941 0.924468634650111 0.924956427887082 0.925456633791327 0.925976345315575 0.923341104760766 0.918698167428374 0.920455120503902 0.92312622256577 0.919578230008483 0.915576208382845 0.910393711179495 0.902479132637381 0.891832472756505 0.897066915407777 0.908409474417567 0.911213479936123 0.912502789869904 0.908729961141944 0.905966652557254 0.904789732769132 0.900133108720183 0.893262127414346 0.879462441429496 0.865919228643179 0.880293656140566 0.890007726848125 0.887604869902134
0.838599806651473 0.836773049086332 0.826697934418916 0.826758181676268 0.833268204703927 0.842823345214128 0.852807875722647 0.859738636761904 0.867234142497182 0.876197984442115 0.885758869349956 0.895916797220707 0.905136466026306 0.913995265960693 0.925825886428356 0.935874788090587 0.936141030862927 0.93630745075643 0.936317006126046 0.934186782687902 0.930694881826639 0.932425465434789 0.935198223218322 0.937931494787335 0.938982453197241 0.935659397393465 0.931077698245645 0.925237355753779 0.922078974545002 0.919952116906643 0.924631042405963 0.928883193060756 0.928999768570065 0.925697658210993 0.917023327201605 0.911387488245964 0.907685235142708 0.912147710099816 0.91741687245667 0.908639645203948 0.901585206389427 0.899010017514229 0.895510103553533 0.891085464507341 0.894558420404792 0.901068912819028 0.904220322147012 0.906657695770264 0.90651285648346 0.908025525510311 0.912142850458622 0.906309727579355 0.894144501537084 0.879462441429496 0.865919228643179 0.880293656140566 0.890007726848125 0.887604869902134
0.833645915612578 0.83301487006247 0.831973468884826 0.839127726852894 0.851497404277325 0.865307986736297 0.879410296678543 0.893572896718979 0.906040946021676 0.914103163406253 0.921909464523196 0.929459849372506 0.938030919060111 0.946994559839368 0.949555987492203 0.95103002898395 0.948950143530965 0.94604585878551 0.941846089437604 0.934186428785324 0.92432501912117 0.920152490958571 0.917627399787307 0.923766540363431 0.927331486716866 0.924203528091311 0.921892134472728 0.920397305861115 0.913636865094304 0.904851188883185 0.902461202815175 0.900903381407261 0.901625297963619 0.901649992913008 0.900579053908586 0.902264390140772 0.905703719705343 0.904723914340138 0.902963817119598 -9999 -9999 0.868496656417847 0.866971384733915 0.863920841366053 0.860979069024324 0.858079131692648 -9999 -9999 -9999 -9999 -9999 -9999 -9999 -9999 0.876937866210938 -9999 -9999 -9999
0.839921562001109 0.836161952465773 0.83983101323247 0.8499446939677 0.864159496501088 0.878801552578807 0.893120504915714 0.900494031608105 0.907870687544346 0.915255479514599 0.918757908046245 0.918377973139286 0.927538337185979 0.940368046984076 0.937067052349448 0.932775696739554 0.928276861086488 0.924201034009457 0.920789934694767 0.908728195354342 0.891161503270268 0.887887101620436 0.887616897001863 0.889824254438281 0.890171546489 0.885682668536901 0.881829591467976 0.878612315282225 0.874053634703159 0.868979029357433 0.867654632776976 0.866734802722931 -9999 -9999 -9999 -9999 -9999 -9999 -9999 -9999 -9999 -9999 -9999 0.85490483045578 0.856128940358758 0.857823861762881 -9999 -9999 -9999 -9999 -9999 -9999 -9999 -9999 -9999 -9999 -9999 -9999
0.864910900592804 0.871102396398783 0.887023385614157 0.900614293292165 0.912722421810031 0.92120635509491 0.928400358185172 0.925987811759114 0.923384670168161 0.920285981148481 0.921156207099557 0.925995348021388 0.932703621685505 0.940130792558193 0.931166276335716 0.921939387917519 0.916221722960472 0.91121244058013 0.907316330820322 0.897851264104247 0.884842315688729 0.87898631580174 0.874506952241063 0.869110381230712 0.862719148397446 0.8537417948246 0.849253118038177 -9999 -9999 -9999 0.851349588483572 -9999 -9999 -9999 -9999 -9999 -9999 -9999 -9999 -9999 -9999 -9999 -9999 -9999 -9999 -9999 -9999 -9999 -9999 -9999 -9999 -9999 -9999 -9999 -9999 -9999 -9999 -9999
-9999 0.873010139912367 0.893836755305529 0.908142633736133 0.918298952281475 0.922650830820203 0.925611304119229 0.924652984365821 0.923128942027688 0.920134020969272 0.921080622822046 0.925968747586012 0.927378403022885 0.927450185641646 0.919756609946489 0.91156811080873 0.903188923373818 0.899759873747826 0.904109612107277 0.897851264104247 0.884842315688729 0.87448506616056 0.865204369649291 0.865209298208356 0.862719148397446 0.8537417948246 -9999 -9999 -9999 0.839716196060181 0.851349588483572 0.861614346504211 -9999 -9999 -9999 -9999 -9999 -9999 -9999 -9999 -9999 -9999 -9999 -9999 -9999 -9999 -9999 -9999 -9999 -9999 -9999 -9999 -9999 -9999 -9999 -9999 -9999 -9999
-9999 0.910800131037831 0.914891270920634 0.917406000196934 0.918917559087276 0.91612090356648 0.91278825700283 0.914991691708565 0.914154749363661 0.905412826687098 0.90281493961811 0.9063610881567 0.912478780373931 0.919585527852178 0.910662582144141 0.902353791519999 0.901830391958356 0.901134043000638 0.900165916420519 -9999 -9999 -9999 0.864950953051448 0.860394382849336 0.857103526592255 -9999 -9999 -9999 -9999 -9999 0.851349588483572 -9999 -9999 -9999 -9999 -9999 -9999 -9999 -9999 -9999 -9999 -9999 -9999 -9999 -9999 -9999 -9999 -9999 -9999 -9999 -9999 -9999 -9999 -9999 -9999 -9999 -9999 -9999
-9999 -9999 0.922887146472931 0.924535863101482 0.927233763039112 0.921588931232691 0.914769308641553 0.916343530640006 0.91566114872694 0.909111596643925 0.908946372568607 0.915165476500988 0.919049393385649 0.922035161405802 -9999 -9999 -9999 -9999 0.903799712657928 0.896267203614115 0.88394127972424 0.879862980917096 0.877561111934483 0.877416624687612 -9999 -9999 -9999 0.825846612453461 0.825846612453461 -9999 -9999 -9999 -9999 -9999 -9999 -9999 -9999 -9999 -9999 -9999 -9999 -9999 -9999 -9999 -9999 -9999 -9999 -9999 -9999 -9999 -9999 -9999 -9999 -9999 -9999 -9999 -9999 -9999
-9999 -9999 -9999 -9999 0.935562312602997 0.93420765735209 0.932579914107919 0.93091550283134 0.929530628025532 0.928872548043728 0.928252572193742 0.927670700475574 0.923787826672196 0.9186353366822 -9999 -9999 -9999 -9999 -9999 -9999 -9999 -9999 0.877055406570435 -9999 -9999 -9999 -9999 -9999 -9999 -9999 -9999 -9999 -9999 -9999 -9999 -9999 -9999 -9999 -9999 -9999 -9999 -9999 -9999 -9999 -9999 -9999 -9999 -9999 -9999 -9999 -9999 -9999 -9999 -9999 -9999 -9999 -9999 -9999
-9999 -9999 -9999 -9999 -9999 -9999 -9999 -9999 -9999 -9999 -9999 0.91415923833847 0.915861364454031 0.918218154460192 0.924724448472261 -9999 -9999 -9999 -9999 -9999 -9999 -9999 -9999 -9999 0.877932384610176 0.864342436194419 0.857547461986542 -9999 -9999 -9999 -9999 -9999 -9999 -9999 -9999 -9999 -9999 -9999 -9999 -9999 -9999 -9999 -9999 -9999 -9999 -9999 -9999 -9999 -9999 -9999 -9999 -9999 -9999 -9999 -9999 -9999 -9999 -9999
-9999 -9999 -9999 -9999 -9999 -9999 -9999 -9999 -9999 -9999 -9999 -9999 0.91637541167438 0.919443959370255 0.925317579880357 0.930349767208099 -9999 -9999 -9999 -9999 -9999 -9999 -9999 0.88170737028122 0.877932384610176 0.864342436194419 -9999 -9999 -9999 -9999 -9999 -9999 -9999 -9999 -9999 -9999 -9999 -9999 -9999 -9999 -9999 -9999 -9999 -9999 -9999 -9999 -9999 -9999 -9999 -9999 -9999 -9999 -9999 -9999 -9999 -9999 -9999 -9999
-9999 -9999 -9999 -9999 -9999 -9999 -9999 -9999 -9999 -9999 -9999 -9999 0.919732367619872 0.919779540970921 0.925842583179474 0.930603487417102 0.927084328606725 0.924933731555939 -9999 -9999 -9999 -9999 0.883716674521565 0.884812658652663 0.885299762710929 0.884203778579831 -9999 -9999 -9999 -9999 -9999 -9999 -9999 -9999 -9999 -9999 -9999 -9999 -9999 -9999 -9999 -9999 -9999 -9999 -9999 -9999 -9999 -9999 -9999 -9999 -9999 -9999 -9999 -9999 -9999 -9999 -9999 -9999
