data/dis.20102014.winter.merlangus_max.asc
NCOLS 320 
NROWS 120 
XLLCORNER 2 
YLLCORNER 53 
CELLSIZE 0.025 
NODATA_value -9999 
[rows 50 to 74 of 120, columns 232 to 289 of 320]
0.772321516647935 0.771005792543292 0.770035026594996 0.769196936860681 0.779051093384624 0.787430180236697 0.785289140418172 0.777056701481342 0.759252063930035 0.752311093732715 0.752283366397023 0.759284088388085 0.766834342852235 0.759829921647906 0.759103694930674 0.774700773879886 0.793040176853538 0.814121903851629 0.816625844687223 0.811984483152627 0.823755960911513 0.834106460213661 0.832524761557579 -9999 -9999 -9999 -9999 -9999 -9999 -9999 0.797741839662194 0.800731999799609 0.800731999799609 0.797741839662194 -9999 -9999 -9999 -9999 -9999 -9999 -9999 -9999 -9999 -9999 -9999 -9999 -9999 -9999 -9999 -9999 -9999 -9999 -9999 -9999 -9999 -9999 -9999 -9999
0.764422187581658 0.765595821663737 0.762325776740909 0.7573466245085 0.766642451286316 0.774897631257772 0.773751053959131 0.76458279043436 0.742809019982815 0.737912077456713 0.74375493451953 0.753362299874425 0.763035137206316 0.761021669954062 0.75772076100111 0.751072503626346 0.768157320097091 0.808975210413339 0.822449875995517 0.825407916679979 0.827258443459868 0.828746259212494 -9999 -9999 -9999 -9999 -9999 -9999 -9999 -9999 -9999 0.79159539937973 0.79159539937973 -9999 -9999 -9999 -9999 -9999 -9999 -9999 -9999 -9999 -9999 -9999 -9999 -9999 -9999 -9999 -9999 -9999 -9999 -9999 -9999 -9999 -9999 -9999 -9999 -9999
0.759269390255213 0.761111598461866 0.759995631873608 0.757741905748844 0.756876086816192 0.756158808246255 0.755776023492217 0.749551540240645 0.734147245064378 0.732883520424366 0.740618340671062 0.744501899927855 0.747187070548534 0.742593921720982 0.737499004229903 0.731099488213658 0.747124362736942 0.785573627799752 0.798532189801335 0.801686635240913 0.798860233277082 -9999 -9999 -9999 -9999 0.778128387406469 0.762145740911364 0.777804024517537 0.798822993412614 0.803394449874759 0.802763184532524 0.788604842498899 -9999 -9999 -9999 -9999 -9999 -9999 -9999 -9999 -9999 -9999 -9999 -9999 -9999 -9999 -9999 -9999 -9999 -9999 -9999 -9999 -9999 -9999 -9999 -9999 -9999 -9999
0.75594431348145 0.749545400962234 0.742818601429462 0.735965691506863 0.741075489670038 0.744566652923822 0.73644619807601 0.727403737604618 0.716912411153317 0.718541860580445 0.727884531021118 0.732842572033405 0.736217169091105 0.727580958977342 0.722302697598934 0.725755102932453 0.741024935618044 0.768112195655705 0.781699765473604 0.790095146745444 0.793563205748796 -9999 -9999 -9999 0.787895560264587 0.778128387406469 0.762145740911364 0.777804024517537 0.798822993412614 0.803394449874759 0.802763184532524 0.788604842498899 0.781525671482086 -9999 -9999 -9999 -9999 -9999 -9999 -9999 -9999 -9999 -9999 -9999 -9999 -9999 -9999 -9999 -9999 -9999 -9999 -9999 -9999 -9999 -9999 -9999 -9999 -9999
0.753296909853816 0.744287068024278 0.737439958378672 0.731424668803811 0.726255372166634 0.719679126515985 0.705819314345717 0.698800068348646 0.702530283480883 0.708743859082461 0.71653775498271 0.733371254056693 0.750702736899256 0.74576529301703 0.742722755298019 0.744606973603368 0.74888501316309 0.755556873977185 0.759409574791789 0.762177983298898 0.769830317236483 -9999 -9999 0.808453611098229 0.817941942252219 0.800267826765776 0.765308517962694 0.777804024517537 0.798822993412614 0.803394449874759 0.802763184532524 0.788604842498899 -9999 -9999 -9999 0.771507859230042 -9999 -9999 -9999 -9999 -9999 -9999 -9999 -9999 -9999 -9999 -9999 -9999 -9999 -9999 -9999 -9999 -9999 -9999 -9999 -9999 -9999 -9999
0.754790591076016 0.735595127567649 0.728519666939974 0.726105745881796 0.717471146956086 0.707855673506856 0.695165438577533 0.688449868932366 0.691123059019446 0.702993722632528 0.720717323943973 0.740747708827258 0.75907190516591 0.740547832101584 0.731203125789763 0.745724773034454 0.753570066764951 0.754739006981254 0.750676961615681 0.744602998718619 0.771894538775087 0.796980647370219 0.801226215437055 0.808274073526263 0.819725530222059 0.80292434617877 0.768144208937883 0.787916012108327 0.815808972343803 0.796285005286336 0.780292119830847 0.773480046540499 0.771571855992079 0.774567548185587 0.771706918254494 0.766593856737018 -9999 -9999 -9999 -9999 -9999 -9999 -9999 -9999 -9999 -9999 -9999 -9999 -9999 -9999 -9999 -9999 -9999 -9999 -9999 -9999 -9999 -9999
0.766338184475899 0.74816058576107 0.729822615161538 0.711422963067889 0.711625212803483 0.709375498816371 0.689394818618893 0.677120435982942 0.676955949515104 0.690841799601914 0.713668772950769 0.735807117074728 0.755458988249301 0.735182158648968 0.722665574401618 0.730325628072024 0.731049288064241 0.724836554378271 0.723501082509756 0.724041480571032 0.738232392817736 0.755704805254936 0.785569861531258 0.800373945385218 0.791510786861181 0.779223961755633 0.764758439734578 0.779214255511761 0.797825342044235 0.788743482902646 0.778022915124894 0.763041704893113 0.755551099777222 -9999 -9999 -9999 -9999 -9999 -9999 -9999 -9999 -9999 -9999 -9999 -9999 -9999 -9999 -9999 -9999 -9999 -9999 -9999 -9999 -9999 -9999 -9999 -9999 -9999
0.776548076421023 0.755307462066412 0.732786512002349 0.709773125126958 0.718617292121053 0.724022133275867 0.702860476449132 0.691524788737297 0.69562990963459 0.708207026124002 0.726175412535668 0.739646991714835 0.75029157847166 0.728166438639164 0.718041967600586 0.739119235426188 0.741522913798689 0.72525300271809 0.712954105809331 0.702182522043585 0.717565599828959 0.735417533665895 0.757921200245619 0.767940344288946 0.758340952917933 0.757503283210099 0.762241254560649 -9999 -9999 -9999 -9999 -9999 -9999 -9999 -9999 -9999 -9999 0.789595832116902 0.780777919106186 0.778818382881582 0.787636295892298 -9999 -9999 -9999 -9999 -9999 -9999 -9999 -9999 -9999 -9999 -9999 -9999 -9999 -9999 -9999 -9999 -9999
0.795717740431428 0.77319378964603 0.756418988108635 0.741855397820473 0.730126265436411 0.718888524919748 0.70927407965064 0.707679182291031 0.718686431646347 0.729229582473636 0.739477397873998 0.754929173737765 0.769209129735826 0.745874682441354 0.732993753626944 0.747291972860694 0.748238256201147 0.735832603648304 0.718702167272568 0.699754506349562 0.711317719891667 0.725458521395921 0.743513476103544 0.758245447650551 0.767755588516593 0.768558549694717 0.763820578344166 -9999 -9999 -9999 -9999 -9999 -9999 -9999 -9999 -9999 -9999 0.792535136453807 0.801353049464523 0.803312585689127 0.794494672678411 -9999 -9999 -9999 -9999 -9999 -9999 -9999 -9999 -9999 -9999 -9999 -9999 -9999 -9999 -9999 -9999 -9999
0.819258021190763 0.799645205959678 0.778055939823389 0.755706500262022 0.739665418863296 0.72504691593349 0.715685905888677 0.713181525468827 0.721451848745346 0.725667420774698 0.727302696555853 0.744192589074374 0.761821908876299 0.74015579558909 0.728307228535415 0.741984281688929 0.747913489118218 0.746094850823283 0.743366841226816 0.740289073437452 0.752176960930228 0.764797089621424 0.776676760986447 0.783640103414655 0.78287778608501 0.780668815597892 0.777539247646928 -9999 -9999 0.743910610675812 0.743910610675812 -9999 -9999 -9999 -9999 -9999 0.805252909660339 0.805392490699887 0.806229976937175 -9999 -9999 -9999 -9999 -9999 -9999 -9999 -9999 -9999 -9999 -9999 -9999 -9999 -9999 -9999 -9999 -9999 -9999 -9999
0.831338088959456 0.810991052538157 0.78838817961514 0.764917677268386 0.74566662684083 0.728057790547609 0.717419009655714 0.718243483453989 0.73708164319396 0.741755526512861 0.73741577938199 0.748864827677608 0.762597646564245 0.761472661048174 0.758290793746709 0.749761033803224 0.750718565657735 0.761163389310241 0.76196357421577 0.759054282680154 0.77386331371963 0.78836909122765 0.796147329732776 0.799588840454817 0.796215493232012 0.796251910738647 0.798458178527653 -9999 0.775334060192108 -9999 -9999 -9999 0.800746329128742 0.799055598676205 0.797167859971523 0.795204348862171 0.80619003623724 0.815979540348053 -9999 -9999 -9999 -9999 -9999 -9999 -9999 -9999 -9999 -9999 -9999 -9999 -9999 -9999 -9999 -9999 -9999 -9999 -9999 -9999
0.845851404592395 0.830679723992944 0.809416091069579 0.785809399560094 0.762174051254987 0.739917097613215 0.724560545757413 0.723832869902254 0.746093427762388 0.752647064626217 0.749205388128757 0.749825777485967 0.751227824017406 0.752107018604875 0.748787960037588 0.734553443267941 0.738226862624288 0.759808218106629 0.76462028734386 0.762982631102204 0.779020391404629 0.793705798685551 0.796430788934231 0.799113703891635 0.801730500534177 0.803329050540924 0.804279625415802 -9999 -9999 -9999 0.787540523335337 0.796907970681786 0.800746329128742 0.799055598676205 0.802286442369223 0.807410199195146 0.811338793486357 -9999 -9999 -9999 -9999 -9999 -9999 -9999 -9999 -9999 -9999 -9999 -9999 -9999 -9999 -9999 -9999 -9999 -9999 -9999 -9999 -9999
0.861210890114307 0.854426108300686 0.838452426716685 0.818944552913308 0.790735082700848 0.76562325283885 0.758558917790651 0.754159590229392 0.75394813157618 0.753923902288079 0.754018818959594 0.753341007977724 0.752948172390461 0.760027192533016 0.763053115457296 0.755540985614061 0.755363205447793 0.762519774958492 0.763753602281213 0.762709451839328 0.776915054768324 0.789750648662448 0.791250975802541 0.795221619307994 0.803074188530445 0.806298024952412 0.806576304137707 0.807261776179075 0.807265842333436 0.794301552698016 0.787803212180733 0.798116339370608 0.804510172456503 0.806984711438417 0.807681333273649 0.807694140821695 0.811338793486357 0.814554035663605 -9999 -9999 0.829352855682373 0.829352855682373 -9999 -9999 -9999 -9999 -9999 -9999 -9999 -9999 -9999 -9999 -9999 -9999 -9999 -9999 -9999 -9999
0.876621497794986 0.876052299514413 0.874220659956336 0.871903466060758 0.859338475391269 0.844907285645604 0.82415915839374 0.804454999044537 0.78639136068523 0.780147328972816 0.78142486512661 0.771577548235654 0.760603787377477 0.768304979428649 0.772924778982997 0.769532958045602 0.771382743492723 0.778474135324359 0.779731942340732 0.778746062889695 0.78505420871079 0.790704471990466 0.790920021012425 0.794667704030871 0.803965883329511 0.807252131402493 0.806712605059147 0.807261776179075 0.80787080898881 0.805795919150114 0.804379055276513 0.804673058912158 0.80562219209969 0.80722645483911 0.807681333273649 0.807694140821695 0.811338793486357 -9999 -9999 -9999 -9999 -9999 -9999 -9999 -9999 -9999 -9999 -9999 -9999 -9999 -9999 -9999 -9999 -9999 -9999 -9999 -9999 -9999
0.886493895202875 0.8987409286201 0.903006706386805 0.90420277044177 0.888325717300176 0.871724581345916 0.856524536386132 0.839781031012534 0.820612087845803 0.806936701759695 0.796757215633988 0.781406542286276 0.766104785725474 0.76921665109694 0.774825001135469 0.78692421130836 0.792770152911544 0.79236282594502 0.789742957800627 0.78627211228013 0.782826567068696 0.780442418530583 0.783357812091708 0.792000843212008 0.809644447639585 0.814743684604764 0.811860142275691 0.81520427018404 0.819606984034181 0.820831580087543 0.818901367485524 0.808768652379513 0.804818797856569 0.807051803916693 -9999 -9999 -9999 -9999 -9999 -9999 -9999 -9999 -9999 -9999 -9999 -9999 -9999 -9999 -9999 -9999 -9999 -9999 -9999 -9999 -9999 -9999 -9999 -9999
0.915117364376783 0.924467746168375 0.924222474917769 0.920286567881703 0.900135790929198 0.881502898409963 0.875228507444262 0.861849455162882 0.837305935099721 0.823806734755635 0.817335737869143 0.806442169472575 0.795031612738967 0.78986899740994 0.787461122497916 0.792215572670102 0.795551201328635 0.797468008473516 0.796314818784595 0.793980861082673 0.796477489173412 0.796660616993904 0.783855482935905 0.780438197776675 0.791773246601224 0.80196924507618 0.811440393328667 0.818919135257602 0.82580772601068 0.829437928274274 0.830472506582737 0.824758462607861 0.821901440620422 -9999 -9999 -9999 -9999 -9999 -9999 -9999 -9999 -9999 -9999 -9999 -9999 -9999 -9999 -9999 -9999 -9999 -9999 -9999 -9999 -9999 -9999 -9999 -9999 -9999
0.930040322244167 0.93333662301302 0.924033185467124 0.909883694723249 0.904587792232632 0.897982204332948 0.882224192842841 0.869694530963897 0.862237989902496 0.856438565999269 0.851693671196699 0.838299937546253 0.823229072615504 0.809053028002381 0.797574391588568 0.793109016492963 0.793227251619101 0.797929096966982 0.804907942190766 0.812762556597591 0.79946430772543 0.783511137589812 0.760504791513085 0.751391297206282 0.764109427109361 0.787875708192586 0.818672630935907 0.82082269527018 0.817468965426087 0.817950053140521 0.818293216638267 0.818277777172625 -9999 -9999 -9999 -9999 -9999 -9999 -9999 -9999 -9999 -9999 -9999 -9999 -9999 -9999 -9999 -9999 -9999 -9999 -9999 -9999 -9999 -9999 -9999 -9999 -9999 -9999
0.934787776321173 0.925829131156206 0.920279048383236 0.916039951145649 0.913483498618007 0.908818555995822 0.893116267398 0.881372563540935 0.87584949284792 0.873970940709114 0.874411627650261 0.860993759706616 0.844886435195803 0.830177435651422 0.817857502028346 0.811749139800668 0.810694009065628 0.814692109823227 0.821283401921391 0.82887207530439 0.804418746381998 0.779687656089664 0.762991877272725 0.75908096320927 0.775260550901294 0.78518276847899 0.79112302325666 0.804125813767314 0.817755959928036 0.818038530647755 0.817596048116684 0.81526842713356 -9999 -9999 -9999 -9999 -9999 -9999 -9999 -9999 -9999 -9999 -9999 -9999 -9999 -9999 -9999 -9999 -9999 -9999 -9999 -9999 -9999 -9999 -9999 -9999 -9999 -9999
0.928602714091539 0.928358968347311 0.9268469940871 0.924847239628434 0.920766083523631 0.915976546704769 0.908257283270359 0.899656681343913 0.889671118929982 0.884586507454514 0.882620682939887 0.870842611417174 0.857519499957561 0.851292349398136 0.840575553476809 0.818185679614543 0.814659614115954 0.82999735698104 0.83266925625503 0.830469677224755 0.807662347331643 0.786418799310923 0.779055263847113 0.78208465129137 0.801445774734021 0.807257601991296 0.804447149857879 0.817207340151072 0.831504967063666 0.818998832255602 0.810613185167312 0.812940806150436 -9999 -9999 -9999 -9999 -9999 -9999 -9999 -9999 -9999 -9999 -9999 -9999 -9999 -9999 -9999 -9999 -9999 -9999 -9999 -9999 -9999 -9999 -9999 -9999 -9999 -9999
0.941775724291801 0.928784981369972 0.925078228116035 0.92494224011898 0.923016991466284 0.920750608667731 0.917304808273911 0.915590522810817 0.916597189381719 0.913665831089019 0.908228456974029 0.881916036829351 0.852941639721393 0.849688790738583 0.842995589599012 0.827357472851872 0.824816901236773 0.835373874753714 0.832867912948131 0.825337745249271 0.818911703303456 0.810765432193875 0.793693272396922 0.790236726403236 0.808176144957543 0.817969918251038 0.822580099105835 0.82346161827445 0.823573956266046 0.823287663981319 0.823506297543645 0.82503773830831 0.825803458690643 -9999 -9999 -9999 0.840770184993744 0.841952418908477 0.849045822396874 0.853380680084229 -9999 -9999 -9999 -9999 -9999 -9999 -9999 -9999 -9999 -9999 -9999 -9999 -9999 -9999 -9999 -9999 -9999 -9999
0.951916877180338 0.935079645365477 0.93000060506165 0.929443946108222 0.928250124678016 0.926737677305937 0.923819500952959 0.924827730283141 0.93200602568686 0.932420521974563 0.928530782461166 0.908655915409326 0.88509079068899 0.853140719234944 0.829832268878817 0.82899203337729 0.828953459858894 0.829716548323631 0.838019900023937 0.849223352968694 0.844796534627676 0.835372062399984 0.805556459352374 0.793431201949715 0.809105059131981 0.819765254855156 0.82723493874073 0.824616331607103 0.820605389773845 0.82722494751215 0.833582011982798 0.839256593957543 0.842095896601677 0.842099919915199 -9999 -9999 -9999 -9999 -9999 -9999 -9999 -9999 -9999 -9999 -9999 -9999 -9999 -9999 -9999 -9999 -9999 -9999 -9999 -9999 -9999 -9999 -9999 -9999
0.956575356423855 0.942249543964863 0.929101325571537 0.916406027972698 0.922999223694205 0.929648352786899 0.930904062464833 0.933478305116296 0.938124528154731 0.939019791781902 0.93752808123827 0.922419019043445 0.904183296486734 0.879093343392015 0.854555450379846 0.831452913582324 0.824651686474681 0.834151769056917 0.834951404482126 0.832404714077711 0.84443936124444 0.84931561164558 0.814111249521374 0.794929398223757 0.800925778225064 0.804597772657871 0.806790612637997 0.817154439166189 0.828210487961769 0.823252961039543 0.823597555980085 0.837727667763828 0.844035686925053 0.84252161346376 0.837883000262081 0.83204264100641 -9999 -9999 -9999 -9999 -9999 -9999 -9999 -9999 -9999 -9999 -9999 -9999 -9999 -9999 -9999 -9999 -9999 -9999 -9999 -9999 -9999 -9999
0.970586832612753 0.961791802197695 0.955899568274617 0.951123794540763 0.948611559346318 0.946752274408936 0.947491994127631 0.947849346324801 0.947605835273862 0.946199834346771 0.944054067134857 0.933472668752074 0.920691126957535 0.899188293144107 0.875724615529177 0.847162744030356 0.836435165256262 0.843541879206896 0.849618077278137 0.855297923088074 0.861640295013786 0.863098315894604 0.839939720928669 0.817847311496735 0.797430336475371 0.79302091896534 0.798798128962517 0.812717882916332 0.827031282708049 0.82035201229155 0.816676713526249 0.820811741054058 0.822445021942258 0.821576556190848 0.812938807532191 0.801312873139978 -9999 -9999 -9999 -9999 -9999 -9999 -9999 -9999 -9999 -9999 -9999 -9999 -9999 -9999 -9999 -9999 -9999 -9999 -9999 -9999 -9999 -9999
0.97343728505075 0.968806551769376 0.963768532499671 0.958573864772916 0.956334076821804 0.954256057739258 0.952117800712585 0.950865549966693 0.951005594804883 0.949694704264402 0.947460491210222 0.941636784002185 0.934521093964576 0.91764597594738 0.899276345968244 0.877020984888076 0.868555111810565 0.873878726735711 0.869378516450524 0.86109991185367 0.871246898546815 0.877231817692518 0.856987107545137 0.835898388177157 0.813483368605374 0.803466936573386 0.801340514793992 0.808786002919078 0.817733099684119 0.819663049653172 0.820071749389172 0.81652519851923 0.810045467689634 0.800632556900383 0.799094067886472 0.800584202632308 -9999 -9999 -9999 -9999 -9999 -9999 -9999 -9999 -9999 -9999 -9999 -9999 -9999 -9999 -9999 -9999 -9999 -9999 -9999 -9999 -9999 -9999
0.973734555765986 0.968851024284959 0.962996955960989 0.956769604235888 0.956406097859144 0.955697810277343 0.951540956273675 0.949628330767155 0.951242350041866 0.950307136401534 0.947749683633447 0.944526987150311 0.940713042393326 0.929109705612063 0.91533052921295 0.895894169807434 0.884369019418955 0.880755078047514 0.877586342394352 0.874588839709758 0.88465734757483 0.889288231730461 0.862888053059577 0.837785728275777 0.814722888171672 0.796400241553784 0.781094081699848 0.782726127654314 0.787487704306841 0.787861403077841 0.788189467042685 0.788398880511522 0.791179476305842 0.796531254425644 0.799094067886472 0.800584202632308 0.796038614585996 0.791954755783081 -9999 -9999 -9999 -9999 -9999 -9999 -9999 -9999 -9999 -9999 -9999 -9999 -9999 -9999 -9999 -9999 -9999 -9999 -9999 -9999
