data/dis.20102014.winter.platessa_max.asc
NCOLS 320 
NROWS 120 
XLLCORNER 2 
YLLCORNER 53 
CELLSIZE 0.025 
NODATA_value -9999 
[rows 25 to 49 of 120, columns 174 to 231 of 320]
0.988304104655981 0.986390637233853 0.984918607398868 0.983783746138215 0.982863446697593 0.983026340603828 0.983412465080619 0.983910651877522 0.984042475000024 0.983221752569079 0.981723252683878 0.979546975344419 -9999 -9999 -9999 -9999 -9999 -9999 -9999 -9999 -9999 -9999 -9999 -9999 -9999 -9999 -9999 -9999 -9999 -9999 -9999 -9999 -9999 -9999 -9999 -9999 -9999 -9999 -9999 -9999 -9999 -9999 -9999 -9999 -9999 -9999 -9999 -9999 -9999 -9999 -9999 -9999 -9999 -9999 -9999 -9999 -9999 -9999
0.990918869152665 0.989045564085245 0.98726611956954 0.985552363097668 0.983880408108234 0.983714792877436 0.983856270089745 0.984096763655543 0.984042475000024 0.983221752569079 0.981723252683878 0.979546975344419 0.97867582924664 0.978306656703353 0.972463497892022 0.966299921274185 0.960144251585007 -9999 -9999 -9999 -9999 -9999 -9999 -9999 -9999 -9999 -9999 -9999 -9999 -9999 -9999 -9999 -9999 -9999 -9999 -9999 -9999 -9999 -9999 -9999 -9999 -9999 -9999 -9999 -9999 -9999 -9999 -9999 -9999 -9999 -9999 -9999 -9999 -9999 -9999 -9999 -9999 -9999
0.992326384410262 0.991404674947262 0.989879705011844 0.987648598849773 0.98496813327074 0.984217153862119 0.983859231695533 0.983623029664159 0.983397826552391 0.983201220631599 0.982841083779931 0.982317415997386 0.980593344196677 0.978407578542828 0.972463497892022 0.966299921274185 0.960144251585007 0.95224161632359 0.941593749448657 0.93085646815598 0.920062286779284 0.916348494589329 -9999 -9999 -9999 -9999 -9999 -9999 -9999 -9999 -9999 -9999 -9999 -9999 -9999 -9999 -9999 -9999 -9999 -9999 -9999 -9999 -9999 -9999 -9999 -9999 -9999 -9999 -9999 -9999 -9999 -9999 -9999 -9999 -9999 -9999 -9999 -9999
0.991367641836405 0.991488181054592 0.990805424749851 0.988963825628161 0.986384781077504 0.985294139012694 0.984519427642226 0.984054969623685 0.983671797439456 0.983499968424439 0.983145330101252 0.982607882469892 0.981859527528286 0.98103005439043 0.975956778973341 0.969922976568341 0.960334716364741 0.950751593336463 0.941176543012261 0.93085646815598 0.920062286779284 0.916348494589329 0.914178431034088 -9999 -9999 -9999 -9999 -9999 -9999 -9999 -9999 -9999 -9999 -9999 -9999 -9999 -9999 -9999 -9999 -9999 -9999 -9999 -9999 -9999 -9999 -9999 -9999 -9999 -9999 -9999 -9999 -9999 -9999 -9999 -9999 -9999 -9999 -9999
0.991599721834064 0.992050606757402 0.992084067314863 0.990964094176888 0.989110117778182 0.987408859655261 0.985770717263222 0.984686300158501 0.983824292197824 0.983540548011661 0.983312644064426 0.983140580356121 0.982687775045633 0.982126992195844 0.976946163922548 0.970898693427444 0.961876848712563 0.953493148088455 0.946112245321274 0.937493247911334 0.928086372092366 0.925162926316261 0.923714712262154 0.925301775336265 0.924985401332378 0.919720090925693 0.912074688822031 0.90204919502139 0.899264335632324 -9999 -9999 -9999 -9999 -9999 -9999 -9999 -9999 -9999 -9999 -9999 -9999 -9999 -9999 -9999 -9999 -9999 -9999 -9999 -9999 -9999 -9999 -9999 -9999 -9999 -9999 -9999 -9999 -9999
0.991121735423803 0.991468636319041 0.992157192900777 0.992068393155932 0.991484912112355 0.989704020321369 0.98769555054605 0.98588945157826 0.984382363036275 0.983652701601386 0.983393281698227 0.983604103326797 0.983098033815622 0.982316236943006 0.978106644004583 0.973129140213132 0.965320257470011 0.958907382562756 0.954688234254718 0.945840435102582 0.934047130867839 0.930367536842823 0.928629098460078 0.932303691282868 0.933054350316524 0.926202781498432 0.918253669515252 0.909207014366984 0.897883335128427 0.885683877393603 0.862851671874523 0.840720809996128 0.825223945081234 0.806776085868478 0.783690949901938 0.754467096179723 0.721336785703897 0.70371763408184 -9999 -9999 -9999 -9999 -9999 -9999 -9999 -9999 -9999 -9999 -9999 -9999 -9999 -9999 -9999 -9999 -9999 -9999 -9999 -9999
0.990800883620977 0.991042587906122 0.992151882499456 0.992387870326638 0.99206811748445 0.991206111386418 0.990161003544927 0.98784682713449 0.985827954486013 0.984576871618629 0.983879044651985 0.983734473586082 0.983273008838296 0.982689661905169 0.979336326941848 0.975188201293349 0.967880824580789 0.961828457191586 0.957748247310519 0.951885404065251 0.944888157770038 0.941115317866206 0.938155485317111 0.938053796067834 0.936507085338235 0.931203318759799 0.922938108444214 0.911711454391479 0.898287151008844 0.88401759788394 0.860051661729812 0.837302533909679 0.823489325121045 0.806224742904306 0.78353657387197 0.754467096179723 0.721336785703897 0.70371763408184 0.689116362482309 0.673081111162901 0.658381897956133 0.64715638384223 0.635314095765352 0.6228550337255 -9999 -9999 -9999 -9999 -9999 -9999 -9999 -9999 -9999 -9999 -9999 -9999 -9999 -9999
0.991692883893847 0.99197200126946 0.992985038086772 0.993189144879579 0.992878478020429 0.992055704817176 0.991068450734019 0.989026183262467 0.987080065533519 0.985383937135339 0.984461961314082 0.984314138069749 0.983337165787816 0.982041290029883 0.978353790938854 0.974149925634265 0.968067647889256 0.963241513818502 0.960389319807291 0.953789977356791 0.944806085899472 0.941740795969963 0.93989128805697 0.938586829230189 0.936461521312594 0.932202005758881 0.927343619987368 0.921886363998055 0.90804516710341 0.890979377552867 0.869543885812163 0.849250851199031 0.835955308750272 0.818129559978843 0.793184915557503 0.767642747610807 0.741720337420702 0.707758843898772 0.673769809305668 0.666645459830761 0.658381897956133 0.64715638384223 0.635314095765352 0.6228550337255 0.601989971473813 0.577891832217573 0.567460767924785 0.559654030948877 0.560949202626944 -9999 -9999 -9999 -9999 -9999 -9999 -9999 -9999 -9999
0.992147913202643 0.992695832625031 0.99322727881372 0.993402870371938 0.993352008983493 0.992443483322859 0.991309680044651 0.989262215793133 0.987424820661545 0.986133605241776 0.984939184039831 0.983841557055712 0.982254896312952 0.980480145663023 0.976465035229921 0.972295641899109 0.968013763427734 0.963935038074851 0.960175553336739 0.953647848218679 0.945358548313379 0.941979758441448 0.939718868583441 0.93976654484868 0.938433619216084 0.933511128649115 0.927930055186152 0.921690398827195 0.909879472106695 0.895925749093294 0.871625086292624 0.848911989480257 0.837179940193891 0.827170435339212 0.81986778602004 0.802215376868843 0.77797675691545 0.741595804691314 0.703326772898435 0.674244318157434 0.650267327204347 0.639564542099834 0.628086514770985 0.6158332452178 0.597854726016521 0.577674187719821 0.567460767924785 0.559654030948877 0.560949202626944 0.561740696430206 -9999 -9999 -9999 -9999 -9999 -9999 -9999 -9999
0.992847245186567 0.992816204205155 0.992810672149062 0.993235636502504 0.99393455311656 0.993285184726119 0.992326350882649 0.99069077335298 0.989109613001346 0.987669937312603 0.986180221661925 0.984640466049314 0.982144048437476 0.97927968390286 0.976418612524867 0.973390907049179 0.969529062509537 0.965545933693647 0.961372215300798 0.956797217950225 0.951966861262917 0.947372874245047 0.942777149379253 0.93734822422266 0.933779876679182 0.935049030929804 0.932256650179624 0.925402734428644 0.913851421326399 0.900493416935206 0.882326580584049 0.863201027736068 0.840696254745126 0.823030740022659 0.812969774007797 0.804397771134972 0.796773290261626 0.774556642398238 0.748067874461412 0.698566433042287 0.656597640365362 0.634213734418154 0.617674227803945 0.606979120522738 0.585369184613228 0.559561237692832 0.556757636368275 0.554341938346624 0.547099772840738 0.542955311015248 0.543678669258952 0.549090936779976 0.557487055659294 0.570527028292417 0.582899553701281 0.568136373534798 0.557474076747894 -9999
0.993439480662346 0.993574053049087 0.9937923848629 0.993853954598307 0.993815766647458 0.993024464696646 0.992070930078626 0.990920027717948 0.989588644355536 0.987788010388613 0.986146414652467 0.984663857147098 0.981928979977965 0.978712441399693 0.976559275761246 0.974042888730764 0.969397637993097 0.96514818444848 0.961520697921514 0.956752050668001 0.951257210224867 0.948944894596934 0.946761023253202 0.935940120369196 0.928937491029501 0.931862372905016 0.930390778928995 0.924522709101438 0.914853053167462 0.903721248731017 0.884199241176247 0.866275435313582 0.858810344710946 0.846783755347133 0.827589096501469 0.811492880806326 0.797368401661515 0.786819614470005 0.774389350786805 0.717816634103656 0.668392796069383 0.637556042522192 0.613426722586155 0.596004836261272 0.585471434518695 0.577587449923157 0.561615029349923 0.546887466683984 0.540763145312667 0.537160746753216 0.537521369755268 0.536692949011922 0.535107864066958 0.542049409821629 0.550071639940143 0.547474959865212 0.544038608670234 0.538419112563133
0.993946587666869 0.994247341528535 0.994155442342162 0.994176028296351 0.994268195703626 0.992808090522885 0.991077957674861 0.990035081282258 0.989024838432669 0.988099442794919 0.986521800979972 0.984291912987828 0.980918476358056 0.977105213329196 0.975466320291161 0.973572691902518 0.969765866175294 0.965797819197178 0.961576424539089 0.955657897517085 0.948659377172589 0.947608767077327 0.947331121191382 0.939970972016454 0.934457262977958 0.933744298294187 0.930079914629459 0.923464111983776 0.91335291415453 0.901897333562374 0.88978749141097 0.878267481923103 0.869889065623283 0.857443740591407 0.838607558980584 0.819519586861133 0.80027138441801 0.780242631211876 0.759564006701112 0.730491442605853 0.69806913472712 0.656937493011356 0.62428823672235 0.600121365860105 0.589759262278676 0.584706684574485 0.572095425799489 0.56041381880641 0.555603612214327 0.543658560141921 0.520501608029008 0.509366182610393 0.505880819633603 0.51243462972343 0.521077485755086 0.531100934371352 0.537479419261217 0.534380998462438
0.993811458349228 0.993552953004837 0.993002027273178 0.992549858987331 0.99216053634882 0.991104433313012 0.989923186600208 0.988881550729275 0.98806007951498 0.987811036407948 0.986699109897017 0.98472429998219 0.981114195659756 0.976875131949782 0.9756582044065 0.974163465201854 0.970390804111957 0.966662539169192 0.963004039600491 0.957561492919922 0.950983643531799 0.946903517469764 0.943240253254771 0.938171381130815 0.933651467785239 0.930558847263455 0.92553548887372 0.918581392616033 0.911415323615074 0.904167726635933 0.890961226075887 0.878675540909171 0.872746551409364 0.863699465990067 0.849752515554428 0.832268880680203 0.812534628435969 0.798212626948952 0.784367533400655 0.760228222236037 0.732120769098401 0.693696146830917 0.651999548077583 0.607030972838402 0.594171013683081 0.593660522252321 0.569972034543752 0.548125257715583 0.542304093018174 0.531489841639996 0.512829311192035 0.503356378525496 0.499730098992586 0.501617239788175 0.505466481670737 0.523925812914968 0.536611400544643 0.534285254776478
0.99464607425034 0.993910348042846 0.992581749334931 0.991771237924695 0.991290418431163 0.990494942292571 0.989611200988292 0.988296784460544 0.987334789708257 0.987289091572165 0.986281218007207 0.984311169013381 0.980766119435429 0.976615300402045 0.975457264110446 0.973986329510808 0.970070673152804 0.966158276423812 0.96225100196898 0.957752699032426 0.952878287062049 0.947293201461434 0.941561600193381 0.935755522921681 0.9301303550601 0.924975551664829 0.918980546295643 0.912145338952541 0.906275123357773 0.90077605843544 0.889321256428957 0.879818569868803 0.881828147917986 0.87783620133996 0.864413287490606 0.852847198024392 0.842462724074721 0.81656851619482 0.788870191201568 0.783234970644116 0.772325698286295 0.747703891247511 0.70732994005084 0.651203844696284 0.621967002749443 0.603072181344032 0.582969246432185 0.563106494024395 0.544799981638789 0.529418269172311 0.518632670864463 0.506405818276107 0.493261803872883 0.487485286779702 0.484110837802291 0.49652205593884 0.506921561434865 0.512090614065528
0.994547892361879 0.99375607073307 0.99248443543911 0.99166907183826 0.991144062951207 0.990412775427103 0.989653065800667 0.98911152780056 0.988700766116381 0.988630022853613 0.987612292170525 0.985647574067116 0.983062168583274 0.980238037183881 0.975238395854831 0.970500687137246 0.967712497338653 0.964991925284266 0.962377609685063 0.95820022188127 0.953028151765466 0.945956658571959 0.938658935949206 0.933973351493478 0.93000697158277 0.927910523489118 0.925533784553408 0.922876754775643 0.914832992479205 0.904717409983277 0.892995273694396 0.882681051269174 0.879878913983703 0.872919667512178 0.859427820891142 0.843042688444256 0.824816374108195 0.800443219020962 0.776306392624974 0.777086412534118 0.767083998769521 0.729047257453204 0.683005077764391 0.628957459703088 0.598341546952724 0.576737828552722 0.564487656578421 0.551331773400306 0.530896291136742 0.517668643966317 0.515767594799399 0.508282959461212 0.497245132923126 0.492030382156372 0.488587936386466 0.49547621794045 0.502911427989602 0.511768652126193
0.994664223864674 0.994036903604865 0.99384100176394 0.993261892348528 0.992438923567533 0.991234689950943 0.989985950291157 0.98927690833807 0.988824501633644 0.989039346575737 0.988482302054763 0.987153368070722 0.985731620341539 0.984274175018072 0.978707630187273 0.973219897598028 0.969334784895182 0.9655059594661 0.961765585467219 0.956884870305657 0.951278483495116 0.945594033226371 0.939892994239926 0.934175362810493 0.930455110967159 0.931928046047687 0.930117974057794 0.925024894997477 0.918443406000733 0.911289451643825 0.89735640771687 0.885088173672557 0.88313783891499 0.874625427648425 0.855801181867718 0.83654617331922 0.8170170430094 0.794888684526085 0.772005954757333 0.745136288926005 0.716325048357248 0.682465713471174 0.642837718129158 0.5974410623312 0.569416122511029 0.548072611913084 0.540432116016745 0.533989762887359 0.529507825151086 0.526237308979034 0.524870455265045 0.525983622297645 0.5286749843508 0.511140380986035 0.4913842799142 0.502631000243128 0.509879026561975 0.506730448454618
0.994577337056398 0.994109654799104 0.993865406140685 0.993425957858562 0.992862291634083 0.99173460714519 0.990556517615914 0.990439204499125 0.990140488371253 0.989370124414563 0.988517265766859 0.98758191242814 0.986529506742954 0.985432080924511 0.982850739732384 0.979293158277869 0.97129082120955 0.964742539450526 0.960479201748967 0.956090552732348 0.951622160151601 0.944752128794789 0.937206460162997 0.926340529695153 0.920066010206938 0.925729159265757 0.924547176808119 0.916520062834024 0.910104101523757 0.904307814314961 0.890988500788808 0.877680441364646 0.866641307249665 0.853513324633241 0.837102865800261 0.816966259852051 0.794458469375968 0.773246129974722 0.751902462914586 0.723921691998839 0.696260225027799 0.669428948312998 0.630688847973942 0.580039924010635 0.559247702360153 0.549938827753067 0.541706593707204 0.534289134666324 0.530628891661763 0.533933458849788 0.548182727769017 0.552055805921555 0.549325853586197 0.533002074807882 0.514825349673629 0.511367546394467 0.506662394851446 0.498714137822389
0.993889821693301 0.993344957008958 0.992575531825423 0.992164891213179 0.991982568055391 0.991340497508645 0.990638958290219 0.990489592775702 0.990153832361102 0.989333445206285 0.988581085577607 0.98789675347507 0.987112754955888 0.986290423199534 0.984214538708329 0.981086373329162 0.973065495491028 0.966651823371649 0.962763760238886 0.957098554819822 0.950302440673113 0.940776871517301 0.930822374299168 0.92285624705255 0.918552359566092 0.923770295456052 0.922036599367857 0.913351271301508 0.902252785861492 0.890226162970066 0.877139808610082 0.86353500187397 0.847649618983269 0.834009429439902 0.823897400870919 0.805469626560806 0.781750014051795 0.753503140062093 0.725088471546769 0.709213985130191 0.691906249150634 0.670872064307332 0.635212413966655 0.584927298128605 0.554507326334715 0.531727794557809 0.532228853553534 0.532909570261836 0.527641342952847 0.531067484989762 0.548156207427383 0.554101606830955 0.552955800667405 0.543831009417772 0.533528683707118 0.530336821451783 0.524959322065115 0.51389916613698
0.992697851732373 0.992197621613741 0.991568576544523 0.991182778030634 0.990951772779226 0.990445952862501 0.989890538156032 0.989426381886005 0.988753460347652 0.987537749111652 0.986916398629546 0.986889408901334 0.987195899710059 0.98763065226376 0.985974851995707 0.983499178662896 0.97753900848329 0.971878385171294 0.96668847836554 0.959283843636513 0.950469836592674 0.940423326566815 0.930287385359406 0.922821624204516 0.917598208412528 0.918204890564084 0.914567295461893 0.906685423105955 0.895888114348054 0.88396948389709 0.866411069408059 0.848596060648561 0.831156840547919 0.813031351193786 0.793827438727021 0.770673433318733 0.745005732402205 0.72755598463118 0.711636135354638 0.693783519789577 0.672328231856227 0.641505995765329 0.610694739967584 0.579894464462996 0.557579079642892 0.538527114316821 0.533304316923022 0.528598191216588 0.522408021613956 0.528171211481094 0.552718251943588 0.555519374087453 0.544482184574008 0.538904659450054 0.534465504810214 0.530815789476037 0.523669358342886 0.507431466132402
0.992183798924088 0.99156223423779 0.990851951763034 0.990363730117679 0.990016819909215 0.989461032673716 0.988858075812459 0.988163417205215 0.987545099109411 0.987125266343355 0.986781222745776 0.986512968316674 0.986592069268227 0.986804768443107 0.985990287736058 0.984904495999217 0.982764260843396 0.978115245699882 0.96952386200428 0.958770673722029 0.94664179161191 0.93624421954155 0.92616850323975 0.915677880868316 0.906039651483297 0.898617643862962 0.894907997921109 0.894910713657737 0.884667402133346 0.870483310893178 0.846205029636621 0.823459316045046 0.811345320194959 0.786673277616501 0.742267161607742 0.711030658334493 0.688174817711115 0.662810944020747 0.637598354369402 0.623484905809164 0.607329532504082 0.585865154862404 0.568550322204828 0.555385034531355 0.553563509136438 0.556104969233274 0.554237177595496 0.548388805240392 0.523934368044138 0.520323719829321 0.549467597156763 0.559559851884842 0.557528346776962 0.537542721256614 0.514813961461186 0.506495928391814 0.49525448307395 0.476412165910005
0.991470720618963 0.990871477872133 0.990096520632505 0.989662891253829 0.98944647051394 0.988417703658342 0.987283246591687 0.98711403273046 0.986732766032219 0.985800161957741 0.985061230137944 0.984515970572829 0.984879719093442 0.985593086108565 0.985125286504626 0.984480829909444 0.983300490304827 0.980265069752931 0.974314521998167 0.963011402636766 0.94830210134387 0.937755392864347 0.927958043292165 0.91674697957933 0.907935766503215 0.905364165082574 0.901000529527664 0.894844859838485 0.884608048945665 0.872801568359137 0.850200088694691 0.826742706820369 0.802180813625455 0.771100327372551 0.729776337742805 0.693106200546025 0.659397605806589 0.640653586015105 0.624915929511189 0.60940689407289 0.594700034707785 0.582078833132982 0.571111531928181 0.561798131093383 0.55908184312284 0.558902906253934 0.546419216319918 0.532935813069343 0.51807288825512 0.520561724901199 0.550317615270615 0.554965797811747 0.543636348098516 0.529823144897819 0.515096787363291 0.493291568011045 0.47445035725832 0.463315568864345
0.989807385951281 0.989252725616097 0.98873676918447 0.988147359341383 0.987511206418276 0.987198175862431 0.98690216243267 0.985796824097633 0.984709264710545 0.983667930588126 0.982807544991374 0.982128107920289 0.982785111293197 0.983956130221486 0.983670022338629 0.983344715088606 0.983251977711916 0.981235276907682 0.976195205003023 0.967077044770121 0.955363737419247 0.940830394625664 0.926115984097123 0.917911542579532 0.910383883863687 0.904615860432386 0.900409821420908 0.897765766829252 0.878240264952183 0.85222189873457 0.832058575004339 0.81258617900312 0.794846350327134 0.767956195399165 0.726686956360936 0.693962326273321 0.666675174608826 0.651183065026998 0.637774720788002 0.619687244296074 0.599162319675088 0.572300029918552 0.553789518773556 0.543630786240101 0.540240943431854 0.539454519748688 0.528326412662864 0.517047941684723 0.508059322834015 0.505268393084407 0.512216689065099 0.517921399325132 0.522834736853838 0.515353418886662 0.505045882426202 0.488834460265934 0.47385308239609 0.462069819681346
0.989178329706192 0.988269018009305 0.987125290557742 0.986495859920978 0.986193709075451 0.986267877742648 0.986355919390917 0.985400315374136 0.984427565708756 0.98341023735702 0.98291189968586 0.982932552695274 0.982846710830927 0.982719909399748 0.982555648311973 0.982261611148715 0.981329711154103 0.97933716699481 0.975677896291017 0.968362919986248 0.958721585571766 0.944130709394813 0.929127376526594 0.923940721899271 0.919137185439467 0.915329756215215 0.909754566848278 0.902411617338657 0.881142707541585 0.854517659172416 0.81604921631515 0.783162903040648 0.781670588999987 0.765309855341912 0.725584462285041 0.698308879509568 0.678955903276801 0.658068619668483 0.637226682156324 0.622372273355722 0.60265808366239 0.570308463647962 0.548167264088988 0.536234484985471 0.52888996899128 0.523310169577598 0.51794246211648 0.512835899367928 0.508972680196166 0.507746305316687 0.510663542896509 0.506939547136426 0.498989311978221 0.491517026908696 0.484272475354373 0.479274363256991 0.470043948851526 0.449809548445045
0.989590119570494 0.989059865474701 0.988004148006439 0.987140679731965 0.986399551853537 0.986745724454522 0.987274492159486 0.987210555002093 0.986652532592416 0.984809888526797 0.984037026762962 0.984333947300911 0.983991680666804 0.983403572812676 0.983088701963425 0.982413321733475 0.97985503077507 0.976881032809615 0.973253780975938 0.968451848253608 0.962902391329408 0.951457494869828 0.938847513869405 0.926475590094924 0.915597200393677 0.908601999282837 0.899555511772632 0.888457737863063 0.869923217222095 0.848528409376741 0.807133596390485 0.771291131153703 0.769092759117484 0.759516986086965 0.738348154351115 0.718440631404518 0.699335759505629 0.672193955630063 0.644103048369288 0.627202952280641 0.608280731365084 0.584100985899568 0.56206258200109 0.542165519669652 0.531737517565489 0.524951461702585 0.518108693882823 0.511383306235075 0.50526149943471 0.503609282895923 0.508980708196759 0.499932767823339 0.48170886747539 0.476719852536917 0.474193625152111 0.468536175787449 0.460371331311762 0.445687259547412
0.989776030182838 0.988942032679915 0.988128954544663 0.987430861219764 0.986805940046906 0.986668985337019 0.98661882430315 0.986385069787502 0.985733253881335 0.983994478359818 0.982788221910596 0.982114484533667 0.982011117041111 0.982127122581005 0.982081763446331 0.981112686917186 0.975572483614087 0.971797982230782 0.970798155292869 0.967696351930499 0.963256927207112 0.952778900042176 0.94091335684061 0.925991289317608 0.914078092202544 0.909987958148122 0.904488541185856 0.897579841315746 0.876730652526021 0.850519737228752 0.804899146780371 0.766232555732131 0.768044689670205 0.759836580604315 0.735882375389337 0.71443374082446 0.694579560309648 0.673165982589125 0.651439337059855 0.629692489281297 0.608488285914063 0.588694958016276 0.566979508846998 0.543341938406229 0.528671560809016 0.517450103536248 0.509208794683218 0.501790774054825 0.497612680308521 0.495440653525293 0.496421017684042 0.488537573255599 0.475013523362577 0.470369052141905 0.467370375059545 0.462159630842507 0.454629697836935 0.441069873981177
