data/dis.20102014.winter.solea_max.asc
NCOLS 320 
NROWS 120 
XLLCORNER 2 
YLLCORNER 53 
CELLSIZE 0.025 
NODATA_value -9999 
[rows 50 to 74 of 120, columns 116 to 173 of 320]
-9999 -9999 -9999 -9999 0.383923537097871 0.370587845332921 0.365402716211975 0.363352418877184 0.36983622610569 0.374978286214173 0.370901579968631 0.365118281915784 0.35665319673717 0.355331460945308 0.358555492945015 0.353395372629166 0.347143899649382 0.35084554925561 0.353518962860107 0.353518962860107 0.356348006054759 0.362006092444062 0.367250064387918 0.372334761545062 0.375441965647042 0.378183946013451 0.379681423306465 0.381580936722457 0.384112221188843 0.387238662689924 0.390743840485811 0.391678386367857 0.392485766671598 0.3998714806512 0.40786007232964 0.417416146025061 0.42334040813148 0.425632858648896 0.427907487377524 0.430175261572003 0.433306476101279 0.437082808464765 0.443830776959658 0.449025323614478 0.451778778806329 0.456832217052579 0.463349280878901 0.463772463612258 0.463938603177666 0.480454204604029 0.49451304692775 0.5021843155846 0.5117281768471 0.523144630715251 0.529073184356093 0.532891007140279 0.535472471266985 0.535349620506167
-9999 -9999 0.398939180187881 0.393373982049525 0.391173975542188 0.39233916066587 0.392844406887889 0.393095830455422 0.402687548659742 0.410639300942421 0.40764407813549 0.401865301653743 0.391712369397282 0.378427371382713 0.363149240612984 0.357889635488391 0.355055823922157 0.359397515654564 0.363034675829113 0.36484005395323 0.365999321453273 0.366512478329241 0.371856308542192 0.379058090038598 0.381333784200251 0.383341118693352 0.385455504059792 0.388521238230169 0.393081949092448 0.395064537413418 0.395406502299011 0.395344892516732 0.395484413951635 0.400415319949389 0.407403689809144 0.419741465710103 0.42817497625947 0.432704221457243 0.437235028482974 0.441766436211765 0.444999342784285 0.448089398443699 0.450847111642361 0.45395418535918 0.457610254175961 0.460889477282763 0.463928889483213 0.459432677365839 0.454125226475298 0.46064783912152 0.469237782992423 0.483202788047492 0.495803671889007 0.507040434516966 0.518517537042499 0.530087077990175 0.529362505301833 0.527027977630496
-9999 -9999 0.419859277550131 0.413538928609341 0.412868690676987 0.417848563753068 0.411717060022056 0.401311949826777 0.400216355919838 0.399911522865295 0.400822401046753 0.399463345296681 0.394537250511348 0.387358133681118 0.37874527554959 0.374105174094439 0.370359713211656 0.368315769359469 0.36742153391242 0.369516540318727 0.372107981704175 0.375195858068764 0.377244247123599 0.37889283336699 0.381705249659717 0.384835577569902 0.389213160611689 0.391648265533149 0.391030904836953 0.394743300043047 0.401210994459688 0.403287046588957 0.404229916632175 0.400840274989605 0.403214025311172 0.420572594739496 0.433157661929726 0.440969226881862 0.444598567672074 0.4466193607077 0.4478465821594 0.44836307503283 0.44555932842195 0.445951478555799 0.451365752145648 0.459829489700496 0.470233795233071 0.457163575105369 0.441380493342876 0.459292151033878 0.473190125077963 0.476652521640062 0.482798426412046 0.491627839393914 0.501064355485141 0.510734372772277 0.51694393157959 0.522985747084021
-9999 -9999 0.423370582517237 0.429690931458026 0.431715467013419 0.429444189183414 0.414142520166933 0.393829162232577 0.390192254446447 0.387978971004486 0.387978971004486 0.387620327062905 0.386698099784553 0.381771421991288 0.374296457506716 0.375581936910748 0.378231856971979 0.374291758984327 0.370884032920003 0.36886047385633 0.370895398780703 0.376988807693124 0.380413706414402 0.382812255062163 0.384537701494992 0.385786314494908 0.384848731569946 0.38483240455389 0.386263765394688 0.39252810459584 0.401867975480854 0.403424620628357 0.403640580363572 0.407527855597436 0.415066855959594 0.432100341655313 0.441303411498666 0.44267606548965 0.44383580237627 0.444913648068905 0.444593327119946 0.443402093835175 0.43826752435416 0.438408494926989 0.446839599870145 0.451946830376983 0.454938868060708 0.450046985410154 0.444853365421295 0.46133553981781 0.476158004254103 0.486665222793817 0.491849186830223 0.491709896363318 0.49308873899281 0.495051478967071 0.503944603726268 0.51255276799202
-9999 -9999 0.448676940519363 0.456375995185226 0.456394766457379 0.448733254335821 0.435127606615424 0.419235752895474 0.414602995850146 0.410308795981109 0.404395882971585 0.400229309685528 0.39880698453635 0.392524830065667 0.383150056935847 0.378965623676777 0.375988254323602 0.375883815810084 0.375631115399301 0.374992934055626 0.377114938572049 0.381997128948569 0.381772093474865 0.379582740366459 0.382669768296182 0.385886203497648 0.388197798281908 0.389610439538956 0.389610439538956 0.399745033122599 0.416328913532197 0.417340754531324 0.415947682224214 0.426616017706692 0.436200107447803 0.442965158261358 0.444771282374859 0.441618479788303 0.440645020455122 0.440509770065546 0.440958674997091 0.441306183114648 0.440974896773696 0.441108563914895 0.441972872242331 0.441706520505249 0.440720657818019 0.443432848900557 0.447124916128814 0.454901495017111 0.464977793395519 0.481033362448215 0.490825613029301 0.494354545138776 0.488081977702677 0.478039602749049 0.500101768411696 0.519750913605094
-9999 -9999 -9999 -9999 -9999 0.434012025594711 0.426905199885368 0.417064979672432 0.404069297946989 0.39311904553324 0.393324016593397 0.39263906981796 0.390555680729449 0.385901883244514 0.379612371325493 0.376452564261854 0.374058405868709 0.374039278365672 0.374983105808496 0.378430616110563 0.381385614164174 0.383848099969327 0.383599567227065 0.38230833504349 0.384446323849261 0.387410877272487 0.393499659374356 0.397878909483552 0.399571752175689 0.40581822488457 0.41496246214956 0.421451675705612 0.427361781708896 0.43245413992554 0.436338526196778 0.437082185409963 0.435964869335294 0.43298657797277 0.43327225279063 0.43481329921633 0.435611627995968 0.436711143702269 0.439535040408373 0.440640806220472 0.439046652056277 0.441370720043779 0.446188202127814 0.447455193847418 0.448456731624901 0.457017219625413 0.465851348824799 0.475396945141256 0.484534376300871 0.493263642303645 0.492333631962538 0.487688515335321 0.507247909903526 0.523637844249606
-9999 -9999 -9999 -9999 -9999 -9999 -9999 0.408426016569138 0.398061993531882 0.388611981645226 0.386780267581344 0.382843035273254 0.375597131438553 0.37910978589207 0.389468795619905 0.388193444348872 0.384732773527503 0.383678497746587 0.382541809231043 0.381190847605467 0.380502986721694 0.380478226579726 0.384284206666052 0.389563548378646 0.3910694392398 0.393661034293473 0.402790988795459 0.40631421841681 0.40102688036859 0.403034172952175 0.409683503210544 0.419657235965133 0.429704041220248 0.429690110497177 0.430584130808711 0.43383882381022 0.435651460662484 0.436022041365504 0.439914810471237 0.445162267424166 0.443795276805758 0.442189999856055 0.441338717006147 0.441324989311397 0.44262741971761 0.443183053284883 0.443263452500105 0.44836843945086 0.45431827288121 0.457546898163855 0.464380859397352 0.480588694103062 0.490055190399289 0.492780348286033 0.50077120307833 0.510787325911224 0.518304528668523 0.524968722835183
-9999 -9999 -9999 -9999 -9999 -9999 -9999 -9999 0.390306949615479 0.388772379606962 0.379564959555864 0.375698728486896 0.380225794389844 0.388355581089855 0.398778008297086 0.396544669754803 0.391930610872805 0.389873909763992 0.387357060797512 0.383643827401102 0.378654256463051 0.37238834798336 0.374633045867085 0.380151053890586 0.386127380654216 0.392496361397207 0.400693812407553 0.402944350615144 0.395849740132689 0.403461168520153 0.420430985279381 0.424429555423558 0.425788993947208 0.426385433413088 0.428870138712227 0.436264335177839 0.439792999066412 0.439456130377948 0.436263053677976 0.431971435435116 0.435067269951105 0.437834390439093 0.436785160563886 0.438419211655855 0.444269847124815 0.447519545443356 0.449114101938903 0.454276136122644 0.460148422047496 0.465965563431382 0.473329487256706 0.484715045429766 0.492485388182104 0.496640515513718 0.50819727871567 0.522600824944675 0.523844299837947 0.524139309301972
-9999 -9999 -9999 -9999 -9999 -9999 -9999 -9999 -9999 0.388772379606962 0.379564959555864 0.375382055528462 0.379094819538295 0.388639057055116 0.401894232258201 0.401941567659378 0.39898524992168 0.389873484149575 0.382862730883062 0.381314610131085 0.378697796724737 0.375012290664017 0.378577213734388 0.384930763393641 0.386176452971995 0.387983113527298 0.394096940755844 0.397833168506622 0.397833168506622 0.405263816006482 0.417423057369887 0.422569467686117 0.426257736049592 0.429001216776669 0.431960410438478 0.435480457730591 0.439046747982502 0.44265928119421 0.442064492031932 0.439851501956582 0.445806347765028 0.45191593375057 0.456396915949881 0.456924848258495 0.451240845024586 0.450890799053013 0.45393508952111 0.455103607848287 0.456644759513437 0.470898303203285 0.484695149585605 0.497304582968354 0.505538931116462 0.509398194029927 0.513843541964889 0.51851430721581 0.5147097222507 0.510424681007862
-9999 -9999 -9999 -9999 -9999 -9999 -9999 -9999 -9999 -9999 -9999 -9999 -9999 0.387398852035403 0.398624600842595 0.39777859300375 0.39413086604327 0.383897886611521 0.376239432021975 0.375274742022157 0.374816327355802 0.374864188022912 0.379249063320458 0.385302021168172 0.387226168066263 0.389694239012897 0.3960962863639 0.403350896202028 0.411945247091353 0.412896919064224 0.40898506809026 0.410851617343724 0.413916911929846 0.417714316397905 0.423578451387584 0.434816085733473 0.440567102283239 0.440831501036882 0.444583025760949 0.449675752781331 0.452726216055453 0.455611345358193 0.458270470611751 0.457980622537434 0.453056673519313 0.448249840177596 0.443517534993589 0.443627441301942 0.445427590981125 0.459498358890414 0.474558982998133 0.492193233221769 0.504224248230457 0.510652028024196 0.5129005741328 0.513541722670197 0.513386813923717 0.513288700953126
-9999 -9999 -9999 -9999 -9999 -9999 -9999 -9999 -9999 -9999 -9999 -9999 -9999 -9999 -9999 -9999 0.39319297671318 0.393905907869339 0.393956892192364 0.392286814749241 0.387034236453474 0.378199157305062 0.385010555386543 0.397839829325676 0.403659999370575 0.408570579253137 0.410994709469378 0.416791056282819 0.427886600606144 0.428666612133384 0.422882193699479 0.421685903333127 0.421368754468858 0.420397375710308 0.424399389885366 0.441332225687801 0.451612797565758 0.455241105519235 0.454619267955422 0.452362759038806 0.457214180380106 0.462162643671036 0.465505748987198 0.46685298345983 0.465063849464059 0.45918982475996 0.450716324150562 0.448448784649372 0.447842687368393 0.454380840063095 0.465918728150428 0.490455928258598 0.502850256860256 0.503101713955402 0.502752218395471 0.502171587198973 0.517064390704036 0.529351036995649
-9999 -9999 -9999 -9999 -9999 -9999 -9999 -9999 -9999 -9999 -9999 -9999 -9999 -9999 -9999 -9999 -9999 -9999 -9999 0.394971132278442 0.392603999003768 0.387869732454419 0.393101417459548 0.40216616075486 0.406929408200085 0.412900301627815 0.426174570806325 0.436222250573337 0.441199575550854 0.438466699793935 0.430827332660556 0.426745482720435 0.423686149530113 0.425914042629302 0.433636846020818 0.455646416172384 0.465638457797468 0.463612970896065 0.462118977680802 0.460829405114055 0.461852879263461 0.463255009613931 0.465870113112032 0.46952376049012 0.474809405393898 0.468819142319262 0.455653301440179 0.454701150767505 0.456695205532014 0.467248206026852 0.478986305184662 0.493805660866201 0.503834750503302 0.509073574095964 0.50899700075388 0.506876043975353 0.511738732457161 0.516446942463517
-9999 -9999 -9999 -9999 -9999 -9999 -9999 -9999 -9999 -9999 -9999 -9999 -9999 -9999 -9999 -9999 -9999 -9999 -9999 -9999 -9999 0.394732475280762 0.399771549738944 0.406748729757965 0.410441461019218 0.4153694473207 0.427439723163843 0.436155521310866 0.439599997363985 0.43918571062386 0.436315847560763 0.431406904943287 0.426670090295374 0.431792321614921 0.438106408342719 0.44751931913197 0.45632965490222 0.464537415653467 0.467541698366404 0.468544643372297 0.4628826668486 0.457313562743366 0.454169091768563 0.449015685357153 0.440705380402505 0.449687913991511 0.469674981199205 0.465704725123942 0.458068924956023 0.469573774375021 0.48204058688134 0.49700850341469 0.502479841001332 0.498454599641263 0.497850560583174 0.498562368564308 0.50331343896687 0.508257482200861
-9999 -9999 -9999 -9999 -9999 -9999 -9999 -9999 -9999 -9999 -9999 -9999 -9999 -9999 -9999 -9999 -9999 -9999 -9999 -9999 -9999 -9999 0.400225230492651 0.40783058386296 0.410812107846141 0.41517627146095 0.427813583053649 0.43521857727319 0.434401358477771 0.434477300383151 0.435121617279947 0.432447636500001 0.429277125746012 0.428947817534208 0.43032948859036 0.436159705743193 0.445788215845823 0.459215018898249 0.4624233385548 0.46170147228986 0.461972967721522 0.461852162145078 0.459477686323225 0.454199004918337 0.444356571882963 0.450299645774067 0.466288042254746 0.462675036862492 0.456355288624763 0.47066567838192 0.48594181239605 0.503728881478309 0.508006962947547 0.498776056803763 0.48971127346158 0.480710383504629 0.480759531259537 0.481870451942086
-9999 -9999 -9999 -9999 -9999 -9999 -9999 -9999 -9999 -9999 -9999 -9999 -9999 -9999 -9999 -9999 -9999 -9999 -9999 -9999 -9999 -9999 -9999 -9999 0.410812107846141 0.415387612767517 0.429292972199619 0.438510672189295 0.440362050198019 0.442203849554062 0.444039553403854 0.438759272918105 0.432455607689917 0.432948748581111 0.433584633283317 0.434591651894152 0.43378480989486 0.43116410728544 0.433852009475231 0.438581682741642 0.42858621198684 0.420176662504673 0.424027644097805 0.426046029664576 0.425184621475637 0.440392176620663 0.465825435705483 0.474423740059137 0.479498196393251 0.481906082481146 0.488107119686902 0.504170349799096 0.508522929623723 0.501164859160781 0.488058898597956 0.472742211073637 0.472132602706552 0.472565349191427
-9999 -9999 -9999 -9999 -9999 -9999 -9999 -9999 -9999 -9999 -9999 -9999 -9999 -9999 -9999 -9999 -9999 -9999 -9999 -9999 -9999 -9999 -9999 -9999 -9999 -9999 -9999 -9999 0.43159618973732 0.434149254113436 0.438326995819807 0.441658766008913 0.444039739668369 0.433133475482464 0.423217910341918 0.41587816271931 0.41375323291868 0.41684312094003 0.419949402101338 0.423061988316476 0.41894166264683 0.41526111587882 0.41590679064393 0.419143381528557 0.426451412029564 0.444798230193556 0.470169731415808 0.477625613100827 0.481658813543618 0.488419539295137 0.496179709210992 0.50653843395412 0.50801507383585 0.500609628856182 0.480360521934926 0.455171545036136 0.460575866512954 0.465586987324059
-9999 -9999 -9999 -9999 -9999 -9999 -9999 -9999 -9999 -9999 -9999 -9999 -9999 -9999 -9999 -9999 -9999 -9999 -9999 -9999 -9999 -9999 -9999 -9999 -9999 -9999 -9999 -9999 -9999 -9999 0.445193082094193 0.452968652360141 0.460433336906135 0.436176025308668 0.417008931748569 0.411076405085623 0.411011151969433 0.416813172399998 0.425346309319139 0.434929875656962 0.431105782277882 0.429850852116942 0.445385167375207 0.455171257257461 0.455924421548843 0.4731287015602 0.500801873393357 0.50852663256228 0.512151161208749 0.513896374031901 0.51703442633152 0.523793861269951 0.518541660159826 0.501277823001146 0.476999513804912 0.45002333074808 0.448723747394979 0.448663892224431
-9999 -9999 -9999 -9999 -9999 -9999 -9999 -9999 -9999 -9999 -9999 -9999 -9999 -9999 -9999 -9999 -9999 -9999 -9999 -9999 -9999 -9999 -9999 -9999 -9999 -9999 -9999 -9999 -9999 -9999 -9999 -9999 0.484107878990471 0.463482714258134 0.442293903790414 0.419639614410699 0.411867528222501 0.418977645225823 0.428811977617443 0.439694085158408 0.45071192458272 0.461802529171109 0.473217038437724 0.482150624506176 0.487185616977513 0.502021292224527 0.523093765601516 0.529836844652891 0.533198565244675 0.527797132730484 0.524551218375564 0.526909651234746 0.518030114471912 0.497912608087063 0.474935346283018 0.450858178548514 0.439612273126841 0.428816655650735
-9999 -9999 -9999 -9999 -9999 -9999 -9999 -9999 -9999 -9999 -9999 -9999 -9999 -9999 -9999 -9999 -9999 -9999 -9999 -9999 -9999 -9999 -9999 -9999 -9999 -9999 -9999 -9999 -9999 -9999 -9999 -9999 0.484107878990471 0.463482714258134 0.445976250804961 0.436578410677612 0.432022351771593 0.432308074086905 0.44236396253109 0.456177607178688 0.4853604612872 0.51296954229474 0.528189402073622 0.539006063714624 0.5429034139961 0.542323384433985 0.538894113153219 0.535569420084357 0.532534779980779 0.534075474366546 0.533952379599213 0.529503433033824 0.512943013571203 0.48427112121135 0.462322873994708 0.442960644140839 0.430727544240654 0.420659210532904
-9999 -9999 -9999 -9999 -9999 -9999 -9999 -9999 -9999 -9999 -9999 -9999 -9999 -9999 -9999 -9999 -9999 -9999 -9999 -9999 -9999 -9999 -9999 -9999 -9999 -9999 -9999 -9999 -9999 -9999 -9999 -9999 -9999 -9999 -9999 -9999 0.433713836595416 0.437382528558373 0.447881372645497 0.461007198318839 0.47847734671086 0.495545547455549 0.50932626798749 0.521356698125601 0.530636671930552 0.538622451946139 0.545784654095769 0.535130869597196 0.521218668669462 0.51248774304986 0.504914823919535 0.500352721661329 0.487067547626793 0.465059301815927 0.454561534337699 0.448490873910486 0.434486619196832 0.421933936886489
-9999 -9999 -9999 -9999 -9999 -9999 -9999 -9999 -9999 -9999 -9999 -9999 -9999 -9999 -9999 -9999 -9999 -9999 -9999 -9999 -9999 -9999 -9999 -9999 -9999 -9999 -9999 -9999 -9999 -9999 -9999 -9999 -9999 -9999 -9999 -9999 -9999 -9999 -9999 0.43519389629364 0.450109615921974 0.464376587420702 0.471012841910124 0.479828543029726 0.492069088853896 0.495265481062233 0.492706502787769 0.486964538693428 0.48062009178102 0.474855588749051 0.471104027703404 0.472586115822196 0.468022286891937 0.457412540912628 0.451886968687177 0.448316847905516 0.428802687674761 0.409812374040484
-9999 -9999 -9999 -9999 -9999 -9999 -9999 -9999 -9999 -9999 -9999 -9999 -9999 -9999 -9999 -9999 -9999 -9999 -9999 -9999 -9999 -9999 -9999 -9999 -9999 -9999 -9999 -9999 -9999 -9999 -9999 -9999 -9999 -9999 -9999 -9999 -9999 -9999 -9999 -9999 -9999 -9999 0.46553760766983 0.467587203718722 0.472857593558729 0.474259898066521 0.47320069372654 0.464544244110584 0.455384209752083 0.46349386870861 0.468591840006411 0.465859423391521 0.46561664994806 0.46786351967603 0.45805180631578 0.443602176383137 0.432198130525649 0.419431396760047
-9999 -9999 -9999 -9999 -9999 -9999 -9999 -9999 -9999 -9999 -9999 -9999 -9999 -9999 -9999 -9999 -9999 -9999 -9999 -9999 -9999 -9999 -9999 -9999 -9999 -9999 -9999 -9999 -9999 -9999 -9999 -9999 -9999 -9999 -9999 -9999 -9999 -9999 -9999 -9999 -9999 -9999 -9999 0.423838258720935 0.437696545384824 0.440891701728105 0.437301229685545 0.423694020137191 0.409314333461225 0.415859443135559 0.421048104763031 0.422710001468658 0.420340655371547 0.413940066471696 0.409926677122712 0.406831441447139 0.396698840893805 0.384771543554962
-9999 -9999 -9999 -9999 -9999 -9999 -9999 -9999 -9999 -9999 -9999 -9999 -9999 -9999 -9999 -9999 -9999 -9999 -9999 -9999 -9999 -9999 -9999 -9999 -9999 -9999 -9999 -9999 -9999 -9999 -9999 -9999 -9999 -9999 -9999 -9999 -9999 -9999 -9999 -9999 -9999 -9999 -9999 0.413059591315686 0.399201304651797 0.388093310408294 0.378735502250492 0.374327333644032 0.371002001687884 0.369256118312478 0.365476827137172 0.356410675682128 0.355629960075021 0.363134680315852 0.370785086415708 0.378491525538266 0.377747376449406 0.373753718100488
-9999 -9999 -9999 -9999 -9999 -9999 -9999 -9999 -9999 -9999 -9999 -9999 -9999 -9999 -9999 -9999 -9999 -9999 -9999 -9999 -9999 -9999 -9999 -9999 -9999 -9999 -9999 -9999 -9999 -9999 -9999 -9999 -9999 -9999 -9999 -9999 -9999 -9999 -9999 -9999 -9999 -9999 -9999 -9999 -9999 0.381629512645304 0.361694580875337 0.353538723662496 0.347433093003929 0.336132460273802 0.325972939841449 0.318780311383307 0.322429900988937 0.336921708658337 0.34754675719887 0.356684590689838 0.34756245650351 0.33580360468477
