data/dist_ran.forest_solea.solea_summer.asc
NCOLS 260 
NROWS 120 
XLLCORNER -3 
YLLCORNER 51 
CELLSIZE 0.05 
NODATA_value -9999 
[rows 23 to 45 of 120, columns 53 to 105 of 260]
0.00813501380127923 0.0461365984859139 0.0461365984859139 0.0371611468885449 0.0371611468885449 0.0485580734236426 0.0485580734236426 0.00677858067756087 0.00677858067756087 0.0101958659259924 0.0101958659259924 0.0333384247307735 0.0333384247307735 0.022226820397369 0.022226820397369 0.0250516584248319 0.0250516584248319 0.0628007428034463 0.0628007428034463 0.15856508173553 0.15856508173553 0.0955962594365223 0.0955962594365223 0.102323930395076 0.102323930395076 0.0282274994181053 0.0282274994181053 0.0212767788264607 0.0212767788264607 0.01677341914219 0.01677341914219 0.0122440569533981 0.0122440569533981 0.0132412111567968 0.0132412111567968 0.0230129508972901 0.0230129508972901 0.0227257012083182 0.0227257012083182 -3.5527136788005e-15 -3.5527136788005e-15 -3.5527136788005e-15 -3.5527136788005e-15 -2.77555756156289e-15 -2.77555756156289e-15 -3.5527136788005e-15 -3.5527136788005e-15 -2.77555756156289e-15 -2.77555756156289e-15 0.0102929320617897 0.0102929320617897 0.004342073424489 0.004342073424489
0.0926137245641079 0.080779161319116 0.080779161319116 0.0552581657371838 0.0552581657371838 0.0407433779291704 0.0407433779291704 0.313166195524391 0.313166195524391 0.319885966274906 0.319885966274906 0.165749758705873 0.165749758705873 0.0462825658544321 0.0462825658544321 0.0162012716195867 0.0162012716195867 0.012483116388299 0.012483116388299 0.186828732259094 0.186828732259094 0.0886595897365365 0.0886595897365365 0.091074044297994 0.091074044297994 0.0142161249013697 0.0142161249013697 0.00584994623904533 0.00584994623904533 0.0176817207204476 0.0176817207204476 0.0182417358804983 0.0182417358804983 0.0052451775996345 0.0052451775996345 0.00394619696058651 0.00394619696058651 0.00531642401109789 0.00531642401109789 0.00432706877474387 0.00432706877474387 0.00432706877474387 0.00432706877474387 -2.77555756156289e-15 -2.77555756156289e-15 -2.77555756156289e-15 -2.77555756156289e-15 -3.5527136788005e-15 -3.5527136788005e-15 0.00695614288418045 0.00695614288418045 0.00537146248917786 0.00537146248917786
0.366097821589143 0.184334106456995 0.184334106456995 0.108176127512211 0.108176127512211 0.0795252345790254 0.0795252345790254 0.610667297175305 0.610667297175305 0.414858558946124 0.414858558946124 0.40542809678689 0.40542809678689 0.0227048575927797 0.0227048575927797 0.0260015583044213 0.0260015583044213 0.0222223975630946 0.0222223975630946 0.0131221041542542 0.0131221041542542 0.0396944847002276 0.0396944847002276 0.0402120606450633 0.0402120606450633 0.0305374455374472 0.0305374455374472 0.00857171405113744 0.00857171405113744 0.0152384673991361 0.0152384673991361 0.00584994623904533 0.00584994623904533 0.00146638837273705 0.00146638837273705 0.00432706877474387 0.00432706877474387 0.0113072971217554 0.0113072971217554 0.0167877721494183 0.0167877721494183 0.00432706877474387 0.00432706877474387 0.00541919853961081 0.00541919853961081 0.00924213737148238 0.00924213737148238 0.00102493870557008 0.00102493870557008 0.00987007273698071 0.00987007273698071 0.00550410010569347 0.00550410010569347
0.345952256364446 0.217070787794367 0.217070787794367 0.0941205269200369 0.0941205269200369 0.221421587476259 0.221421587476259 0.555537119954217 0.555537119954217 2.16736783575915 2.16736783575915 1.68051502438298 1.68051502438298 0.0346624785100909 0.0346624785100909 0.017523768476017 0.017523768476017 0.0140009129964171 0.0140009129964171 0.00704058914672379 0.00704058914672379 0.0259467695303102 0.0259467695303102 0.0182027349210925 0.0182027349210925 0.257829524724904 0.257829524724904 0.115170125066779 0.115170125066779 0.0119936781107717 0.0119936781107717 0.00146638837273705 0.00146638837273705 -2.77555756156289e-15 -2.77555756156289e-15 0.00432706877474387 0.00432706877474387 0.00432706877474387 0.00432706877474387 0.00976971655914394 0.00976971655914394 0.00568497429309378 0.00568497429309378 -3.5527136788005e-15 -3.5527136788005e-15 0.00131158491084404 0.00131158491084404 0.00102493870557008 0.00102493870557008 0.00102493870557008 0.00102493870557008 0.00102493870557008 0.00102493870557008
0.384970478962908 0.442884566077687 0.442884566077687 0.105062892413862 0.105062892413862 0.134306712405678 0.134306712405678 0.493838320351651 0.493838320351651 1.64786791619422 1.64786791619422 1.82838700411846 1.82838700411846 0.0380464036867834 0.0380464036867834 0.0157128944676663 0.0157128944676663 0.0126352068224047 0.0126352068224047 0.000480822045852758 0.000480822045852758 0.000480822045852758 0.000480822045852758 0.00146638837273705 0.00146638837273705 0.0131800579795265 0.0131800579795265 0.0185687824383838 0.0185687824383838 0.00516881405595249 0.00516881405595249 0.00447457523477146 0.00447457523477146 0.0253008694913976 0.0253008694913976 0.00541919853961148 0.00541919853961148 0.00432706877474387 0.00432706877474387 0.0111349808370951 0.0111349808370951 -3.5527136788005e-15 -3.5527136788005e-15 0.000941982210205028 0.000941982210205028 0.00122860466066177 0.00122860466066177 0.00606413446955822 0.00606413446955822 0.0234439927501418 0.0234439927501418 0.0233317066843399 0.0233317066843399
0.662363694753302 0.341680913134872 0.341680913134872 0.0917496062811827 0.0917496062811827 0.0621531523497605 0.0621531523497605 0.0308151321211596 0.0308151321211596 0.453225235615672 0.453225235615672 0.386399232551323 0.386399232551323 0.0231399601678903 0.0231399601678903 0.00830359942447045 0.00830359942447045 0.00327593701737827 0.00327593701737827 -2.77555756156289e-15 -2.77555756156289e-15 -2.77555756156289e-15 -2.77555756156289e-15 0.00666613107766967 0.00666613107766967 0.00963615278138885 0.00963615278138885 0.00811018145314235 0.00811018145314235 0.011731510279956 0.011731510279956 0.0144369765580841 0.0144369765580841 0.0334383373135756 0.0334383373135756 0.00991802238596273 0.00991802238596273 0.00432706877474387 0.00432706877474387 0.00432706877474387 0.00432706877474387 -3.5527136788005e-15 -3.5527136788005e-15 0.00346535919820812 0.00346535919820812 0.000286352711293292 0.000286352711293292 0.0153823593719247 0.0153823593719247 0.0133158679688214 0.0133158679688214 0.0287353966870476 0.0287353966870476
0.595342517175416 0.372560392346105 0.372560392346105 0.135359494959413 0.135359494959413 0.0591218388739616 0.0591218388739616 0.0657672274073242 0.0657672274073242 0.135499328277118 0.135499328277118 0.026947749904416 0.026947749904416 0.0426438279118615 0.0426438279118615 0.00969608376027642 0.00969608376027642 0.00591727216105098 0.00591727216105098 -2.77555756156289e-15 -2.77555756156289e-15 0.000985092672607379 0.000985092672607379 0.00591727216105098 0.00591727216105098 0.00447457523477079 0.00447457523477079 -3.44169137633799e-15 -3.44169137633799e-15 0.00607473204438747 0.00607473204438747 0.00607473204438747 0.00607473204438747 0.00852746353815159 0.00852746353815159 0.00882100580429679 0.00882100580429679 0.00432706877474387 0.00432706877474387 -3.5527136788005e-15 -3.5527136788005e-15 0.00102493870557008 0.00102493870557008 0.00102493870557008 0.00102493870557008 0.00480206222978885 0.00480206222978885 0.00138465383562547 0.00138465383562547 0.00138465383562547 0.00138465383562547 0.0734173258665607 0.0734173258665607
0.503523942394841 0.461722250760076 0.461722250760076 0.226914094601762 0.226914094601762 0.0735729049180365 0.0735729049180365 0.0635842647463425 0.0635842647463425 0.0354114963691465 0.0354114963691465 0.0263244718197235 0.0263244718197235 0.0221108501673823 0.0221108501673823 0.00886491888409213 0.00886491888409213 0.0261838943147108 0.0261838943147108 0.00882100580429679 0.00882100580429679 0.00257969063641394 0.00257969063641394 0.00159302868292022 0.00159302868292022 0.00882100580429701 0.00882100580429701 0.00607473204438747 0.00607473204438747 0.0106856710919265 0.0106856710919265 -3.44169137633799e-15 -3.44169137633799e-15 0.00432706877474409 0.00432706877474409 -3.44169137633799e-15 -3.44169137633799e-15 0.00315763925872381 0.00315763925872381 0.00251577109782852 0.00251577109782852 0.0190089238839879 0.0190089238839879 0.0293146232616717 0.0293146232616717 0.177632471282393 0.177632471282393 0.148009022867334 0.148009022867334 0.194181426957138 0.194181426957138 0.183060611813852 0.183060611813852
0.387686210101427 0.120951280148161 0.120951280148161 0.0821998900984986 0.0821998900984986 0.0588432347573189 0.0588432347573189 0.047995973949678 0.047995973949678 0.0189675576088282 0.0189675576088282 0.012961354105264 0.012961354105264 0.0170676208872711 0.0170676208872711 0.00458674617471622 0.00458674617471622 0.00294273872432171 0.00294273872432171 0.00888717091142821 0.00888717091142821 0.00159302868292088 0.00159302868292088 0.0212251887979613 0.0212251887979613 0.00432706877474409 0.00432706877474409 0.0139829329524881 0.0139829329524881 0.00988114729248912 0.00988114729248912 0.00403483413448269 0.00403483413448269 0.00148930594494745 0.00148930594494745 0.00148930594494745 0.00148930594494745 0.00148930594494767 0.00148930594494767 0.0111942529792848 0.0111942529792848 0.118915272349557 0.118915272349557 0.144733938598453 0.144733938598453 0.216063880917145 0.216063880917145 0.161056578097167 0.161056578097167 0.0733858820253699 0.0733858820253699 0.0593528032028749 0.0593528032028749
0.253785805814942 0.135079890740047 0.135079890740047 0.0692431021048836 0.0692431021048836 0.0456034132149634 0.0456034132149634 0.00766314740352136 0.00766314740352136 0.00982652777736259 0.00982652777736259 0.00681758602630333 0.00681758602630333 0.0108989476619525 0.0108989476619525 0.0106514621475116 0.0106514621475116 0.0271487292100783 0.0271487292100783 0.00447457523477146 0.00447457523477146 0.00289434851518022 0.00289434851518022 0.00541919853961104 0.00541919853961104 0.00991802238596295 0.00991802238596295 0.00148930594494745 0.00148930594494745 0.00852062231497452 0.00852062231497452 0.00159302868292022 0.00159302868292022 0.00554906819833545 0.00554906819833545 0.222889495104905 0.222889495104905 0.326014313809264 0.326014313809264 0.107676925193606 0.107676925193606 0.0727714693905408 0.0727714693905408 0.103038140175525 0.103038140175525 0.184828191112558 0.184828191112558 0.101650509846134 0.101650509846134 0.0637233515352 0.0637233515352 0.0650157234256308 0.0650157234256308
0.550821541044129 0.0676076776322208 0.0676076776322208 0.0184256405721737 0.0184256405721737 0.0156178898060571 0.0156178898060571 0.00884284094485599 0.00884284094485599 0.0142466791382474 0.0142466791382474 0.0170867107614681 0.0170867107614681 0.0198266535505804 0.0198266535505804 0.0235173349027211 0.0235173349027211 0.00750337430328463 0.00750337430328463 0.0155084047757459 0.0155084047757459 0.00991802238596295 0.00991802238596295 0.0123841648596099 0.0123841648596099 0.0351860303511966 0.0351860303511966 0.0169464068870675 0.0169464068870675 0.0609885973908739 0.0609885973908739 0.00308470713495912 0.00308470713495912 0.0917650583933534 0.0917650583933534 0.324302903462578 0.324302903462578 0.879708877407726 0.879708877407726 0.208532889408843 0.208532889408843 0.107742282624937 0.107742282624937 0.110347772512792 0.110347772512792 0.400201479509213 0.400201479509213 0.281637436232576 0.281637436232576 0.103614687102401 0.103614687102401 0.0986288043346815 0.0986288043346815
0.543779506161052 0.0974958044953911 0.0974958044953911 0.0334655455987294 0.0334655455987294 0.0292562216250283 0.0292562216250283 0.0310072890871129 0.0310072890871129 0.0286120644164929 0.0286120644164929 0.0331731168928857 0.0331731168928857 0.0228186338485266 0.0228186338485266 0.0258761949447328 0.0258761949447328 0.0202956628865454 0.0202956628865454 0.012129168005605 0.012129168005605 -3.44169137633799e-15 -3.44169137633799e-15 0.0350039823049395 0.0350039823049395 0.056137732958655 0.056137732958655 0.0317994574795015 0.0317994574795015 0.0670732852710025 0.0670732852710025 0.00897307632393507 0.00897307632393507 0.123972147396208 0.123972147396208 0.16556138069381 0.16556138069381 0.123439887396773 0.123439887396773 0.0675630867096646 0.0675630867096646 0.122073923859279 0.122073923859279 0.139001254316425 0.139001254316425 0.214415362642357 0.214415362642357 0.210618308381718 0.210618308381718 0.135540293400466 0.135540293400466 0.155922024379938 0.155922024379938
0.464187079917595 1.11147617449249 1.11147617449249 0.10599024753198 0.10599024753198 0.042616837511378 0.042616837511378 0.0255445261173697 0.0255445261173697 0.0355081435785849 0.0355081435785849 0.0294472963090171 0.0294472963090171 0.0275075628164105 0.0275075628164105 0.0247285034256466 0.0247285034256466 0.00826109844162137 0.00826109844162137 0.00471949640149338 0.00471949640149338 0.00371609635187831 0.00371609635187831 0.12927542763089 0.12927542763089 0.26681536023304 0.26681536023304 0.120578465015665 0.120578465015665 0.0615777204085661 0.0615777204085661 0.0501318337406107 0.0501318337406107 0.108503625873823 0.108503625873823 0.0443803072409454 0.0443803072409454 0.0812686127066569 0.0812686127066569 0.122868489194838 0.122868489194838 0.239248362444142 0.239248362444142 0.261428202761165 0.261428202761165 0.210497912108573 0.210497912108573 0.282956143860535 0.282956143860535 0.238891728855514 0.238891728855514 0.216764028953498 0.216764028953498
0.134743467832968 0.225777000902645 0.225777000902645 0.329102867070413 0.329102867070413 0.0555881441444068 0.0555881441444068 0.0295908724984917 0.0295908724984917 0.041643513776342 0.041643513776342 0.0347888538156553 0.0347888538156553 0.0335394405181626 0.0335394405181626 0.0376277139436776 0.0376277139436776 0.0129021217150951 0.0129021217150951 0.0102419433434422 0.0102419433434422 0.0149585256925311 0.0149585256925311 0.0304739831881999 0.0304739831881999 0.349615620805115 0.349615620805115 0.218489032642319 0.218489032642319 0.133844781377363 0.133844781377363 0.0423204413719294 0.0423204413719294 0.147846664067559 0.147846664067559 0.177129250168061 0.177129250168061 0.469686457372245 0.469686457372245 0.504348047013494 0.504348047013494 0.450552877042088 0.450552877042088 0.461553257363483 0.461553257363483 0.645391260325311 0.645391260325311 0.663851311814349 0.663851311814349 0.362041465152561 0.362041465152561 0.369630867344888 0.369630867344888
0.0724219575936755 0.119836121152403 0.119836121152403 0.046584719027271 0.046584719027271 0.059473816958787 0.059473816958787 0.0666205544541192 0.0666205544541192 0.0324944931022766 0.0324944931022766 0.0646287509256509 0.0646287509256509 0.169620295062584 0.169620295062584 0.147298893239334 0.147298893239334 0.108514516201989 0.108514516201989 0.144176547899783 0.144176547899783 0.00642430115514703 0.00642430115514703 0.0127682990538855 0.0127682990538855 0.135436543941821 0.135436543941821 0.204362165068833 0.204362165068833 0.173258814831899 0.173258814831899 0.393951303196635 0.393951303196635 0.316122960264841 0.316122960264841 0.375147538421311 0.375147538421311 0.689279776656935 0.689279776656935 0.476491206438733 0.476491206438733 0.516845589390936 0.516845589390936 0.298135815710948 0.298135815710948 0.719612134731571 0.719612134731571 0.698903480846094 0.698903480846094 0.363381040438866 0.363381040438866 0.814565607995398 0.814565607995398
0.0677951855797263 0.108570206024121 0.108570206024121 0.016833753784639 0.016833753784639 0.0721119959099428 0.0721119959099428 0.0583450637985339 0.0583450637985339 0.0406446729131438 0.0406446729131438 0.0723891574615738 0.0723891574615738 0.096582681623812 0.096582681623812 0.0679192468464207 0.0679192468464207 0.0154684067284614 0.0154684067284614 0.0137645218328559 0.0137645218328559 0.00792317485000038 0.00792317485000038 0.0142651269613256 0.0142651269613256 0.219341910632888 0.219341910632888 0.217174743064378 0.217174743064378 0.261721476764962 0.261721476764962 0.522806182938007 0.522806182938007 0.441035372852746 0.441035372852746 0.61223741155647 0.61223741155647 0.74989355179731 0.74989355179731 0.655512605180837 0.655512605180837 0.523262298116912 0.523262298116912 0.291928233558991 0.291928233558991 0.321046975449336 0.321046975449336 1.04159857408923 1.04159857408923 0.435701639850748 0.435701639850748 0.878215517955482 0.878215517955482
0.0842568963720649 0.289002193486534 0.289002193486534 0.153835956701634 0.153835956701634 0.0447180876003659 0.0447180876003659 0.0716839677690213 0.0716839677690213 0.0648207367360445 0.0648207367360445 0.0361431314176788 0.0361431314176788 0.081876423259849 0.081876423259849 0.109355262694309 0.109355262694309 0.0212855038314745 0.0212855038314745 0.0170930226710264 0.0170930226710264 0.0205722210181132 0.0205722210181132 0.0262861783698498 0.0262861783698498 0.211625327580768 0.211625327580768 0.276972282553596 0.276972282553596 0.317423445090111 0.317423445090111 0.290327850847329 0.290327850847329 0.471100979568732 0.471100979568732 0.705852330201749 0.705852330201749 1.11181700227899 1.11181700227899 1.00455901304263 1.00455901304263 0.684995329491022 0.684995329491022 0.493682512980012 0.493682512980012 0.309459353312262 0.309459353312262 0.40438270785417 0.40438270785417 0.299086565908366 0.299086565908366 0.335323200178422 0.335323200178422
0.0618364268573455 0.0806863047163409 0.0806863047163409 0.277457018782182 0.277457018782182 0.162954392975632 0.162954392975632 0.161815599987458 0.161815599987458 0.0327968682541897 0.0327968682541897 0.0175320967263373 0.0175320967263373 0.0521624885556662 0.0521624885556662 0.0616857158333912 0.0616857158333912 0.0290978789195317 0.0290978789195317 0.0191628780581659 0.0191628780581659 0.0184937729527519 0.0184937729527519 0.146959211486588 0.146959211486588 0.244566135971474 0.244566135971474 0.282907028795338 0.282907028795338 0.270863708807119 0.270863708807119 0.246691128541974 0.246691128541974 0.609782728460232 0.609782728460232 0.791466265639371 0.791466265639371 0.943793328431859 0.943793328431859 0.673449987608949 0.673449987608949 0.535921337101271 0.535921337101271 0.339655123178248 0.339655123178248 0.30895669869136 0.30895669869136 0.369321191239301 0.369321191239301 0.25540111100166 0.25540111100166 0.292197454476572 0.292197454476572
0.0561970582502604 0.0417727821274352 0.0417727821274352 0.260453484232293 0.260453484232293 0.282615813046532 0.282615813046532 0.323729995217013 0.323729995217013 0.0652839905265159 0.0652839905265159 0.0880356013310279 0.0880356013310279 0.0232838873749994 0.0232838873749994 0.0449713758364223 0.0449713758364223 0.0314955615025005 0.0314955615025005 0.0258635231709725 0.0258635231709725 0.0329231448235299 0.0329231448235299 0.0934868186295164 0.0934868186295164 0.258415257221747 0.258415257221747 0.264708101948099 0.264708101948099 0.247282241426567 0.247282241426567 0.257506795130971 0.257506795130971 0.623658037379665 0.623658037379665 1.08654777478642 1.08654777478642 1.34603148608434 1.34603148608434 1.17478957626224 1.17478957626224 0.611398987212744 0.611398987212744 0.307193723513151 0.307193723513151 0.289176539876058 0.289176539876058 0.389778139611078 0.389778139611078 0.30138284521971 0.30138284521971 0.306087197521066 0.306087197521066
0.0599232856533907 0.0332267691401258 0.0332267691401258 0.0664740248088642 0.0664740248088642 0.0327126187546545 0.0327126187546545 0.0376967675377728 0.0376967675377728 0.0150548499711782 0.0150548499711782 0.0567528972286209 0.0567528972286209 0.0609030503191312 0.0609030503191312 0.0187025282552928 0.0187025282552928 0.0257594168847477 0.0257594168847477 0.0281333144594871 0.0281333144594871 0.0321369181003561 0.0321369181003561 0.0343184292700978 0.0343184292700978 0.275248043733891 0.275248043733891 0.211623400385972 0.211623400385972 0.183082594845755 0.183082594845755 0.205889544562026 0.205889544562026 0.539412209297981 0.539412209297981 0.773164181039355 0.773164181039355 1.10582939070526 1.10582939070526 1.14436202071816 1.14436202071816 0.761673426571534 0.761673426571534 0.312209264170136 0.312209264170136 0.320626263335512 0.320626263335512 0.322278617916937 0.322278617916937 0.302338623285467 0.302338623285467 0.294799059839318 0.294799059839318
0.0943222037470162 0.0388260301385404 0.0388260301385404 0.0523515451005727 0.0523515451005727 0.0275966143040589 0.0275966143040589 0.0357748297084146 0.0357748297084146 0.0207777690304036 0.0207777690304036 0.010615682396997 0.010615682396997 0.0327079233991623 0.0327079233991623 0.0192563372821328 0.0192563372821328 0.0195397221568692 0.0195397221568692 0.0199487892054275 0.0199487892054275 0.0121661927751648 0.0121661927751648 0.0299113588381352 0.0299113588381352 0.224628615236812 0.224628615236812 0.273887844612032 0.273887844612032 0.19682826870221 0.19682826870221 0.175178991863773 0.175178991863773 0.823165735281431 0.823165735281431 0.64468878414792 0.64468878414792 0.990098560434731 0.990098560434731 0.944983095572101 0.944983095572101 0.921822580794402 0.921822580794402 0.423673986858673 0.423673986858673 0.303502370525712 0.303502370525712 0.326424340123661 0.326424340123661 0.292760863777564 0.292760863777564 0.321476639820463 0.321476639820463
0.086239955953946 0.0939090451756774 0.0939090451756774 0.0785823921301902 0.0785823921301902 0.112890898485083 0.112890898485083 0.180901450578534 0.180901450578534 0.087003978701462 0.087003978701462 0.0536217746843046 0.0536217746843046 0.0710453145842729 0.0710453145842729 0.0299316528689986 0.0299316528689986 0.0237948040340792 0.0237948040340792 0.0122557149800617 0.0122557149800617 0.0113707430805179 0.0113707430805179 0.0257754684787064 0.0257754684787064 0.210224869432149 0.210224869432149 0.316650331366805 0.316650331366805 0.32004464880949 0.32004464880949 0.107890638058804 0.107890638058804 0.819664819802311 0.819664819802311 0.582638042438816 0.582638042438816 0.754909227641098 0.754909227641098 0.846082836626519 0.846082836626519 0.726656606955485 0.726656606955485 0.408916758664631 0.408916758664631 0.666222076004319 0.666222076004319 0.32473885895374 0.32473885895374 0.296049927737244 0.296049927737244 0.331110010835294 0.331110010835294
5.73811706517896 0.303798985826482 0.303798985826482 0.160221972739691 0.160221972739691 0.119959869884125 0.119959869884125 0.303293556600421 0.303293556600421 0.0560742720597724 0.0560742720597724 0.134951383430286 0.134951383430286 0.0365256617288063 0.0365256617288063 0.0842008903845415 0.0842008903845415 0.0589742555565265 0.0589742555565265 0.0386782014904736 0.0386782014904736 0.0183112061055188 0.0183112061055188 0.0474820588036096 0.0474820588036096 0.250380237091092 0.250380237091092 0.403164807676926 0.403164807676926 0.373098599233378 0.373098599233378 0.487236503394787 0.487236503394787 0.922199956224397 0.922199956224397 0.742640389591122 0.742640389591122 0.540678417790547 0.540678417790547 0.766941124596336 0.766941124596336 0.538021312878755 0.538021312878755 0.408122259583564 0.408122259583564 0.605572931045391 0.605572931045391 0.87002782845919 0.87002782845919 0.390186042195332 0.390186042195332 0.35939142399927 0.35939142399927
