data/dist_ran.forest_crangon.crangon_summer.asc
NCOLS 260 
NROWS 120 
XLLCORNER -3 
YLLCORNER 51 
CELLSIZE 0.05 
NODATA_value -9999 
[rows 21 to 41 of 120, columns 192 to 239 of 260]
-3.33066907387547e-16 -3.33066907387547e-16 -3.33066907387547e-16 -3.33066907387547e-16 -3.33066907387547e-16 -3.33066907387547e-16 -3.33066907387547e-16 -3.33066907387547e-16 0.000169670414379874 0.000169670414379874 0.00127034340609944 0.00127034340609944 0.00424540896328485 0.00424540896328485 0.000139236912540808 0.000139236912540808 9.41225587851591e-05 9.41225587851591e-05 -2.22044604925031e-16 -2.22044604925031e-16 3.95780272777202e-07 3.95780272777202e-07 2.5677431536586e-05 2.5677431536586e-05 2.63130278306267e-05 2.63130278306267e-05 0.000954856648508917 0.000954856648508917 0.0418514654890463 0.0418514654890463 -9999 -9999 -9999 -9999 -9999 -9999 -9999 -9999 -9999 -9999 -9999 -9999 -9999 -9999 -9999 -9999 -9999 -9999
-3.33066907387547e-16 -3.33066907387547e-16 -3.33066907387547e-16 -3.33066907387547e-16 -3.33066907387547e-16 -3.33066907387547e-16 -3.33066907387547e-16 -3.33066907387547e-16 0.00108309713686316 0.00108309713686316 3.27762588747671e-05 3.27762588747671e-05 2.66383317448771e-06 2.66383317448771e-06 0.000148900042362232 0.000148900042362232 1.58312090103863e-07 1.58312090103863e-07 -2.22044604925031e-16 -2.22044604925031e-16 2.97069355139623e-05 2.97069355139623e-05 -2.22044604925031e-16 -2.22044604925031e-16 1.58312090325907e-07 1.58312090325907e-07 0.00251506696643533 0.00251506696643533 0.0383510441448522 0.0383510441448522 0.187371247209474 0.187371247209474 -9999 -9999 -9999 -9999 -9999 -9999 -9999 -9999 -9999 -9999 -9999 -9999 -9999 -9999 -9999 -9999
-3.33066907387547e-16 -3.33066907387547e-16 -3.33066907387547e-16 -3.33066907387547e-16 -3.33066907387547e-16 -3.33066907387547e-16 -3.33066907387547e-16 -3.33066907387547e-16 -3.33066907387547e-16 -3.33066907387547e-16 0.00142136577163132 0.00142136577163132 0.000361422429311586 0.000361422429311586 3.99945858053918e-06 3.99945858053918e-06 -2.22044604925031e-16 -2.22044604925031e-16 0.00079040309611611 0.00079040309611611 -2.22044604925031e-16 -2.22044604925031e-16 4.86900500438203e-05 4.86900500438203e-05 1.59628791807087e-06 1.59628791807087e-06 0.00404319799806574 0.00404319799806574 0.0399499350673449 0.0399499350673449 0.200919188087056 0.200919188087056 -9999 -9999 -9999 -9999 -9999 -9999 -9999 -9999 -9999 -9999 -9999 -9999 -9999 -9999 -9999 -9999
-3.33066907387547e-16 -3.33066907387547e-16 -3.33066907387547e-16 -3.33066907387547e-16 -3.33066907387547e-16 -3.33066907387547e-16 -3.33066907387547e-16 -3.33066907387547e-16 0.000186571785530276 0.000186571785530276 -3.33066907387547e-16 -3.33066907387547e-16 0.000882972726939046 0.000882972726939046 -2.22044604925031e-16 -2.22044604925031e-16 -2.22044604925031e-16 -2.22044604925031e-16 0.0010799114804334 0.0010799114804334 0.00123942980198666 0.00123942980198666 0.00168259384624925 0.00168259384624925 0.00261490805485631 0.00261490805485631 0.00853154973743186 0.00853154973743186 0.0440472262010108 0.0440472262010108 0.189132714884446 0.189132714884446 -9999 -9999 -9999 -9999 -9999 -9999 -9999 -9999 -9999 -9999 -9999 -9999 -9999 -9999 -9999 -9999
-3.33066907387547e-16 -3.33066907387547e-16 -3.33066907387547e-16 -3.33066907387547e-16 0.00383777709877564 0.00383777709877564 -3.33066907387547e-16 -3.33066907387547e-16 -3.33066907387547e-16 -3.33066907387547e-16 -3.33066907387547e-16 -3.33066907387547e-16 -3.33066907387547e-16 -3.33066907387547e-16 8.41074104533934e-05 8.41074104533934e-05 0.00109771511863355 0.00109771511863355 0.00658009320269426 0.00658009320269426 0.00320706561229001 0.00320706561229001 0.00214551572043131 0.00214551572043131 0.00556859276113952 0.00556859276113952 0.00815980732464294 0.00815980732464294 0.0540523467837783 0.0540523467837783 0.197658635799431 0.197658635799431 -9999 -9999 -9999 -9999 -9999 -9999 -9999 -9999 -9999 -9999 -9999 -9999 -9999 -9999 -9999 -9999
-3.33066907387547e-16 -3.33066907387547e-16 -3.33066907387547e-16 -3.33066907387547e-16 -3.33066907387547e-16 -3.33066907387547e-16 -3.33066907387547e-16 -3.33066907387547e-16 -3.33066907387547e-16 -3.33066907387547e-16 0.000428221800480966 0.000428221800480966 -3.33066907387547e-16 -3.33066907387547e-16 3.73445913259829e-06 3.73445913259829e-06 0.00205003656338643 0.00205003656338643 0.00340393412287643 0.00340393412287643 0.00524407078213218 0.00524407078213218 0.00707879198782568 0.00707879198782568 0.00671820334942264 0.00671820334942264 0.0186920425704529 0.0186920425704529 0.0841218320897779 0.0841218320897779 -9999 -9999 -9999 -9999 -9999 -9999 -9999 -9999 -9999 -9999 -9999 -9999 -9999 -9999 -9999 -9999 -9999 -9999
-3.33066907387547e-16 -3.33066907387547e-16 0.0038373699090779 0.0038373699090779 2.07742974822622e-07 2.07742974822622e-07 -3.33066907387547e-16 -3.33066907387547e-16 -3.33066907387547e-16 -3.33066907387547e-16 -3.33066907387547e-16 -3.33066907387547e-16 -3.33066907387547e-16 -3.33066907387547e-16 -3.33066907387547e-16 -3.33066907387547e-16 0.0122622093636191 0.0122622093636191 0.00570989665606847 0.00570989665606847 0.00723399599417851 0.00723399599417851 0.00719867849461742 0.00719867849461742 0.0125070317518781 0.0125070317518781 0.0680548729698023 0.0680548729698023 0.124569383013793 0.124569383013793 -9999 -9999 -9999 -9999 -9999 -9999 -9999 -9999 -9999 -9999 -9999 -9999 -9999 -9999 -9999 -9999 -9999 -9999
-3.33066907387547e-16 -3.33066907387547e-16 -3.33066907387547e-16 -3.33066907387547e-16 0.00058568797143943 0.00058568797143943 -3.33066907387547e-16 -3.33066907387547e-16 -3.33066907387547e-16 -3.33066907387547e-16 -3.33066907387547e-16 -3.33066907387547e-16 -2.22044604925031e-16 -2.22044604925031e-16 -3.33066907387547e-16 -3.33066907387547e-16 0.00202499110394028 0.00202499110394028 0.00551477826925839 0.00551477826925839 0.0195113628162018 0.0195113628162018 0.00835185697669361 0.00835185697669361 0.0263753636070996 0.0263753636070996 0.0390354468823071 0.0390354468823071 0.105133359147414 0.105133359147414 -9999 -9999 -9999 -9999 -9999 -9999 -9999 -9999 -9999 -9999 -9999 -9999 -9999 -9999 -9999 -9999 -9999 -9999
1.03806018596497e-05 1.03806018596497e-05 -3.33066907387547e-16 -3.33066907387547e-16 -3.33066907387547e-16 -3.33066907387547e-16 -3.33066907387547e-16 -3.33066907387547e-16 -3.33066907387547e-16 -3.33066907387547e-16 -3.33066907387547e-16 -3.33066907387547e-16 -3.33066907387547e-16 -3.33066907387547e-16 -3.33066907387547e-16 -3.33066907387547e-16 9.67087631953412e-05 9.67087631953412e-05 0.0114956829006143 0.0114956829006143 0.0128438040245138 0.0128438040245138 0.0113470749008795 0.0113470749008795 0.033788545864482 0.033788545864482 0.0403943752496838 0.0403943752496838 0.141270638936361 0.141270638936361 0.469670924046673 0.469670924046673 -9999 -9999 -9999 -9999 -9999 -9999 -9999 -9999 -9999 -9999 -9999 -9999 -9999 -9999 -9999 -9999
-3.33066907387547e-16 -3.33066907387547e-16 4.05633133082617e-07 4.05633133082617e-07 -3.33066907387547e-16 -3.33066907387547e-16 -3.33066907387547e-16 -3.33066907387547e-16 -3.33066907387547e-16 -3.33066907387547e-16 -3.33066907387547e-16 -3.33066907387547e-16 -3.33066907387547e-16 -3.33066907387547e-16 -3.33066907387547e-16 -3.33066907387547e-16 -3.33066907387547e-16 -3.33066907387547e-16 3.95780272777202e-07 3.95780272777202e-07 0.00306907775444065 0.00306907775444065 0.00904849602722457 0.00904849602722457 0.0238649392195593 0.0238649392195593 0.0341084968172758 0.0341084968172758 0.105042885815392 0.105042885815392 0.180927689224115 0.180927689224115 -9999 -9999 -9999 -9999 -9999 -9999 -9999 -9999 -9999 -9999 -9999 -9999 -9999 -9999 -9999 -9999
-3.33066907387547e-16 -3.33066907387547e-16 -3.33066907387547e-16 -3.33066907387547e-16 4.03624461187135e-07 4.03624461187135e-07 -3.33066907387547e-16 -3.33066907387547e-16 -3.33066907387547e-16 -3.33066907387547e-16 -3.33066907387547e-16 -3.33066907387547e-16 6.08799879053823e-05 6.08799879053823e-05 3.01098345623085e-05 3.01098345623085e-05 -2.22044604925031e-16 -2.22044604925031e-16 1.00915670842028e-06 1.00915670842028e-06 1.77365339970592e-06 1.77365339970592e-06 0.00295770184777977 0.00295770184777977 0.00336222623902538 0.00336222623902538 0.00439483827980713 0.00439483827980713 0.0526494171714813 0.0526494171714813 0.116842555175739 0.116842555175739 0.133634238741105 0.133634238741105 -9999 -9999 -9999 -9999 -9999 -9999 -9999 -9999 -9999 -9999 -9999 -9999 -9999 -9999
-3.33066907387547e-16 -3.33066907387547e-16 -3.33066907387547e-16 -3.33066907387547e-16 1.00019356730208e-06 1.00019356730208e-06 -3.33066907387547e-16 -3.33066907387547e-16 -3.33066907387547e-16 -3.33066907387547e-16 -3.33066907387547e-16 -3.33066907387547e-16 -3.33066907387547e-16 -3.33066907387547e-16 1.85606134914806e-05 1.85606134914806e-05 0.000342507489858868 0.000342507489858868 -2.22044604925031e-16 -2.22044604925031e-16 0.00022602316189535 0.00022602316189535 0.00101017458782149 0.00101017458782149 0.00142388813005034 0.00142388813005034 0.00568860668404869 0.00568860668404869 0.00418698849589383 0.00418698849589383 0.0580225435362005 0.0580225435362005 0.0834847126701996 0.0834847126701996 0.404227031151544 0.404227031151544 -9999 -9999 -9999 -9999 -9999 -9999 -9999 -9999 -9999 -9999 -9999 -9999
-3.33066907387547e-16 -3.33066907387547e-16 -3.33066907387547e-16 -3.33066907387547e-16 -3.33066907387547e-16 -3.33066907387547e-16 -3.33066907387547e-16 -3.33066907387547e-16 -3.33066907387547e-16 -3.33066907387547e-16 -2.22044604925031e-16 -2.22044604925031e-16 0.000319615063280931 0.000319615063280931 1.85606134914806e-05 1.85606134914806e-05 -2.22044604925031e-16 -2.22044604925031e-16 -2.22044604925031e-16 -2.22044604925031e-16 0.00036435548075664 0.00036435548075664 0.000920633265004911 0.000920633265004911 0.00046272509799139 0.00046272509799139 0.00275699905974358 0.00275699905974358 0.000111012021017931 0.000111012021017931 0.00891629277753347 0.00891629277753347 0.0721201696623952 0.0721201696623952 0.144274101473733 0.144274101473733 -9999 -9999 -9999 -9999 -9999 -9999 -9999 -9999 -9999 -9999 -9999 -9999
-3.33066907387547e-16 -3.33066907387547e-16 -3.33066907387547e-16 -3.33066907387547e-16 -2.22044604925031e-16 -2.22044604925031e-16 -3.33066907387547e-16 -3.33066907387547e-16 -3.33066907387547e-16 -3.33066907387547e-16 -2.22044604925031e-16 -2.22044604925031e-16 1.91542949787848e-05 1.91542949787848e-05 -2.22044604925031e-16 -2.22044604925031e-16 5.47833806423537e-05 5.47833806423537e-05 -2.22044604925031e-16 -2.22044604925031e-16 1.59318348167403e-05 1.59318348167403e-05 0.000287782569644346 0.000287782569644346 0.000691559212063764 0.000691559212063764 0.0030084396812482 0.0030084396812482 0.000287637199430035 0.000287637199430035 0.00578781005631512 0.00578781005631512 0.0552740121677717 0.0552740121677717 0.0659858984137875 0.0659858984137875 0.186123359160061 0.186123359160061 -9999 -9999 -9999 -9999 -9999 -9999 -9999 -9999 -9999 -9999
-3.33066907387547e-16 -3.33066907387547e-16 -3.33066907387547e-16 -3.33066907387547e-16 -3.33066907387547e-16 -3.33066907387547e-16 -3.33066907387547e-16 -3.33066907387547e-16 4.44626377229529e-05 4.44626377229529e-05 0.000220936794384619 0.000220936794384619 1.87164399134687e-05 1.87164399134687e-05 5.93670468118646e-07 5.93670468118646e-07 1.06592802695538e-06 1.06592802695538e-06 -2.22044604925031e-16 -2.22044604925031e-16 4.43413939810178e-06 4.43413939810178e-06 0.000467400299976495 0.000467400299976495 0.000454485093484225 0.000454485093484225 0.00313839224773904 0.00313839224773904 0.00200545585196865 0.00200545585196865 0.0306496636461335 0.0306496636461335 0.0674362902427634 0.0674362902427634 0.215434708077694 0.215434708077694 0.3445633859577 0.3445633859577 -9999 -9999 -9999 -9999 -9999 -9999 -9999 -9999 -9999 -9999
-3.33066907387547e-16 -3.33066907387547e-16 -3.33066907387547e-16 -3.33066907387547e-16 -2.22044604925031e-16 -2.22044604925031e-16 -3.33066907387547e-16 -3.33066907387547e-16 -2.22044604925031e-16 -2.22044604925031e-16 0.000721610635747272 0.000721610635747272 -2.22044604925031e-16 -2.22044604925031e-16 5.93670468118646e-07 5.93670468118646e-07 1.26381835485745e-06 1.26381835485745e-06 5.15697426490824e-05 5.15697426490824e-05 -1.11022302462516e-16 -1.11022302462516e-16 0.000443956542505841 0.000443956542505841 0.00153836358659243 0.00153836358659243 0.00117517790502708 0.00117517790502708 0.00120537614826755 0.00120537614826755 0.0266287455047922 0.0266287455047922 0.0733518664177903 0.0733518664177903 0.102198830780506 0.102198830780506 0.390055874738126 0.390055874738126 -9999 -9999 -9999 -9999 -9999 -9999 -9999 -9999 -9999 -9999
-3.33066907387547e-16 -3.33066907387547e-16 -3.33066907387547e-16 -3.33066907387547e-16 -3.33066907387547e-16 -3.33066907387547e-16 -3.33066907387547e-16 -3.33066907387547e-16 1.39760924742216e-05 1.39760924742216e-05 0.000454652496629127 0.000454652496629127 -3.33066907387547e-16 -3.33066907387547e-16 -2.22044604925031e-16 -2.22044604925031e-16 -2.22044604925031e-16 -2.22044604925031e-16 2.26569644512509e-06 2.26569644512509e-06 -2.22044604925031e-16 -2.22044604925031e-16 0.000703754861690387 0.000703754861690387 0.00265723964066256 0.00265723964066256 0.00646800470686881 0.00646800470686881 0.000995498875325573 0.000995498875325573 0.0115279220482256 0.0115279220482256 0.0708809408305646 0.0708809408305646 0.0545849613750042 0.0545849613750042 -9999 -9999 -9999 -9999 -9999 -9999 -9999 -9999 -9999 -9999 -9999 -9999
-3.33066907387547e-16 -3.33066907387547e-16 -3.33066907387547e-16 -3.33066907387547e-16 -3.33066907387547e-16 -3.33066907387547e-16 -3.33066907387547e-16 -3.33066907387547e-16 -3.33066907387547e-16 -3.33066907387547e-16 -3.33066907387547e-16 -3.33066907387547e-16 -3.33066907387547e-16 -3.33066907387547e-16 -3.33066907387547e-16 -3.33066907387547e-16 0.000603850967387132 0.000603850967387132 0.000578694981698602 0.000578694981698602 0.00205937082927532 0.00205937082927532 0.000873981222009323 0.000873981222009323 0.0036207677601694 0.0036207677601694 0.00588019501709791 0.00588019501709791 0.0022179347622342 0.0022179347622342 0.0153590500952725 0.0153590500952725 0.0481794644915725 0.0481794644915725 0.113515298838034 0.113515298838034 -9999 -9999 -9999 -9999 -9999 -9999 -9999 -9999 -9999 -9999 -9999 -9999
4.44626377229529e-05 4.44626377229529e-05 4.28461263330959e-05 4.28461263330959e-05 -3.33066907387547e-16 -3.33066907387547e-16 -3.33066907387547e-16 -3.33066907387547e-16 5.76675520447267e-07 5.76675520447267e-07 -3.33066907387547e-16 -3.33066907387547e-16 -3.33066907387547e-16 -3.33066907387547e-16 -3.33066907387547e-16 -3.33066907387547e-16 -2.22044604925031e-16 -2.22044604925031e-16 3.17194239320973e-05 3.17194239320973e-05 0.00227022975205493 0.00227022975205493 0.00173379733711276 0.00173379733711276 0.00383575945809422 0.00383575945809422 0.00774924479446137 0.00774924479446137 0.00372639930500962 0.00372639930500962 0.019660341382282 0.019660341382282 0.0258499654355033 0.0258499654355033 -9999 -9999 -9999 -9999 -9999 -9999 -9999 -9999 -9999 -9999 -9999 -9999 -9999 -9999
-3.33066907387547e-16 -3.33066907387547e-16 -3.33066907387547e-16 -3.33066907387547e-16 6.26768420801671e-05 6.26768420801671e-05 -3.33066907387547e-16 -3.33066907387547e-16 -3.33066907387547e-16 -3.33066907387547e-16 0.000454652496629127 0.000454652496629127 -3.33066907387547e-16 -3.33066907387547e-16 -3.33066907387547e-16 -3.33066907387547e-16 -2.22044604925031e-16 -2.22044604925031e-16 8.00154773772377e-07 8.00154773772377e-07 8.27242630354608e-05 8.27242630354608e-05 0.0010125782120507 0.0010125782120507 0.00214222800197472 0.00214222800197472 0.0131541927072747 0.0131541927072747 0.00474098051681304 0.00474098051681304 0.0125590148561088 0.0125590148561088 0.030076831242881 0.030076831242881 -9999 -9999 -9999 -9999 -9999 -9999 -9999 -9999 -9999 -9999 -9999 -9999 -9999 -9999
-3.33066907387547e-16 -3.33066907387547e-16 -3.33066907387547e-16 -3.33066907387547e-16 -3.33066907387547e-16 -3.33066907387547e-16 -3.33066907387547e-16 -3.33066907387547e-16 -3.33066907387547e-16 -3.33066907387547e-16 -3.33066907387547e-16 -3.33066907387547e-16 -3.33066907387547e-16 -3.33066907387547e-16 -3.33066907387547e-16 -3.33066907387547e-16 2.13283654981744e-06 2.13283654981744e-06 1.33235292032463e-05 1.33235292032463e-05 1.74007710116442e-05 1.74007710116442e-05 0.001232337962912 0.001232337962912 0.00249900485503307 0.00249900485503307 0.0059408047835352 0.0059408047835352 0.00239788558902077 0.00239788558902077 0.0348248221822864 0.0348248221822864 0.0472633149363013 0.0472633149363013 -9999 -9999 -9999 -9999 -9999 -9999 -9999 -9999 -9999 -9999 -9999 -9999 -9999 -9999
