data/dist_ran.forest_pleuronectes.platessa_summer.asc
NCOLS 260 
NROWS 120 
XLLCORNER -3 
YLLCORNER 51 
CELLSIZE 0.05 
NODATA_value -9999 
[rows 23 to 45 of 120, columns 159 to 211 of 260]
66.8585358233197 77.8846912351754 77.8846912351754 149.195635691445 149.195635691445 85.4607508575666 85.4607508575666 102.364728054002 102.364728054002 127.615735024563 127.615735024563 127.76385104627 127.76385104627 175.202702865967 175.202702865967 267.486496770879 267.486496770879 221.866901924558 221.866901924558 185.962562958943 185.962562958943 180.270352594157 180.270352594157 194.332841260814 194.332841260814 202.411520060515 202.411520060515 218.322117370929 218.322117370929 326.565089207545 326.565089207545 431.014166113404 431.014166113404 365.123472889752 365.123472889752 461.704242491954 461.704242491954 430.06413274983 430.06413274983 319.156822238475 319.156822238475 490.690838463855 490.690838463855 376.964992770231 376.964992770231 266.794838690676 266.794838690676 273.082015487731 273.082015487731 161.923600840481 161.923600840481 100.18037721631 100.18037721631
63.7618237096817 86.298119871662 86.298119871662 153.70776658524 153.70776658524 63.579964553423 63.579964553423 59.2228892810292 59.2228892810292 85.620905058595 85.620905058595 147.525502099336 147.525502099336 201.447532035771 201.447532035771 260.979122905101 260.979122905101 235.9437747082 235.9437747082 187.632466855001 187.632466855001 186.109161796142 186.109161796142 171.509399083529 171.509399083529 184.528863634253 184.528863634253 227.03201297894 227.03201297894 63.710568015714 63.710568015714 390.264119905007 390.264119905007 393.561998277073 393.561998277073 405.787638333267 405.787638333267 386.41493236453 386.41493236453 377.071196764704 377.071196764704 410.644501253337 410.644501253337 393.321395011819 393.321395011819 250.490835822064 250.490835822064 145.224938418874 145.224938418874 201.570616467389 201.570616467389 87.6855323440396 87.6855323440396
106.856099652523 133.843579251683 133.843579251683 180.050421217352 180.050421217352 57.0299784621508 57.0299784621508 65.0399368059676 65.0399368059676 132.642521944226 132.642521944226 195.46127990016 195.46127990016 138.01554114358 138.01554114358 242.565875874475 242.565875874475 247.485417574912 247.485417574912 201.833865321343 201.833865321343 199.50389844172 199.50389844172 184.108309751596 184.108309751596 192.344183880592 192.344183880592 231.633253817684 231.633253817684 196.577449185342 196.577449185342 384.975563023412 384.975563023412 430.821930360643 430.821930360643 395.125009096108 395.125009096108 350.329659931138 350.329659931138 330.953139470436 330.953139470436 420.416788854068 420.416788854068 552.546131918712 552.546131918712 261.066102030124 261.066102030124 93.3721304133677 93.3721304133677 105.586898452339 105.586898452339 90.740734013817 90.740734013817
160.233336749859 146.696506092411 146.696506092411 174.50538108688 174.50538108688 112.477130279897 112.477130279897 164.619501180787 164.619501180787 134.288253257014 134.288253257014 197.083886794879 197.083886794879 155.994168993478 155.994168993478 172.842814543321 172.842814543321 226.115510420017 226.115510420017 228.52026259613 228.52026259613 200.386033430602 200.386033430602 146.97579062374 146.97579062374 189.587949844362 189.587949844362 153.570994695883 153.570994695883 313.845209254879 313.845209254879 377.613049417885 377.613049417885 412.220689144906 412.220689144906 322.504010870906 322.504010870906 388.59917172618 388.59917172618 273.701194275196 273.701194275196 455.267703471586 455.267703471586 255.087358888993 255.087358888993 220.877953428771 220.877953428771 122.248786161994 122.248786161994 89.3184246598339 89.3184246598339 65.3387961856884 65.3387961856884
184.006923277403 176.221588403133 176.221588403133 170.866655698105 170.866655698105 187.396706491329 187.396706491329 234.744065626216 234.744065626216 153.205616616326 153.205616616326 254.252888681925 254.252888681925 206.402307113483 206.402307113483 166.792350293832 166.792350293832 222.94680710163 222.94680710163 208.781261637475 208.781261637475 209.589323981646 209.589323981646 139.547290121542 139.547290121542 128.904602999219 128.904602999219 202.833357912997 202.833357912997 319.218518642116 319.218518642116 377.477228803066 377.477228803066 428.103813185986 428.103813185986 367.241469610653 367.241469610653 388.577783553782 388.577783553782 228.284445610678 228.284445610678 121.906857632112 121.906857632112 194.795737874625 194.795737874625 249.720124753935 249.720124753935 140.953300834088 140.953300834088 40.7536812293063 40.7536812293063 45.1413125738299 45.1413125738299
205.36989235707 154.225868760523 154.225868760523 196.122376910447 196.122376910447 274.909005119128 274.909005119128 233.972596640799 233.972596640799 185.580374939581 185.580374939581 230.086324309044 230.086324309044 223.435617622978 223.435617622978 177.547773851198 177.547773851198 217.157462530757 217.157462530757 173.345950100682 173.345950100682 199.663177723182 199.663177723182 216.319845354284 216.319845354284 161.704342179006 161.704342179006 290.179450937044 290.179450937044 336.941203976134 336.941203976134 477.131135241949 477.131135241949 443.064985219553 443.064985219553 431.743495207235 431.743495207235 330.278316810236 330.278316810236 334.300967187276 334.300967187276 366.344728474171 366.344728474171 184.62370527959 184.62370527959 161.568262061679 161.568262061679 137.316977270216 137.316977270216 87.5124536177749 87.5124536177749 54.8252969451542 54.8252969451542
217.378902955442 190.264724164638 190.264724164638 255.033998671883 255.033998671883 266.986427621789 266.986427621789 264.190097315793 264.190097315793 240.012785542652 240.012785542652 214.491991292611 214.491991292611 204.496919119735 204.496919119735 196.429366596828 196.429366596828 210.796225177594 210.796225177594 144.447186228837 144.447186228837 147.205144679964 147.205144679964 209.972686449951 209.972686449951 307.832465276115 307.832465276115 247.911756596416 247.911756596416 285.609478604151 285.609478604151 437.571906108178 437.571906108178 467.180438094192 467.180438094192 439.44948454433 439.44948454433 360.714867337469 360.714867337469 258.134014782382 258.134014782382 224.399097404732 224.399097404732 138.854966981314 138.854966981314 163.348556080107 163.348556080107 142.037737443988 142.037737443988 96.6778601549995 96.6778601549995 73.2433800852705 73.2433800852705
282.532733615715 240.076085812626 240.076085812626 326.781614437529 326.781614437529 227.04995827611 227.04995827611 268.298104714872 268.298104714872 235.981434133677 235.981434133677 243.146917222704 243.146917222704 238.206687497158 238.206687497158 231.882459041497 231.882459041497 211.004773035675 211.004773035675 141.4345043404 141.4345043404 131.2391200447 131.2391200447 157.979394101496 157.979394101496 350.977302290739 350.977302290739 352.835131055371 352.835131055371 356.36196211537 356.36196211537 444.19670626516 444.19670626516 524.426865524894 524.426865524894 407.831088241146 407.831088241146 330.870948159007 330.870948159007 271.138647916376 271.138647916376 189.933079282568 189.933079282568 180.573147215564 180.573147215564 142.628564909979 142.628564909979 173.984759411493 173.984759411493 116.62944041137 116.62944041137 99.3335237420821 99.3335237420821
356.226677229781 249.628836613734 249.628836613734 237.862108253699 237.862108253699 254.902067645413 254.902067645413 307.463938741233 307.463938741233 222.115764965587 222.115764965587 258.637714560223 258.637714560223 247.277059498018 247.277059498018 257.555122191382 257.555122191382 233.944273184542 233.944273184542 171.616631513983 171.616631513983 104.975460439069 104.975460439069 114.977843124146 114.977843124146 224.607438211995 224.607438211995 496.811871016181 496.811871016181 373.344210896916 373.344210896916 447.999881546938 447.999881546938 546.433536712956 546.433536712956 390.880513760676 390.880513760676 359.096979158431 359.096979158431 259.8048261634 259.8048261634 173.599030305796 173.599030305796 192.397661285827 192.397661285827 233.702267497548 233.702267497548 147.940244157097 147.940244157097 66.1098461737909 66.1098461737909 85.7044657586185 85.7044657586185
342.55371529228 262.620162104684 262.620162104684 307.605239570908 307.605239570908 357.734092955117 357.734092955117 351.188216702921 351.188216702921 287.977141471824 287.977141471824 257.549575682775 257.549575682775 227.273362449698 227.273362449698 283.319877575527 283.319877575527 271.267937616165 271.267937616165 174.75349326071 174.75349326071 112.067835574115 112.067835574115 105.114893873628 105.114893873628 114.69902175037 114.69902175037 479.599943328439 479.599943328439 398.159440646679 398.159440646679 454.745630620615 454.745630620615 459.009029133167 459.009029133167 415.030112363992 415.030112363992 445.33784490804 445.33784490804 176.599806192425 176.599806192425 152.948170182564 152.948170182564 165.848675621543 165.848675621543 218.836743474246 218.836743474246 151.793095372131 151.793095372131 44.9318926862112 44.9318926862112 40.8698361240985 40.8698361240985
282.215578783932 269.726332897057 269.726332897057 371.954020551554 371.954020551554 391.039187051448 391.039187051448 503.486193827113 503.486193827113 350.304981967315 350.304981967315 292.905552480925 292.905552480925 249.479343820604 249.479343820604 208.578544137028 208.578544137028 219.20489534341 219.20489534341 148.135768112442 148.135768112442 143.611144972607 143.611144972607 107.391672423126 107.391672423126 79.092271965442 79.092271965442 226.754030377344 226.754030377344 389.62418657693 389.62418657693 482.08688538066 482.08688538066 357.625987097212 357.625987097212 422.071659508246 422.071659508246 361.906533265979 361.906533265979 211.602101045036 211.602101045036 180.238484224056 180.238484224056 125.782476782991 125.782476782991 175.758784493256 175.758784493256 205.809126165798 205.809126165798 38.9662849812314 38.9662849812314 26.3548595403073 26.3548595403073
267.006707461195 319.787318522097 319.787318522097 367.429852394682 367.429852394682 382.760189333823 382.760189333823 418.899286299623 418.899286299623 350.53719660267 350.53719660267 364.436749999835 364.436749999835 278.787234869383 278.787234869383 191.907371005981 191.907371005981 181.601814599504 181.601814599504 145.179418427619 145.179418427619 129.362392115579 129.362392115579 107.621645227446 107.621645227446 97.3732996118448 97.3732996118448 102.913966778971 102.913966778971 364.828259710463 364.828259710463 540.628378628607 540.628378628607 283.789241727277 283.789241727277 415.822524927445 415.822524927445 236.768261359242 236.768261359242 241.838509190018 241.838509190018 108.947062952091 108.947062952091 109.813887234648 109.813887234648 203.745965219935 203.745965219935 174.197664281578 174.197664281578 35.9590431575967 35.9590431575967 20.9565160283942 20.9565160283942
274.201721460901 363.884517141251 363.884517141251 387.994156446982 387.994156446982 369.623746377763 369.623746377763 385.048075211182 385.048075211182 369.803981173141 369.803981173141 417.221720850886 417.221720850886 259.699986755053 259.699986755053 174.307099673832 174.307099673832 118.6470486488 118.6470486488 137.015381325854 137.015381325854 121.029928410765 121.029928410765 106.524771280914 106.524771280914 112.706213929271 112.706213929271 123.062108190912 123.062108190912 232.177973370577 232.177973370577 378.009007562114 378.009007562114 460.469289363133 460.469289363133 310.800778500034 310.800778500034 248.412407797019 248.412407797019 198.501683459282 198.501683459282 146.443052298682 146.443052298682 64.0431839047677 64.0431839047677 218.897498453211 218.897498453211 198.784060305266 198.784060305266 28.4473839377253 28.4473839377253 37.338254691271 37.338254691271
367.796961465248 397.801201376688 397.801201376688 337.077444877198 337.077444877198 337.599891644647 337.599891644647 373.348103851676 373.348103851676 363.596336003461 363.596336003461 382.699573197941 382.699573197941 327.022134281564 327.022134281564 62.0231104192411 62.0231104192411 124.83509679986 124.83509679986 184.336919383869 184.336919383869 149.18728473096 149.18728473096 109.685763288965 109.685763288965 98.2415247320508 98.2415247320508 92.9253555974972 92.9253555974972 175.750770223692 175.750770223692 297.418980465546 297.418980465546 318.45303434354 318.45303434354 355.251451215933 355.251451215933 211.555199880621 211.555199880621 147.158420368327 147.158420368327 121.982480351052 121.982480351052 74.8970188037571 74.8970188037571 189.620396423643 189.620396423643 222.432599619084 222.432599619084 16.1609324268581 16.1609324268581 53.4045948456107 53.4045948456107
629.053590109496 451.651716304794 451.651716304794 286.185664149101 286.185664149101 367.378541335087 367.378541335087 363.897757200932 363.897757200932 372.276289327454 372.276289327454 379.866341806636 379.866341806636 283.209841273407 283.209841273407 188.534094221412 188.534094221412 195.421788529061 195.421788529061 238.996560366756 238.996560366756 123.170885858027 123.170885858027 72.0294780283845 72.0294780283845 103.487251943148 103.487251943148 116.823117520722 116.823117520722 180.951647438751 180.951647438751 136.152736010153 136.152736010153 319.687082288773 319.687082288773 474.647721120437 474.647721120437 258.21817397765 258.21817397765 122.742046293251 122.742046293251 165.020200383385 165.020200383385 100.833708524513 100.833708524513 53.6107944856867 53.6107944856867 191.294082747222 191.294082747222 1.2325310276273 1.2325310276273 10.9947602004059 10.9947602004059
427.457304182746 357.232284497171 357.232284497171 353.966034416521 353.966034416521 373.82797184829 373.82797184829 371.884527969522 371.884527969522 330.312417690342 330.312417690342 293.624908566297 293.624908566297 275.337031858824 275.337031858824 262.384883640022 262.384883640022 232.067612098351 232.067612098351 258.280225073346 258.280225073346 137.379140462854 137.379140462854 102.681230535446 102.681230535446 99.2363039874274 99.2363039874274 152.385702729193 152.385702729193 167.814866445652 167.814866445652 213.599330951645 213.599330951645 272.872354329959 272.872354329959 390.44594365541 390.44594365541 206.860259167887 206.860259167887 122.293986343843 122.293986343843 139.754826125757 139.754826125757 116.602511651285 116.602511651285 89.1760297304715 89.1760297304715 143.187917625633 143.187917625633 61.5821216915047 61.5821216915047 26.0153843014151 26.0153843014151
423.72231342346 404.248540649122 404.248540649122 398.293042098375 398.293042098375 408.565901699041 408.565901699041 413.673700073191 413.673700073191 376.646791398112 376.646791398112 380.657497142301 380.657497142301 342.691831787722 342.691831787722 309.74660747608 309.74660747608 301.728177105602 301.728177105602 253.839165906895 253.839165906895 178.825197794177 178.825197794177 95.313035906667 95.313035906667 77.160623665796 77.160623665796 88.4514381871895 88.4514381871895 415.280127274113 415.280127274113 343.544281427096 343.544281427096 243.36966237251 243.36966237251 595.647948818062 595.647948818062 207.259973523123 207.259973523123 147.165602232285 147.165602232285 117.497373454838 117.497373454838 151.869866452126 151.869866452126 155.691386882773 155.691386882773 168.412389150421 168.412389150421 118.183792058783 118.183792058783 62.9841204706571 62.9841204706571
405.512164848099 406.590220000339 406.590220000339 405.361843817928 405.361843817928 376.538321567605 376.538321567605 385.51324797378 385.51324797378 371.875650140562 371.875650140562 386.040371664244 386.040371664244 344.999968920513 344.999968920513 340.524157292369 340.524157292369 274.18735544254 274.18735544254 256.738498297156 256.738498297156 232.755489374587 232.755489374587 118.56715612365 118.56715612365 82.8744875831831 82.8744875831831 56.9423727794453 56.9423727794453 211.177367305987 211.177367305987 362.100239112931 362.100239112931 305.319089395071 305.319089395071 293.681235103631 293.681235103631 203.053231249226 203.053231249226 108.90041658569 108.90041658569 77.9941521281415 77.9941521281415 106.186615713029 106.186615713029 128.363264401487 128.363264401487 142.509365499531 142.509365499531 94.2329770298901 94.2329770298901 34.6494638980809 34.6494638980809
402.728632236801 402.475075126597 402.475075126597 416.220273612926 416.220273612926 373.632551288811 373.632551288811 406.298377630888 406.298377630888 381.800660016346 381.800660016346 358.184843780124 358.184843780124 304.079776649656 304.079776649656 266.638011997701 266.638011997701 268.189696866855 268.189696866855 175.403859245855 175.403859245855 165.151644851996 165.151644851996 209.514110486091 209.514110486091 104.010905577697 104.010905577697 124.451467594967 124.451467594967 157.850867375537 157.850867375537 311.525604115126 311.525604115126 319.797308507032 319.797308507032 254.715635265731 254.715635265731 279.387150765915 279.387150765915 95.6549167429196 95.6549167429196 33.4135318025747 33.4135318025747 100.482877639986 100.482877639986 112.098743829083 112.098743829083 155.180309370351 155.180309370351 40.5778153291857 40.5778153291857 24.6273477154911 24.6273477154911
417.00946269503 414.181785609042 414.181785609042 392.88012346138 392.88012346138 393.28636418798 393.28636418798 459.400268824694 459.400268824694 347.295224647594 347.295224647594 285.779232238636 285.779232238636 260.06955144459 260.06955144459 178.158935130241 178.158935130241 58.5937221518355 58.5937221518355 140.616092347719 140.616092347719 208.82580897248 208.82580897248 242.573424704119 242.573424704119 497.256998964592 497.256998964592 215.40195730926 215.40195730926 230.124187899852 230.124187899852 222.560169111597 222.560169111597 229.779811224873 229.779811224873 260.273483200895 260.273483200895 247.210889497095 247.210889497095 89.5935897702465 89.5935897702465 76.5781435848218 76.5781435848218 94.1875068988585 94.1875068988585 126.677153636019 126.677153636019 101.825282289374 101.825282289374 25.511480935894 25.511480935894 26.0853958974512 26.0853958974512
337.793445221541 384.905811173394 384.905811173394 367.710080203879 367.710080203879 354.123039172977 354.123039172977 354.572289835606 354.572289835606 322.505628391035 322.505628391035 217.961736243194 217.961736243194 238.120413403041 238.120413403041 170.845517431519 170.845517431519 139.633066718217 139.633066718217 171.392816389484 171.392816389484 215.68363753451 215.68363753451 264.319910008963 264.319910008963 333.476810119904 333.476810119904 278.637841102123 278.637841102123 247.041680548708 247.041680548708 222.220140603719 222.220140603719 224.988166952143 224.988166952143 275.755043719377 275.755043719377 220.006562689442 220.006562689442 182.20415457937 182.20415457937 114.94168684758 114.94168684758 100.9081792578 100.9081792578 93.1329525444067 93.1329525444067 87.0347561382505 87.0347561382505 20.3634041382796 20.3634041382796 21.4943852091192 21.4943852091192
208.410944828819 302.068449133657 302.068449133657 290.442442357107 290.442442357107 235.43775906769 235.43775906769 298.34393444092 298.34393444092 301.758772414061 301.758772414061 232.000049139021 232.000049139021 185.227548060506 185.227548060506 183.283873501718 183.283873501718 167.808470867724 167.808470867724 180.997327090013 180.997327090013 243.097602550648 243.097602550648 260.894026724126 260.894026724126 303.850221165951 303.850221165951 304.558751979447 304.558751979447 237.020862107745 237.020862107745 218.597156432656 218.597156432656 257.979769029654 257.979769029654 300.720896039016 300.720896039016 284.663082874443 284.663082874443 176.418130731388 176.418130731388 110.789335299858 110.789335299858 138.094237972502 138.094237972502 130.875114769823 130.875114769823 71.4243336656543 71.4243336656543 15.6860044751601 15.6860044751601 20.4689719920056 20.4689719920056
221.444138957437 203.79631520894 203.79631520894 187.713238404989 187.713238404989 143.95762458711 143.95762458711 157.046371486041 157.046371486041 191.726076097458 191.726076097458 189.03138060928 189.03138060928 186.696034555446 186.696034555446 185.240790187488 185.240790187488 165.664332048455 165.664332048455 189.66294282328 189.66294282328 208.588703956793 208.588703956793 235.136849461945 235.136849461945 276.38514860639 276.38514860639 300.993635600154 300.993635600154 240.653028935849 240.653028935849 254.531822751029 254.531822751029 308.349407751667 308.349407751667 286.563062715341 286.563062715341 364.031967144955 364.031967144955 181.628525861241 181.628525861241 113.954779352908 113.954779352908 105.575815314942 105.575815314942 103.053816012698 103.053816012698 53.9447925557728 53.9447925557728 18.1696759822034 18.1696759822034 8.3160834172175 8.3160834172175
