data/dist_ran.forest_solea.solea_summer.asc
NCOLS 260 
NROWS 120 
XLLCORNER -3 
YLLCORNER 51 
CELLSIZE 0.05 
NODATA_value -9999 
[rows 46 to 68 of 120, columns 159 to 211 of 260]
2.1017823492644 3.89621244907543 3.89621244907543 4.82852067766546 4.82852067766546 3.50829985993755 3.50829985993755 3.05808118465446 3.05808118465446 1.95423782649011 1.95423782649011 0.875211776386892 0.875211776386892 2.8704678946869 2.8704678946869 3.5774976889083 3.5774976889083 9.37307891210788 9.37307891210788 10.9302013685091 10.9302013685091 14.6556549980938 14.6556549980938 16.7663473620607 16.7663473620607 20.4572584373996 20.4572584373996 10.9856513559106 10.9856513559106 10.3816526285691 10.3816526285691 8.32155451927419 8.32155451927419 9.55007184205743 9.55007184205743 7.37139749276656 7.37139749276656 7.54820202299317 7.54820202299317 4.92343208050243 4.92343208050243 6.31629563925564 6.31629563925564 7.10903516144983 7.10903516144983 6.74354281130242 6.74354281130242 0.948256972698457 0.948256972698457 1.40124982541065 1.40124982541065 1.46101409352592 1.46101409352592
2.39949758985556 2.42122614673499 2.42122614673499 2.13612692854578 2.13612692854578 2.30802880677324 2.30802880677324 2.19134344961546 2.19134344961546 1.45291474212936 1.45291474212936 1.01662274804706 1.01662274804706 3.51061458859875 3.51061458859875 5.02236690209771 5.02236690209771 10.4365466556056 10.4365466556056 11.9539072241077 11.9539072241077 16.0654697526348 16.0654697526348 16.6448387215942 16.6448387215942 21.6182604453889 21.6182604453889 6.00658365786769 6.00658365786769 6.16322503678606 6.16322503678606 4.43141273813916 4.43141273813916 4.05027228534753 4.05027228534753 4.72780696267135 4.72780696267135 3.14420208922196 3.14420208922196 4.57821554552981 4.57821554552981 6.63230975293432 6.63230975293432 6.94793847275376 6.94793847275376 8.84492820993982 8.84492820993982 2.44445743206236 2.44445743206236 1.79328268681113 1.79328268681113 1.19667655850004 1.19667655850004
2.41302369845468 2.96075791593494 2.96075791593494 2.63524816346681 2.63524816346681 2.65804309477525 2.65804309477525 2.21804059059929 2.21804059059929 2.51177405620467 2.51177405620467 3.05888102471217 3.05888102471217 4.89379727304898 4.89379727304898 8.57791387689858 8.57791387689858 12.0499582766888 12.0499582766888 15.2288544709393 15.2288544709393 16.4462277449356 16.4462277449356 17.7884907752902 17.7884907752902 13.6522059370396 13.6522059370396 1.72016218813313 1.72016218813313 5.70256185685459 5.70256185685459 3.4062391480795 3.4062391480795 4.5805169125519 4.5805169125519 4.13557855096143 4.13557855096143 7.43269634478195 7.43269634478195 4.22584299991162 4.22584299991162 4.40882836901337 4.40882836901337 10.552011009919 10.552011009919 13.3710989812646 13.3710989812646 5.89773157604383 5.89773157604383 2.62259174427554 2.62259174427554 1.36500773573394 1.36500773573394
3.02296189435425 2.58010554594294 2.58010554594294 3.07934250170041 3.07934250170041 3.56796910850279 3.56796910850279 2.77225820522166 2.77225820522166 3.17114224488985 3.17114224488985 4.14796920052247 4.14796920052247 8.47474802144422 8.47474802144422 10.9976500060083 10.9976500060083 16.8194842146131 16.8194842146131 19.7086160028328 19.7086160028328 20.6590188253815 20.6590188253815 20.7620223503544 20.7620223503544 11.9933898775985 11.9933898775985 3.88392471070915 3.88392471070915 4.91404476376425 4.91404476376425 3.20444335772501 3.20444335772501 4.90854242719131 4.90854242719131 4.17577677930055 4.17577677930055 4.75312467028285 4.75312467028285 3.88345503952412 3.88345503952412 3.79763744007578 3.79763744007578 4.60706324662768 4.60706324662768 7.50141696576575 7.50141696576575 5.69815450318997 5.69815450318997 2.92706435217119 2.92706435217119 2.15420781929288 2.15420781929288
2.77327706925365 2.70535265142437 2.70535265142437 2.70175546096052 2.70175546096052 3.73646550695683 3.73646550695683 6.01937998713981 6.01937998713981 3.95169733928462 3.95169733928462 8.5322832574784 8.5322832574784 13.9003350940939 13.9003350940939 23.4278303195422 23.4278303195422 27.276644507446 27.276644507446 22.6580863583332 22.6580863583332 22.9696161320324 22.9696161320324 21.6703149811127 21.6703149811127 15.5768732391333 15.5768732391333 5.8764795120166 5.8764795120166 5.38612496433611 5.38612496433611 4.61077380041884 4.61077380041884 4.63210622193165 4.63210622193165 5.97117465470703 5.97117465470703 5.56983848747602 5.56983848747602 4.00203760604087 4.00203760604087 3.17977536315591 3.17977536315591 3.38081467047286 3.38081467047286 5.41634648205496 5.41634648205496 5.71028494776194 5.71028494776194 2.4555886521709 2.4555886521709 2.38460711049334 2.38460711049334
2.28415502146607 2.92643396819578 2.92643396819578 3.61257120320319 3.61257120320319 4.5799920015357 4.5799920015357 6.63495400437836 6.63495400437836 7.51723713920755 7.51723713920755 10.6384652507356 10.6384652507356 20.6982275835711 20.6982275835711 22.0024418693979 22.0024418693979 20.6155734160062 20.6155734160062 22.7085760367651 22.7085760367651 26.4341981572819 26.4341981572819 32.6347131338561 32.6347131338561 26.7708882071821 26.7708882071821 14.8274868599979 14.8274868599979 7.61697259336548 7.61697259336548 5.22384272295363 5.22384272295363 3.43238807148112 3.43238807148112 7.9403186521778 7.9403186521778 5.91830637211389 5.91830637211389 4.23591455764816 4.23591455764816 0.801838715773176 0.801838715773176 1.20417459010723 1.20417459010723 1.68712360750711 1.68712360750711 4.95124796842243 4.95124796842243 5.66773399588303 5.66773399588303 3.71621458542699 3.71621458542699
1.38796708170812 4.05572287834303 4.05572287834303 4.39010347863601 4.39010347863601 6.08621247328878 6.08621247328878 7.45495653923161 7.45495653923161 9.65763534230652 9.65763534230652 13.1247142481689 13.1247142481689 17.6163796883875 17.6163796883875 12.8637781586007 12.8637781586007 13.6036499036289 13.6036499036289 9.51852638074057 9.51852638074057 17.3953838042909 17.3953838042909 19.5207230992448 19.5207230992448 28.6774819868655 28.6774819868655 12.2587783516534 12.2587783516534 7.56599999842112 7.56599999842112 4.87731100233257 4.87731100233257 3.36991331439929 3.36991331439929 4.31699102768108 4.31699102768108 7.47725268462258 7.47725268462258 4.11848365253074 4.11848365253074 2.31192803900906 2.31192803900906 1.24385060807696 1.24385060807696 6.56453463652501 6.56453463652501 9.73466715543225 9.73466715543225 8.75475552412673 8.75475552412673 6.39001175396924 6.39001175396924
3.70917664649212 4.07959833259733 4.07959833259733 3.86570853525415 3.86570853525415 3.27702873868073 3.27702873868073 11.2663074069612 11.2663074069612 12.6599081980039 12.6599081980039 13.8580840934073 13.8580840934073 11.2902079264479 11.2902079264479 8.8717020779674 8.8717020779674 10.4373402406981 10.4373402406981 7.48208244225084 7.48208244225084 13.079247396796 13.079247396796 13.2158204150376 13.2158204150376 14.6103177605206 14.6103177605206 15.9161139318237 15.9161139318237 4.18418284337356 4.18418284337356 3.03933156040658 3.03933156040658 3.72408157223381 3.72408157223381 5.43215083583787 5.43215083583787 5.46310547123065 5.46310547123065 4.49636433882463 4.49636433882463 1.75788840082704 1.75788840082704 1.68986931520608 1.68986931520608 8.93320513997119 8.93320513997119 17.1263796286763 17.1263796286763 8.96711315269353 8.96711315269353 6.08508235318272 6.08508235318272
4.92929567970071 5.24483952535261 5.24483952535261 6.03254491709176 6.03254491709176 8.00894313370738 8.00894313370738 12.6784568841164 12.6784568841164 13.1595691367111 13.1595691367111 14.3382074965414 14.3382074965414 4.28861549973896 4.28861549973896 10.6858376166055 10.6858376166055 5.31710055859997 5.31710055859997 6.03047632149641 6.03047632149641 8.25823963252118 8.25823963252118 9.83904529592165 9.83904529592165 8.05019320762306 8.05019320762306 4.79315325054818 4.79315325054818 2.26907173042445 2.26907173042445 1.29703135570352 1.29703135570352 3.51069798082555 3.51069798082555 6.62973039317604 6.62973039317604 6.07663114516746 6.07663114516746 6.60258903462444 6.60258903462444 3.85312705410929 3.85312705410929 2.96975182310823 2.96975182310823 3.27777627557348 3.27777627557348 25.8063243543995 25.8063243543995 16.6428946722138 16.6428946722138 13.5128980325492 13.5128980325492
5.05061289166845 6.78398765647681 6.78398765647681 10.0210386920085 10.0210386920085 11.6424191494637 11.6424191494637 12.3408028248696 12.3408028248696 10.9592277203774 10.9592277203774 8.92256394542482 8.92256394542482 4.89624506467751 4.89624506467751 2.91661456429759 2.91661456429759 2.61792222607041 2.61792222607041 2.57289050728326 2.57289050728326 1.70615720950061 1.70615720950061 1.51465231783815 1.51465231783815 3.08763087676564 3.08763087676564 2.17403767980318 2.17403767980318 0.513724699228677 0.513724699228677 1.1006406408404 1.1006406408404 3.62218425337128 3.62218425337128 5.59608263884126 5.59608263884126 7.81422688137648 7.81422688137648 9.01545079997847 9.01545079997847 15.898466957783 15.898466957783 12.8569390441894 12.8569390441894 13.2385496053439 13.2385496053439 14.6849753889422 14.6849753889422 16.5473391590608 16.5473391590608 21.7638433285149 21.7638433285149
5.29955060194059 6.29019647950689 6.29019647950689 12.2243341768933 12.2243341768933 12.3795525269917 12.3795525269917 11.4398749272542 11.4398749272542 7.46017613466691 7.46017613466691 5.78555712372482 5.78555712372482 3.03491020334367 3.03491020334367 0.248499570099876 0.248499570099876 1.00153586476797 1.00153586476797 1.06008318944377 1.06008318944377 1.99815168599467 1.99815168599467 2.29911548869256 2.29911548869256 2.39753163712143 2.39753163712143 2.79002421213656 2.79002421213656 3.75536762283338 3.75536762283338 6.03027179942313 6.03027179942313 5.13514135460101 5.13514135460101 6.9608470423085 6.9608470423085 8.0539385934207 8.0539385934207 9.90052084623182 9.90052084623182 21.4317167055915 21.4317167055915 23.4069051633984 23.4069051633984 23.0326125056352 23.0326125056352 23.0221930649758 23.0221930649758 20.8836421495796 20.8836421495796 15.1943828737056 15.1943828737056
6.65434090663044 6.88612364897423 6.88612364897423 7.1136356395761 7.1136356395761 7.18993275702094 7.18993275702094 9.13995529741347 9.13995529741347 6.86066154276652 6.86066154276652 6.11602988263963 6.11602988263963 3.2319132342172 3.2319132342172 1.73293776131702 1.73293776131702 2.07109953234167 2.07109953234167 2.71264684274885 2.71264684274885 5.24185944296565 5.24185944296565 5.7283225845416 5.7283225845416 6.85316188148163 6.85316188148163 9.12789687605987 9.12789687605987 12.4744941974361 12.4744941974361 15.9147463043257 15.9147463043257 13.6745776910739 13.6745776910739 26.8321487230169 26.8321487230169 21.6825075910498 21.6825075910498 18.5045587976591 18.5045587976591 22.4147815715463 22.4147815715463 21.5405497531928 21.5405497531928 21.7120865136956 21.7120865136956 21.5196657462334 21.5196657462334 22.3151998073708 22.3151998073708 22.3440665430986 22.3440665430986
6.44508013987407 6.00796467067704 6.00796467067704 6.08118500063878 6.08118500063878 7.18609620656666 7.18609620656666 6.94285627654518 6.94285627654518 8.50420069427552 8.50420069427552 6.98365711704952 6.98365711704952 4.27298984543732 4.27298984543732 2.85678562881673 2.85678562881673 3.63960727992027 3.63960727992027 5.02860217293213 5.02860217293213 7.89883135349105 7.89883135349105 10.6530772606706 10.6530772606706 15.0138107755206 15.0138107755206 13.2599086864566 13.2599086864566 10.8658650633645 10.8658650633645 12.6290068980224 12.6290068980224 18.1542158371453 18.1542158371453 18.5030758942575 18.5030758942575 18.9284789482206 18.9284789482206 22.5545704965524 22.5545704965524 24.3555541964995 24.3555541964995 30.4942712501927 30.4942712501927 38.1432126206887 38.1432126206887 31.411113957313 31.411113957313 13.3771981771554 13.3771981771554 13.7423380662204 13.7423380662204
3.36154274118703 4.6572176487575 4.6572176487575 6.25540029883079 6.25540029883079 8.37210238110772 8.37210238110772 14.1837109503746 14.1837109503746 8.89917292676033 8.89917292676033 6.81119562557246 6.81119562557246 4.98884845409295 4.98884845409295 4.45864825121361 4.45864825121361 5.45247962229921 5.45247962229921 7.87269381501833 7.87269381501833 7.70266876689259 7.70266876689259 9.04641984915969 9.04641984915969 8.26428027465512 8.26428027465512 6.18199661297773 6.18199661297773 6.19309590669947 6.19309590669947 8.53065624407447 8.53065624407447 11.9614957622322 11.9614957622322 13.4562571369779 13.4562571369779 13.7638322404334 13.7638322404334 14.5198063808742 14.5198063808742 12.9746133633018 12.9746133633018 14.8817475443325 14.8817475443325 10.7829748224272 10.7829748224272 10.0854998834832 10.0854998834832 8.25098911250801 8.25098911250801 7.28632412068816 7.28632412068816
4.46425041169189 7.93614959512248 7.93614959512248 9.50610230035006 9.50610230035006 19.7225864891235 19.7225864891235 16.5111844871992 16.5111844871992 10.6334468074931 10.6334468074931 7.03175090545079 7.03175090545079 2.448225682018 2.448225682018 8.70244122795954 8.70244122795954 9.85891786512884 9.85891786512884 11.3399110494813 11.3399110494813 11.0919709153207 11.0919709153207 6.94298060213073 6.94298060213073 5.05297645065055 5.05297645065055 3.04136024607376 3.04136024607376 4.49998425122485 4.49998425122485 6.90289674998583 6.90289674998583 8.04841606483398 8.04841606483398 21.2608490728507 21.2608490728507 8.79980123058097 8.79980123058097 4.35972308597095 4.35972308597095 2.82279363075219 2.82279363075219 2.05143429462598 2.05143429462598 1.36581149147432 1.36581149147432 0.914647839576921 0.914647839576921 0.311623410999113 0.311623410999113 0.138856850481671 0.138856850481671
6.25806534258872 12.46687024769 12.46687024769 19.2959629472605 19.2959629472605 64.0711822939643 64.0711822939643 27.8737656028365 27.8737656028365 19.3142448374977 19.3142448374977 26.9569814325819 26.9569814325819 13.3114545594988 13.3114545594988 12.9181538813442 12.9181538813442 15.1573796686224 15.1573796686224 15.8531523666348 15.8531523666348 20.6301873723494 20.6301873723494 11.9723518371037 11.9723518371037 3.59057250484741 3.59057250484741 2.82738523711622 2.82738523711622 5.32508959112463 5.32508959112463 4.85061898722853 4.85061898722853 2.9921499727222 2.9921499727222 8.75944400491181 8.75944400491181 6.08240742229736 6.08240742229736 1.47666885165633 1.47666885165633 0.928542609089497 0.928542609089497 0.387072174165609 0.387072174165609 1.47862795842804 1.47862795842804 0.068438430599252 0.068438430599252 0.334492977669025 0.334492977669025 1.08324654971593 1.08324654971593
16.1464139678731 19.8746090323263 19.8746090323263 34.7326194809256 34.7326194809256 38.6955070143004 38.6955070143004 33.2477462249224 33.2477462249224 18.0743084955858 18.0743084955858 19.0569784503041 19.0569784503041 13.4054334521534 13.4054334521534 6.65898556102644 6.65898556102644 12.5896012371881 12.5896012371881 14.7078632668867 14.7078632668867 13.6895441332067 13.6895441332067 11.4142575621056 11.4142575621056 0.616154406111934 0.616154406111934 1.27807039650054 1.27807039650054 4.02783483338222 4.02783483338222 1.46925076259981 1.46925076259981 1.9275090703028 1.9275090703028 1.50765759260835 1.50765759260835 0.402702683460783 0.402702683460783 0.739272548662003 0.739272548662003 0.273139505425813 0.273139505425813 0.325029561410035 0.325029561410035 1.26195547291538 1.26195547291538 1.56898161990844 1.56898161990844 4.94885790836341 4.94885790836341 7.77789519812786 7.77789519812786
25.8792684180822 33.2934876592688 33.2934876592688 33.9179620541443 33.9179620541443 33.5539363071997 33.5539363071997 24.8062970711494 24.8062970711494 15.9031932057839 15.9031932057839 14.0914831454192 14.0914831454192 16.1252107440288 16.1252107440288 17.0840348598347 17.0840348598347 28.2557958138343 28.2557958138343 8.54787841381302 8.54787841381302 7.19205127672136 7.19205127672136 5.31715387699541 5.31715387699541 4.716304729453 4.716304729453 3.85026615215734 3.85026615215734 3.11651472699454 3.11651472699454 1.68422516877568 1.68422516877568 0.364111271953927 0.364111271953927 0.921743601888229 0.921743601888229 0.226171221037767 0.226171221037767 1.28330651420813 1.28330651420813 2.06255449646217 2.06255449646217 9.10453910465599 9.10453910465599 0.0534588898145683 0.0534588898145683 0.0623280733235465 0.0623280733235465 0.24927044352749 0.24927044352749 1.16159473829477 1.16159473829477
40.5685115024229 38.4414932295066 38.4414932295066 58.6239032209221 58.6239032209221 21.5295276402402 21.5295276402402 18.5495026909701 18.5495026909701 8.28713348652278 8.28713348652278 10.8472349432152 10.8472349432152 22.1799832003826 22.1799832003826 12.4695630793796 12.4695630793796 8.61428242289239 8.61428242289239 5.68097148102234 5.68097148102234 7.05152909167303 7.05152909167303 4.08573121770308 4.08573121770308 8.31000397121923 8.31000397121923 2.64915402180582 2.64915402180582 2.28127082439817 2.28127082439817 0.993467864006034 0.993467864006034 0.955674559160032 0.955674559160032 2.31209916960194 2.31209916960194 4.37161453496537 4.37161453496537 2.23785592477796 2.23785592477796 0.0102318203944254 0.0102318203944254 0.340743918204809 0.340743918204809 0.129761348825713 0.129761348825713 0.0322807907755946 0.0322807907755946 0.167932529136307 0.167932529136307 0.483626142493727 0.483626142493727
44.8660970362186 56.6560930025488 56.6560930025488 37.1939755937182 37.1939755937182 14.6521649943991 14.6521649943991 0.961913384098843 0.961913384098843 5.2651464699028 5.2651464699028 7.1178773050609 7.1178773050609 13.3804297692536 13.3804297692536 18.9364324106136 18.9364324106136 11.1517976019834 11.1517976019834 5.38854772292378 5.38854772292378 4.92990163800655 4.92990163800655 5.6890081203281 5.6890081203281 3.73636496228772 3.73636496228772 2.51521092103313 2.51521092103313 1.42790422592768 1.42790422592768 1.58140158158321 1.58140158158321 0.138030291973731 0.138030291973731 1.31549666959985 1.31549666959985 0.0495490329206931 0.0495490329206931 0.0589789178351181 0.0589789178351181 0.0998972477110318 0.0998972477110318 -9999 -9999 -9999 -9999 -9999 -9999 -9999 -9999 -9999 -9999
23.9328605059822 27.1656692084159 27.1656692084159 12.6363456079449 12.6363456079449 8.30326828925211 8.30326828925211 6.24707034044487 6.24707034044487 10.5426096813065 10.5426096813065 9.45363446123335 9.45363446123335 9.80210961060133 9.80210961060133 7.99031172939591 7.99031172939591 4.97573243124916 4.97573243124916 5.40541886332345 5.40541886332345 3.65331015342867 3.65331015342867 2.71406864092675 2.71406864092675 1.30817838939199 1.30817838939199 1.81481862637997 1.81481862637997 1.93873513776831 1.93873513776831 1.24044397563299 1.24044397563299 0.168475631699854 0.168475631699854 0.338762610839569 0.338762610839569 -9999 -9999 -9999 -9999 -9999 -9999 -9999 -9999 -9999 -9999 -9999 -9999 -9999 -9999 -9999 -9999
26.4907365031214 14.1186036083924 14.1186036083924 12.038088163759 12.038088163759 11.3677712464971 11.3677712464971 10.090414771861 10.090414771861 7.73842346377323 7.73842346377323 7.39561912757793 7.39561912757793 7.76777044791359 7.76777044791359 5.78447519245342 5.78447519245342 4.40513960644032 4.40513960644032 3.97560407079913 3.97560407079913 2.84139994908469 2.84139994908469 2.52261173031917 2.52261173031917 1.28095234976127 1.28095234976127 0.96566106530018 0.96566106530018 0.8101275210455 0.8101275210455 0.773871326590759 0.773871326590759 0.764741773741223 0.764741773741223 -9999 -9999 -9999 -9999 -9999 -9999 -9999 -9999 -9999 -9999 -9999 -9999 -9999 -9999 -9999 -9999 -9999 -9999
15.0792614279557 13.5926776115342 13.5926776115342 10.8556840575438 10.8556840575438 9.95593145772856 9.95593145772856 11.6718252139445 11.6718252139445 7.49308463357242 7.49308463357242 3.33991716873215 3.33991716873215 1.53929631694058 1.53929631694058 2.24804076123697 2.24804076123697 1.29972593667705 1.29972593667705 0.497470458457081 0.497470458457081 0.491070174354771 0.491070174354771 0.464266786091739 0.464266786091739 0.726742547894581 0.726742547894581 0.91139513103928 0.91139513103928 0.997830935748336 0.997830935748336 -9999 -9999 -9999 -9999 -9999 -9999 -9999 -9999 -9999 -9999 -9999 -9999 -9999 -9999 -9999 -9999 -9999 -9999 -9999 -9999 -9999 -9999
