data/dist_ran.forest_solea.solea_winter.asc
NCOLS 260 
NROWS 120 
XLLCORNER -3 
YLLCORNER 51 
CELLSIZE 0.05 
NODATA_value -9999 
[rows 23 to 45 of 120, columns 156 to 207 of 260]
0.381638481927286 0.381638481927286 0.459206488290301 0.459206488290301 0.427197236857102 0.427197236857102 0.0898968925816777 0.0898968925816777 0.0284384098946415 0.0284384098946415 0.112746772298942 0.112746772298942 1.08812982391974 1.08812982391974 1.12179461581263 1.12179461581263 1.63660685520966 1.63660685520966 2.42636028205258 2.42636028205258 0.591696433725401 0.591696433725401 0.981775566936452 0.981775566936452 1.46695090715512 1.46695090715512 4.35037941709716 4.35037941709716 3.20051672834702 3.20051672834702 1.83129212638913 1.83129212638913 1.915258736286 1.915258736286 2.41073964349183 2.41073964349183 2.3708238173508 2.3708238173508 2.27456406040488 2.27456406040488 1.70341977667066 1.70341977667066 0.602601686641603 0.602601686641603 1.05402104130449 1.05402104130449 0.63659216470574 0.63659216470574 0.424559492681579 0.424559492681579 0.312150961856234 0.312150961856234
0.139743825286897 0.139743825286897 0.279348114123336 0.279348114123336 0.266417405718286 0.266417405718286 0.141410166103149 0.141410166103149 0.00393677234853529 0.00393677234853529 0.0794440278430419 0.0794440278430419 0.599716806374198 0.599716806374198 1.27849935934621 1.27849935934621 0.883465424086533 0.883465424086533 0.720123519016552 0.720123519016552 0.641170464985123 0.641170464985123 0.935323718082369 0.935323718082369 1.02534317732197 1.02534317732197 3.80987880432912 3.80987880432912 2.69778270392192 2.69778270392192 2.10045915093259 2.10045915093259 1.82649530811198 1.82649530811198 2.35158044783807 2.35158044783807 2.13394418070185 2.13394418070185 1.81186589155287 1.81186589155287 1.15694919125536 1.15694919125536 0.542579765112834 0.542579765112834 0.802983077403334 0.802983077403334 0.512443397812074 0.512443397812074 0.553304713997959 0.553304713997959 0.373093342716269 0.373093342716269
0.324078297810616 0.324078297810616 0.12109111872771 0.12109111872771 0.115810481837989 0.115810481837989 0.892587517643918 0.892587517643918 0.00921760595894772 0.00921760595894772 0.0822612532516005 0.0822612532516005 0.480647826674867 0.480647826674867 0.431079877074286 0.431079877074286 0.155607386560472 0.155607386560472 0.585812292973758 0.585812292973758 0.848338043933704 0.848338043933704 0.40277169529347 0.40277169529347 0.977938216711947 0.977938216711947 2.97011631808202 2.97011631808202 2.36730692927223 2.36730692927223 2.31448284371469 2.31448284371469 2.10083184318088 2.10083184318088 2.39293707278308 2.39293707278308 1.94824022201573 1.94824022201573 1.27170256709752 1.27170256709752 0.714135251995373 0.714135251995373 0.461154387840081 0.461154387840081 0.433419585651173 0.433419585651173 0.46845669704962 0.46845669704962 0.398213627255011 0.398213627255011 0.351820765971914 0.351820765971914
0.901749509405178 0.901749509405178 0.0996871340781298 0.0996871340781298 0.236093424161877 0.236093424161877 0.40426701703751 0.40426701703751 0.166863223004765 0.166863223004765 0.289538616419159 0.289538616419159 0.383845964547769 0.383845964547769 0.330593792705881 0.330593792705881 0.14339127552448 0.14339127552448 0.299753824515954 0.299753824515954 0.711678594514363 0.711678594514363 0.78040847061327 0.78040847061327 1.18859629251262 1.18859629251262 2.56089859137322 2.56089859137322 2.49778259226028 2.49778259226028 2.27750161745051 2.27750161745051 2.53902317169741 2.53902317169741 2.31394581046905 2.31394581046905 1.33435787034212 1.33435787034212 0.190710529965935 0.190710529965935 0.189615731908372 0.189615731908372 0.368880152136772 0.368880152136772 0.240247445308235 0.240247445308235 0.264979645503961 0.264979645503961 0.314983581230064 0.314983581230064 0.223341666321051 0.223341666321051
1.74865351513891 1.74865351513891 0.173002527716772 0.173002527716772 0.245918573168785 0.245918573168785 0.51229385486239 0.51229385486239 0.566419507378202 0.566419507378202 0.480449854270468 0.480449854270468 0.468407163793931 0.468407163793931 0.241014532714023 0.241014532714023 0.216569949912785 0.216569949912785 0.207259559587743 0.207259559587743 0.67719825622191 0.67719825622191 1.05964352114379 1.05964352114379 1.15777143962806 1.15777143962806 2.47815320234408 2.47815320234408 2.42133670603421 2.42133670603421 2.25498899698889 2.25498899698889 2.19070661214272 2.19070661214272 1.84728044038923 1.84728044038923 1.10350913192425 1.10350913192425 0.346692165758596 0.346692165758596 0.28906905959396 0.28906905959396 0.401123972367821 0.401123972367821 0.151935162874314 0.151935162874314 0.143599780008614 0.143599780008614 0.503700723328546 0.503700723328546 0.364661334323895 0.364661334323895
0.269644941629495 0.269644941629495 0.170702749784328 0.170702749784328 0.145870950011423 0.145870950011423 0.345552164917343 0.345552164917343 0.510230803556482 0.510230803556482 0.632102827539163 0.632102827539163 0.368786714243131 0.368786714243131 0.364422044650581 0.364422044650581 0.257750619979876 0.257750619979876 0.210914342403943 0.210914342403943 0.695421035959839 0.695421035959839 1.04409185585434 1.04409185585434 0.846113687008372 0.846113687008372 1.62447745547661 1.62447745547661 2.40258981138945 2.40258981138945 2.11660140765223 2.11660140765223 2.20214829811031 2.20214829811031 1.62114862799788 1.62114862799788 1.11100513972302 1.11100513972302 0.30981295057794 0.30981295057794 0.343695680115428 0.343695680115428 0.216261765581463 0.216261765581463 0.141797179350516 0.141797179350516 0.146609109045885 0.146609109045885 0.567846533514413 0.567846533514413 0.436886993036483 0.436886993036483
0.26770781285014 0.26770781285014 0.288458363868956 0.288458363868956 0.41722712965431 0.41722712965431 0.369955465373007 0.369955465373007 0.42732492112075 0.42732492112075 0.819886170190447 0.819886170190447 0.634986903542951 0.634986903542951 0.570856888797374 0.570856888797374 0.419653439475645 0.419653439475645 0.382935529540177 0.382935529540177 0.753995699132376 0.753995699132376 0.901634699490048 0.901634699490048 1.01594948826982 1.01594948826982 1.30618598737582 1.30618598737582 1.99432753884821 1.99432753884821 2.27920711119668 2.27920711119668 1.61300524476968 1.61300524476968 1.36253797918179 1.36253797918179 1.15002584514694 1.15002584514694 0.376416499559272 0.376416499559272 0.318609232655404 0.318609232655404 0.233395547289485 0.233395547289485 0.220185858592674 0.220185858592674 0.103522377989416 0.103522377989416 0.21868451931305 0.21868451931305 0.336578732963098 0.336578732963098
0.346988621901409 0.346988621901409 0.425661806963316 0.425661806963316 0.558817003118343 0.558817003118343 0.520438587047157 0.520438587047157 0.303470448035096 0.303470448035096 0.975099408800574 0.975099408800574 0.56462038994285 0.56462038994285 0.505027827370147 0.505027827370147 0.45746035306992 0.45746035306992 0.635481707134819 0.635481707134819 1.0373082880764 1.0373082880764 0.696862139355181 0.696862139355181 1.97795888019279 1.97795888019279 1.04909051790163 1.04909051790163 1.77604118381616 1.77604118381616 2.19596181877202 2.19596181877202 1.32369904431585 1.32369904431585 1.47788313546863 1.47788313546863 1.5735112342228 1.5735112342228 0.439373089956812 0.439373089956812 0.356097010842715 0.356097010842715 0.256984834432754 0.256984834432754 0.21626868158298 0.21626868158298 0.18240781946203 0.18240781946203 0.225498554565239 0.225498554565239 0.227903079585254 0.227903079585254
0.113257473731458 0.113257473731458 0.256988261368736 0.256988261368736 0.846729652728483 0.846729652728483 0.540803198338399 0.540803198338399 0.426990931860112 0.426990931860112 1.15177679448916 1.15177679448916 0.369614581653128 0.369614581653128 0.632146794436599 0.632146794436599 0.705646411240572 0.705646411240572 1.03878549659423 1.03878549659423 3.40144176982749 3.40144176982749 0.670003426351625 0.670003426351625 1.71707796416567 1.71707796416567 1.94000037637938 1.94000037637938 1.60697152416348 1.60697152416348 2.80975567651214 2.80975567651214 1.55471135681651 1.55471135681651 1.42598225321103 1.42598225321103 0.956111772419798 0.956111772419798 0.471630453148244 0.471630453148244 0.377694423985571 0.377694423985571 0.30443675481872 0.30443675481872 0.253785592862978 0.253785592862978 0.174084060801403 0.174084060801403 0.431992316562148 0.431992316562148 0.213630941586888 0.213630941586888
0.119175984481609 0.119175984481609 0.379735537719371 0.379735537719371 1.2760576117996 1.2760576117996 1.03336023230789 1.03336023230789 1.1533712400257 1.1533712400257 0.812141351224386 0.812141351224386 0.772635123904794 0.772635123904794 0.729958396686379 0.729958396686379 0.801625411726109 0.801625411726109 1.00253821064026 1.00253821064026 0.474067460023757 0.474067460023757 0.66552037061806 0.66552037061806 1.3486649342393 1.3486649342393 1.63802626941483 1.63802626941483 2.25579994895237 2.25579994895237 2.436285457269 2.436285457269 1.83051755296925 1.83051755296925 0.775084732361102 0.775084732361102 0.960922845770092 0.960922845770092 0.318159749580708 0.318159749580708 0.465511151853075 0.465511151853075 0.291803265508152 0.291803265508152 0.234324711122095 0.234324711122095 0.146579141993184 0.146579141993184 0.405384076329378 0.405384076329378 0.241565529675012 0.241565529675012
0.19884994351203 0.19884994351203 0.551578220083018 0.551578220083018 0.793821514707717 0.793821514707717 0.755242638700272 0.755242638700272 0.928495910139988 0.928495910139988 1.11589170630183 1.11589170630183 0.811092938875334 0.811092938875334 0.606603897466648 0.606603897466648 0.67491667904739 0.67491667904739 1.28200545445258 1.28200545445258 0.291399220839369 0.291399220839369 0.711643344155336 0.711643344155336 0.791907148020546 0.791907148020546 3.79591286877162 3.79591286877162 1.07862227396738 1.07862227396738 1.60182709843472 1.60182709843472 1.71047689391806 1.71047689391806 0.765268328658572 0.765268328658572 0.657316380976533 0.657316380976533 0.457002420245515 0.457002420245515 0.386110178322024 0.386110178322024 0.230786829604551 0.230786829604551 0.117869192901522 0.117869192901522 0.148351388873486 0.148351388873486 0.327616293810283 0.327616293810283 0.163123391621749 0.163123391621749
0.338457567458773 0.338457567458773 0.609338720070601 0.609338720070601 0.722452040222205 0.722452040222205 0.741715576473314 0.741715576473314 0.719809740376986 0.719809740376986 0.811986937622796 0.811986937622796 0.765579956571675 0.765579956571675 0.802861891815891 0.802861891815891 1.16284140601434 1.16284140601434 1.02466006373786 1.02466006373786 0.575212668343266 0.575212668343266 0.575735964211874 0.575735964211874 1.18852857128407 1.18852857128407 1.06650832503739 1.06650832503739 1.0359277775514 1.0359277775514 1.7565708581695 1.7565708581695 2.07919831469919 2.07919831469919 1.63197585770634 1.63197585770634 0.434582379747652 0.434582379747652 0.526091554169952 0.526091554169952 0.44444474838063 0.44444474838063 0.247348426600331 0.247348426600331 0.26518701311955 0.26518701311955 0.275746677631431 0.275746677631431 0.279120709799312 0.279120709799312 0.0904833667175819 0.0904833667175819
0.277866162708545 0.277866162708545 0.516801672017899 0.516801672017899 0.521041488395951 0.521041488395951 0.72218182476322 0.72218182476322 0.55256037612533 0.55256037612533 0.5596287516737 0.5596287516737 0.579141916869129 0.579141916869129 0.81743745338233 0.81743745338233 0.29810103876045 0.29810103876045 0.588092974903511 0.588092974903511 0.465256097027356 0.465256097027356 1.00433592922071 1.00433592922071 0.50167537981402 0.50167537981402 0.89198410316547 0.89198410316547 0.876025723077586 0.876025723077586 0.543942925794648 0.543942925794648 2.29285209223534 2.29285209223534 2.14061170179292 2.14061170179292 0.819469287573129 0.819469287573129 0.481256390714077 0.481256390714077 0.336776993884576 0.336776993884576 0.112239674733447 0.112239674733447 0.145429082331135 0.145429082331135 0.298884605961152 0.298884605961152 0.326942192062154 0.326942192062154 0.230239977672832 0.230239977672832
0.734869463412748 0.734869463412748 0.458510317497093 0.458510317497093 0.416001708764528 0.416001708764528 0.334479486886935 0.334479486886935 0.297071028132846 0.297071028132846 0.642665312932999 0.642665312932999 0.632908727579379 0.632908727579379 0.591956266773556 0.591956266773556 0.113837157378877 0.113837157378877 0.191948196047986 0.191948196047986 0.467723014551547 0.467723014551547 1.5561657930882 1.5561657930882 0.634030919074076 0.634030919074076 0.618860600489956 0.618860600489956 0.43843419406467 0.43843419406467 0.194942286718889 0.194942286718889 6.9340007277808 6.9340007277808 1.61412435263774 1.61412435263774 0.956993616923498 0.956993616923498 0.619202808545131 0.619202808545131 0.422151041882281 0.422151041882281 0.123617415512832 0.123617415512832 0.506920242356134 0.506920242356134 0.282060720217586 0.282060720217586 0.516841608844168 0.516841608844168 0.156713250872387 0.156713250872387
0.448359684697229 0.448359684697229 0.866917761744546 0.866917761744546 0.553190869325876 0.553190869325876 0.256625901127783 0.256625901127783 0.237133960913443 0.237133960913443 0.609723167793856 0.609723167793856 0.652749193519712 0.652749193519712 0.680865819157632 0.680865819157632 0.303374634307752 0.303374634307752 0.426411106050199 0.426411106050199 1.74990599205163 1.74990599205163 1.53179516984321 1.53179516984321 1.46239376631644 1.46239376631644 0.185480759612213 0.185480759612213 0.244566869683124 0.244566869683124 1.02698994953285 1.02698994953285 1.09214356762871 1.09214356762871 1.3699053916486 1.3699053916486 0.794532779598067 0.794532779598067 0.563361708032191 0.563361708032191 0.366807075922232 0.366807075922232 0.13871803995744 0.13871803995744 0.321929838825444 0.321929838825444 0.302164480279319 0.302164480279319 0.258679586953245 0.258679586953245 0.0941688216453664 0.0941688216453664
0.2975508082579 0.2975508082579 0.449935411203739 0.449935411203739 0.430007056493252 0.430007056493252 0.257753789533691 0.257753789533691 0.207874838572414 0.207874838572414 0.287009307244798 0.287009307244798 0.466409872030327 0.466409872030327 0.512003477674297 0.512003477674297 0.619908496794972 0.619908496794972 0.490348498660913 0.490348498660913 1.22944492612221 1.22944492612221 1.66873937204068 1.66873937204068 1.3501700068648 1.3501700068648 0.936126320863097 0.936126320863097 0.825145396791048 0.825145396791048 0.971550606681644 0.971550606681644 1.04471363548336 1.04471363548336 1.35724750810728 1.35724750810728 0.823802820154074 0.823802820154074 0.26185264560066 0.26185264560066 0.391564561966603 0.391564561966603 0.231439732846805 0.231439732846805 0.530646633506634 0.530646633506634 0.52662873380298 0.52662873380298 0.395898102933729 0.395898102933729 0.720695097188274 0.720695097188274
0.423811540538199 0.423811540538199 0.510150753918313 0.510150753918313 0.439598074926975 0.439598074926975 0.425521103672449 0.425521103672449 0.33287164990796 0.33287164990796 0.221226746790486 0.221226746790486 0.803546822068538 0.803546822068538 0.605554973096509 0.605554973096509 0.563621346043856 0.563621346043856 0.7704487854155 0.7704487854155 1.22424913257342 1.22424913257342 2.04018123985569 2.04018123985569 1.27386953943948 1.27386953943948 1.03574157481101 1.03574157481101 1.05256909622393 1.05256909622393 1.03703186633356 1.03703186633356 1.06290180754007 1.06290180754007 4.00369629505302 4.00369629505302 0.842322621315436 0.842322621315436 0.324226112673209 0.324226112673209 0.362610492952701 0.362610492952701 0.510623376083027 0.510623376083027 0.417757759486555 0.417757759486555 0.546791468375884 0.546791468375884 0.494522571505877 0.494522571505877 0.61913870670757 0.61913870670757
0.408956380674897 0.408956380674897 0.47244413547892 0.47244413547892 0.438094391882546 0.438094391882546 0.633093293159536 0.633093293159536 0.616821704692296 0.616821704692296 0.80996430105363 0.80996430105363 1.03357220056611 1.03357220056611 0.730416073903032 0.730416073903032 0.711970083230327 0.711970083230327 0.88925752841354 0.88925752841354 1.0978284358826 1.0978284358826 3.32421019155994 3.32421019155994 0.693387093064176 0.693387093064176 1.20518318213764 1.20518318213764 1.21138602176568 1.21138602176568 0.854262422090131 0.854262422090131 1.1621743397013 1.1621743397013 1.52115628151178 1.52115628151178 1.57277307384169 1.57277307384169 0.699517763370038 0.699517763370038 0.362633847990717 0.362633847990717 0.210257203975815 0.210257203975815 0.133013213162032 0.133013213162032 0.266250669063433 0.266250669063433 0.258895283869606 0.258895283869606 0.382342563534627 0.382342563534627
0.510374405536528 0.510374405536528 0.725486294861523 0.725486294861523 0.569427320525429 0.569427320525429 0.899982121276009 0.899982121276009 0.790334665260316 0.790334665260316 1.824804761151 1.824804761151 0.989502302253578 0.989502302253578 0.924762571309498 0.924762571309498 0.741901793138704 0.741901793138704 0.927442464601123 0.927442464601123 1.19244096358101 1.19244096358101 1.02769149420057 1.02769149420057 0.879162447204677 0.879162447204677 1.21825424084337 1.21825424084337 1.1232861008089 1.1232861008089 1.22003535187561 1.22003535187561 1.2131740110925 1.2131740110925 2.61013594338699 2.61013594338699 1.58671649871672 1.58671649871672 0.779751709116229 0.779751709116229 0.562049411939493 0.562049411939493 0.229108818512319 0.229108818512319 0.0727656701548893 0.0727656701548893 0.159913356299213 0.159913356299213 0.140122394883391 0.140122394883391 0.402338563491241 0.402338563491241
0.55028931238536 0.55028931238536 0.667739070577323 0.667739070577323 0.615715903361811 0.615715903361811 0.53750476264549 0.53750476264549 0.976950785059654 0.976950785059654 1.74494246912689 1.74494246912689 1.85979451175706 1.85979451175706 0.852246536681134 0.852246536681134 0.679807545708259 0.679807545708259 0.861010847631444 0.861010847631444 0.483067608581198 0.483067608581198 1.11035590410817 1.11035590410817 1.42176180211671 1.42176180211671 0.919286642178509 0.919286642178509 1.05948900389056 1.05948900389056 1.88544958351214 1.88544958351214 1.64713488036444 1.64713488036444 1.92178233446297 1.92178233446297 1.04856684232905 1.04856684232905 0.475951048959216 0.475951048959216 0.502304721936574 0.502304721936574 0.239800989376364 0.239800989376364 0.233713617685138 0.233713617685138 0.0453035299572146 0.0453035299572146 0.0919200528879935 0.0919200528879935 0.119996011056674 0.119996011056674
0.388802720124721 0.388802720124721 0.317071802186778 0.317071802186778 0.501714465982359 0.501714465982359 0.908893561934198 0.908893561934198 1.07088306193839 1.07088306193839 1.55516561728128 1.55516561728128 1.33752142606594 1.33752142606594 0.569058469765467 0.569058469765467 0.348790073634791 0.348790073634791 1.04736748651955 1.04736748651955 1.13767550576359 1.13767550576359 1.44345832868505 1.44345832868505 1.26383382355978 1.26383382355978 0.621178423748968 0.621178423748968 1.20416469991309 1.20416469991309 1.87392162415496 1.87392162415496 1.95540650828805 1.95540650828805 1.99931777388017 1.99931777388017 0.568538131893181 0.568538131893181 0.932246395271579 0.932246395271579 0.754057111450858 0.754057111450858 0.421005860096605 0.421005860096605 0.424306829300606 0.424306829300606 0.398147594802371 0.398147594802371 0.138304986913534 0.138304986913534 0.0922559809669268 0.0922559809669268
0.151413992874255 0.151413992874255 0.121202766893179 0.121202766893179 1.33545775325848 1.33545775325848 0.909826066483093 0.909826066483093 1.17353166022056 1.17353166022056 1.4096715898164 1.4096715898164 0.914589083072684 0.914589083072684 0.866624620402247 0.866624620402247 1.14164774216115 1.14164774216115 1.69901123475536 1.69901123475536 1.73725719947764 1.73725719947764 2.1249364953235 2.1249364953235 1.46469115129164 1.46469115129164 2.31183788357435 2.31183788357435 1.73708861732824 1.73708861732824 1.48462277820513 1.48462277820513 1.85759875976381 1.85759875976381 2.01173960522149 2.01173960522149 1.04726174389408 1.04726174389408 1.18567821229752 1.18567821229752 0.708181027081864 0.708181027081864 0.740972233883684 0.740972233883684 0.659014825771291 0.659014825771291 0.638180279317351 0.638180279317351 0.113626227421683 0.113626227421683 0.0818325495683161 0.0818325495683161
0.354766898914264 0.354766898914264 0.440703178938231 0.440703178938231 0.218681632378996 0.218681632378996 0.629515837762325 0.629515837762325 0.454020974832249 0.454020974832249 0.950813045607285 0.950813045607285 0.775771721326268 0.775771721326268 0.521072113551318 0.521072113551318 1.72180363062968 1.72180363062968 1.06314862968413 1.06314862968413 2.1060322218346 2.1060322218346 3.06647295558205 3.06647295558205 2.22120405351717 2.22120405351717 2.18115159762004 2.18115159762004 2.34905520285861 2.34905520285861 1.6070025611762 1.6070025611762 1.76210359017952 1.76210359017952 1.38164122046822 1.38164122046822 1.55803216650354 1.55803216650354 1.58828850845978 1.58828850845978 0.869946929212003 0.869946929212003 0.694634997099787 0.694634997099787 0.669133168253025 0.669133168253025 0.667334998665834 0.667334998665834 0.271521448500277 0.271521448500277 0.125087982407585 0.125087982407585
