data/dist_ran.forest_solea.solea_summer.asc
NCOLS 260 
NROWS 120 
XLLCORNER -3 
YLLCORNER 51 
CELLSIZE 0.05 
NODATA_value -9999 
[rows 46 to 68 of 120, columns 53 to 105 of 260]
1.59855522733215 1.76082676977234 1.76082676977234 0.400247305009235 0.400247305009235 0.177387533044993 0.177387533044993 0.288184064967953 0.288184064967953 0.297642038154037 0.297642038154037 0.144664277222878 0.144664277222878 0.0428042607645724 0.0428042607645724 0.153641341393065 0.153641341393065 0.112919163254834 0.112919163254834 0.105862668739923 0.105862668739923 0.0441794317914619 0.0441794317914619 0.0683898310527546 0.0683898310527546 0.247271809003105 0.247271809003105 0.19935256635384 0.19935256635384 0.49551687363297 0.49551687363297 0.698757854945533 0.698757854945533 0.341317541968475 0.341317541968475 0.489899528245505 0.489899528245505 0.445799529143458 0.445799529143458 0.678626669804293 0.678626669804293 0.391200779378115 0.391200779378115 0.386876607449771 0.386876607449771 0.367717102116349 0.367717102116349 0.686710733204027 0.686710733204027 0.666401264987315 0.666401264987315 0.34387667870239 0.34387667870239
1.29128367054419 1.99568187332115 1.99568187332115 0.470195247352119 0.470195247352119 0.214051018673489 0.214051018673489 0.212974980524123 0.212974980524123 0.482400414140431 0.482400414140431 0.220944974405437 0.220944974405437 0.0764513271480984 0.0764513271480984 0.108883633938238 0.108883633938238 0.136265952208956 0.136265952208956 0.139066306308882 0.139066306308882 0.0743829309077917 0.0743829309077917 0.1079140642062 0.1079140642062 0.159868807652993 0.159868807652993 0.111197833782953 0.111197833782953 1.04344301588456 1.04344301588456 1.14960554396294 1.14960554396294 0.916490723146163 0.916490723146163 0.816268867242252 0.816268867242252 0.245301693489507 0.245301693489507 0.679865861408495 0.679865861408495 0.596413621484743 0.596413621484743 0.314848655004057 0.314848655004057 0.298528385047923 0.298528385047923 0.521664742922313 0.521664742922313 0.883393101445401 0.883393101445401 0.650571159015354 0.650571159015354
1.20927416466246 1.35749959010833 1.35749959010833 0.646088934132264 0.646088934132264 0.205837766548685 0.205837766548685 0.189228987478185 0.189228987478185 0.281125894551646 0.281125894551646 0.213363145336093 0.213363145336093 0.0617737128135887 0.0617737128135887 0.108776989332513 0.108776989332513 0.0979336270495688 0.0979336270495688 0.1152765871016 0.1152765871016 0.138011206896587 0.138011206896587 0.252043650711479 0.252043650711479 0.181300116431815 0.181300116431815 0.105861158261171 0.105861158261171 0.628607222177415 0.628607222177415 1.53181951741733 1.53181951741733 1.80010896998918 1.80010896998918 1.06017649295751 1.06017649295751 0.951911252335714 0.951911252335714 0.721077792703049 0.721077792703049 0.672154350394931 0.672154350394931 0.420138757537424 0.420138757537424 0.159406137974478 0.159406137974478 0.700783447054926 0.700783447054926 0.959960441061593 0.959960441061593 0.725640556067951 0.725640556067951
1.81574489298713 1.28795445606128 1.28795445606128 1.38020277957226 1.38020277957226 1.06159750464127 1.06159750464127 0.181522657060912 0.181522657060912 0.119739445440829 0.119739445440829 0.19701740972037 0.19701740972037 0.188514206545702 0.188514206545702 0.0785064404400764 0.0785064404400764 0.107734865107543 0.107734865107543 0.0988374862806893 0.0988374862806893 0.24254194197319 0.24254194197319 0.16700955094713 0.16700955094713 0.166347311344873 0.166347311344873 0.144505355123671 0.144505355123671 0.680540507480154 0.680540507480154 1.18015947637573 1.18015947637573 1.82693259707411 1.82693259707411 1.38631600427083 1.38631600427083 1.29336126059154 1.29336126059154 1.30914607642575 1.30914607642575 1.07479802243519 1.07479802243519 0.684248950316894 0.684248950316894 0.386491970091313 0.386491970091313 0.513319203891311 0.513319203891311 0.903382690923072 0.903382690923072 0.736750086041314 0.736750086041314
2.15793294117611 1.45710472316633 1.45710472316633 0.927016356701539 0.927016356701539 1.50217707347193 1.50217707347193 1.58929999658561 1.58929999658561 0.371704948932555 0.371704948932555 0.330318502190639 0.330318502190639 0.0765905593382519 0.0765905593382519 0.129409721995194 0.129409721995194 0.127151457564933 0.127151457564933 0.130854754329301 0.130854754329301 0.169435422269293 0.169435422269293 0.211972744350124 0.211972744350124 0.213800532434071 0.213800532434071 0.215725726214958 0.215725726214958 0.53685324005024 0.53685324005024 1.11089795089594 1.11089795089594 1.29059687247196 1.29059687247196 1.5801308935034 1.5801308935034 1.96047753985157 1.96047753985157 1.31943745067463 1.31943745067463 1.52090079964812 1.52090079964812 1.00807222135363 1.00807222135363 0.645521043076885 0.645521043076885 0.540674868782703 0.540674868782703 0.40462379422409 0.40462379422409 0.494294022115957 0.494294022115957
2.04424602402453 1.75365136679134 1.75365136679134 1.53044727938311 1.53044727938311 1.88479589878991 1.88479589878991 2.11565305629597 2.11565305629597 1.6127219597945 1.6127219597945 0.706904441187104 0.706904441187104 0.102613537446286 0.102613537446286 0.250823495950335 0.250823495950335 0.141807500022384 0.141807500022384 0.105895817955553 0.105895817955553 0.166557164492234 0.166557164492234 0.30063320720182 0.30063320720182 0.275170410743755 0.275170410743755 0.663294572263876 0.663294572263876 0.0241077398062373 0.0241077398062373 0.596522237803892 0.596522237803892 0.998122999906815 0.998122999906815 1.16045245782121 1.16045245782121 2.17002828528022 2.17002828528022 1.5832907117844 1.5832907117844 1.29780683302381 1.29780683302381 0.779530438853899 0.779530438853899 0.623725864047094 0.623725864047094 0.574141639676753 0.574141639676753 0.609156685810801 0.609156685810801 0.676375816330297 0.676375816330297
3.82886340686752 2.3148406850777 2.3148406850777 1.92788698350972 1.92788698350972 1.98267720239073 1.98267720239073 2.14881081198651 2.14881081198651 1.82231716853484 1.82231716853484 1.50246434219638 1.50246434219638 0.825192644970503 0.825192644970503 0.729635645447336 0.729635645447336 0.289059845078928 0.289059845078928 0.028193039773577 0.028193039773577 0.0907767171527833 0.0907767171527833 0.211189081290293 0.211189081290293 0.295890675138628 0.295890675138628 0.773713101262454 0.773713101262454 0.19164170572466 0.19164170572466 0.071708168865128 0.071708168865128 0.219993763567175 0.219993763567175 0.927888480805499 0.927888480805499 1.39619714442022 1.39619714442022 2.13762386161675 2.13762386161675 1.67705117564831 1.67705117564831 0.948309660337403 0.948309660337403 0.601699077644024 0.601699077644024 0.418619067543823 0.418619067543823 0.899867446799469 0.899867446799469 0.744577860400666 0.744577860400666
4.21211418180086 2.88972948643664 2.88972948643664 1.85045108793379 1.85045108793379 1.8533898512179 1.8533898512179 1.89235704123226 1.89235704123226 2.78708368469271 2.78708368469271 2.61602297305568 2.61602297305568 1.8972459369892 1.8972459369892 1.17204166927203 1.17204166927203 0.732803298318274 0.732803298318274 0.69841319425973 0.69841319425973 1.87162827918877 1.87162827918877 0.943310356690356 0.943310356690356 0.209923920554305 0.209923920554305 1.37629709467628 1.37629709467628 0.350961763572644 0.350961763572644 0.575774133532684 0.575774133532684 1.29082148797465 1.29082148797465 2.09494509319729 2.09494509319729 5.48886897088329 5.48886897088329 2.30439098178382 2.30439098178382 1.71441977523247 1.71441977523247 1.44416443301918 1.44416443301918 1.31664960018157 1.31664960018157 1.38664238733675 1.38664238733675 1.32442033932774 1.32442033932774 1.53237073798503 1.53237073798503
4.7892875431579 5.28566251635333 5.28566251635333 3.19470594416195 3.19470594416195 2.20874172757549 2.20874172757549 2.4573622397201 2.4573622397201 2.44017522295894 2.44017522295894 3.80039995221565 3.80039995221565 5.24207840338146 5.24207840338146 1.84807866811271 1.84807866811271 1.82367584355642 1.82367584355642 0.663663554946951 0.663663554946951 1.46299040231448 1.46299040231448 0.630351272047392 0.630351272047392 0.475357906145761 0.475357906145761 0.546694289766132 0.546694289766132 0.46288360995655 0.46288360995655 0.959418335337837 0.959418335337837 1.68692850989202 1.68692850989202 2.03265818716523 2.03265818716523 2.03405816507357 2.03405816507357 1.45230632169839 1.45230632169839 1.51730279019229 1.51730279019229 1.44879529039172 1.44879529039172 1.33945551676091 1.33945551676091 1.44777945699199 1.44777945699199 1.46909270088289 1.46909270088289 1.49676635716486 1.49676635716486
-9999 5.46429455274971 5.46429455274971 5.01608525651409 5.01608525651409 3.05319930060612 3.05319930060612 3.27785111907929 3.27785111907929 2.57979791302518 2.57979791302518 3.15426605812401 3.15426605812401 16.0913601681951 16.0913601681951 5.50994154724925 5.50994154724925 2.35524727337091 2.35524727337091 1.41618155131809 1.41618155131809 1.19769993296346 1.19769993296346 0.60226560824082 0.60226560824082 0.459028790228529 0.459028790228529 0.554132413087343 0.554132413087343 0.740355449850108 0.740355449850108 1.03124794860101 1.03124794860101 1.01542897488985 1.01542897488985 4.37706277180984 4.37706277180984 1.19521365382977 1.19521365382977 1.61394150709717 1.61394150709717 1.17125046173908 1.17125046173908 1.22968265605529 1.22968265605529 1.50526499152474 1.50526499152474 1.57978573063177 1.57978573063177 1.53816742853043 1.53816742853043 1.52864602407335 1.52864602407335
-9999 -9999 -9999 -9999 -9999 7.00042478809617 7.00042478809617 6.3908069893519 6.3908069893519 4.32613374291577 4.32613374291577 3.69978926247018 3.69978926247018 20.5013847094953 20.5013847094953 9.75875184339944 9.75875184339944 4.29860205120233 4.29860205120233 2.59706896887031 2.59706896887031 2.57627995218533 2.57627995218533 0.991593649088956 0.991593649088956 0.865682866193404 0.865682866193404 0.620239080744571 0.620239080744571 1.03122425885966 1.03122425885966 0.891762046992413 0.891762046992413 3.29795885524688 3.29795885524688 2.15101259252687 2.15101259252687 1.3480375888647 1.3480375888647 1.21803451001208 1.21803451001208 1.51486434755052 1.51486434755052 1.7195988974676 1.7195988974676 1.85779108444029 1.85779108444029 1.93454439806872 1.93454439806872 1.88238496772496 1.88238496772496 1.85182480739845 1.85182480739845
-9999 -9999 -9999 -9999 -9999 6.09119277535887 6.09119277535887 8.04024925364604 8.04024925364604 5.53530718381977 5.53530718381977 4.40366107396484 4.40366107396484 8.294724141879 8.294724141879 11.8528906511005 11.8528906511005 8.40298626975046 8.40298626975046 5.04427204785885 5.04427204785885 3.79815343461331 3.79815343461331 2.4776564236586 2.4776564236586 0.407279255459184 0.407279255459184 1.37573535711838 1.37573535711838 1.58727053984478 1.58727053984478 1.65446440617319 1.65446440617319 2.21590092063234 2.21590092063234 2.02576929286036 2.02576929286036 3.17193243263895 3.17193243263895 3.39875426546523 3.39875426546523 2.71755569894934 2.71755569894934 2.78193467245606 2.78193467245606 2.11902072691541 2.11902072691541 2.21920059675422 2.21920059675422 4.58697257533488 4.58697257533488 2.49097636484827 2.49097636484827
-9999 -9999 -9999 -9999 -9999 6.92514100605286 6.92514100605286 8.50798329880802 8.50798329880802 6.17545994188326 6.17545994188326 4.00359270013112 4.00359270013112 7.10684563185477 7.10684563185477 10.5207243006137 10.5207243006137 10.2423048242701 10.2423048242701 9.91622513175895 9.91622513175895 5.88490745866005 5.88490745866005 4.26127295218752 4.26127295218752 1.0330739328684 1.0330739328684 1.83337379069338 1.83337379069338 1.89702903558134 1.89702903558134 1.55392206798339 1.55392206798339 1.5481698145625 1.5481698145625 1.74138658732551 1.74138658732551 2.0548109911257 2.0548109911257 1.30659352896635 1.30659352896635 0.290391631973842 0.290391631973842 0.479476649075226 0.479476649075226 2.07869001249974 2.07869001249974 2.62098799610476 2.62098799610476 4.48559825728711 4.48559825728711 6.48553741649756 6.48553741649756
-9999 -9999 -9999 -9999 -9999 7.98684595883637 7.98684595883637 6.88242170132632 6.88242170132632 5.9764101133432 5.9764101133432 3.70989955621932 3.70989955621932 8.55811831013987 8.55811831013987 21.1628100618426 21.1628100618426 16.4011464530969 16.4011464530969 14.1100097829533 14.1100097829533 8.73810975652962 8.73810975652962 6.97995492744356 6.97995492744356 4.38030581292693 4.38030581292693 3.22843349250447 3.22843349250447 2.30327899056154 2.30327899056154 2.10084738498682 2.10084738498682 2.17415878478656 2.17415878478656 2.34988679912406 2.34988679912406 2.27676961315164 2.27676961315164 2.32201929850872 2.32201929850872 2.04185237220583 2.04185237220583 1.60399177399953 1.60399177399953 2.28014296162481 2.28014296162481 2.18511735857828 2.18511735857828 2.85199884640015 2.85199884640015 2.66911543319873 2.66911543319873
-9999 -9999 -9999 -9999 -9999 8.48647213123533 8.48647213123533 8.10724244865964 8.10724244865964 6.10297083891253 6.10297083891253 2.18641281170285 2.18641281170285 11.4530791305512 11.4530791305512 48.6300849806004 48.6300849806004 36.1580759957371 36.1580759957371 42.2046917055609 42.2046917055609 20.8936241230546 20.8936241230546 10.81143433811 10.81143433811 11.595235652356 11.595235652356 4.2375224052311 4.2375224052311 3.29786191674391 3.29786191674391 2.79674834696217 2.79674834696217 5.24474379750038 5.24474379750038 2.97385199677849 2.97385199677849 3.32891377133087 3.32891377133087 2.64064996723396 2.64064996723396 4.01178858982251 4.01178858982251 3.2615919926329 3.2615919926329 2.90566619038954 2.90566619038954 2.58337502557436 2.58337502557436 2.4056412341027 2.4056412341027 2.05791440343148 2.05791440343148
-9999 -9999 -9999 -9999 -9999 9.49975394610945 9.49975394610945 10.9039047530639 10.9039047530639 6.27311929757723 6.27311929757723 3.79266998891143 3.79266998891143 10.541421201248 10.541421201248 27.3612349083704 27.3612349083704 38.4451991717443 38.4451991717443 16.8376076296048 16.8376076296048 11.7879068485624 11.7879068485624 10.94259933381 10.94259933381 1.25286552416485 1.25286552416485 5.08518350125036 5.08518350125036 4.62176309951063 4.62176309951063 0.336204780737573 0.336204780737573 2.07551018253087 2.07551018253087 3.34155966638307 3.34155966638307 3.85337764477492 3.85337764477492 6.82992061807111 6.82992061807111 8.8715704796489 8.8715704796489 8.20104150872396 8.20104150872396 5.85093109842708 5.85093109842708 5.38591221047708 5.38591221047708 5.41508005628717 5.41508005628717 4.08254695375355 4.08254695375355
-9999 -9999 -9999 -9999 -9999 20.0880496219914 20.0880496219914 19.5393509838598 19.5393509838598 8.82034198159288 8.82034198159288 8.6316488492853 8.6316488492853 11.2019257374707 11.2019257374707 13.205964756774 13.205964756774 26.8269609003466 26.8269609003466 5.67786666741367 5.67786666741367 6.15246419739433 6.15246419739433 14.0791988270037 14.0791988270037 17.5377160888449 17.5377160888449 11.340972700673 11.340972700673 15.5765364715272 15.5765364715272 6.82482278209861 6.82482278209861 4.84344849159634 4.84344849159634 4.41232738344227 4.41232738344227 6.33365849762562 6.33365849762562 9.95132166483226 9.95132166483226 9.84268535746639 9.84268535746639 11.2252309420301 11.2252309420301 8.99885464980908 8.99885464980908 11.9497715066009 11.9497715066009 15.6003459312746 15.6003459312746 34.0922784721451 34.0922784721451
-9999 -9999 -9999 -9999 -9999 20.6819371611588 20.6819371611588 21.3080618878483 21.3080618878483 20.6623774899999 20.6623774899999 10.8784859305645 10.8784859305645 11.846023973361 11.846023973361 13.3953387725028 13.3953387725028 10.2458482204677 10.2458482204677 5.13580496738192 5.13580496738192 2.98295820956784 2.98295820956784 0.589539990981046 0.589539990981046 3.82458209750959 3.82458209750959 5.83168451064774 5.83168451064774 7.99439149047445 7.99439149047445 15.8804905562895 15.8804905562895 1.40087377694824 1.40087377694824 5.55382473407758 5.55382473407758 10.642436894304 10.642436894304 12.6843859409888 12.6843859409888 13.5881180215133 13.5881180215133 18.6803040183001 18.6803040183001 10.0463152320349 10.0463152320349 11.6000804970282 11.6000804970282 18.8832641659048 18.8832641659048 24.1201869403859 24.1201869403859
-9999 -9999 -9999 -9999 -9999 -9999 -9999 21.1538359540137 21.1538359540137 19.9588727039266 19.9588727039266 22.1211252285898 22.1211252285898 34.8017940075071 34.8017940075071 13.4065633457116 13.4065633457116 10.6363095472276 10.6363095472276 6.77708547287815 6.77708547287815 3.51087468970101 3.51087468970101 4.40055911081992 4.40055911081992 6.13040918474655 6.13040918474655 5.47932033131615 5.47932033131615 10.6166854478014 10.6166854478014 13.9080755565493 13.9080755565493 6.29373942370248 6.29373942370248 7.01663588784204 7.01663588784204 11.3519254111571 11.3519254111571 9.85014249926438 9.85014249926438 38.0233887204621 38.0233887204621 29.4757022697153 29.4757022697153 8.57305724966515 8.57305724966515 11.6119699505599 11.6119699505599 14.9960118283421 14.9960118283421 18.9911642323515 18.9911642323515
-9999 -9999 -9999 -9999 -9999 -9999 -9999 -9999 -9999 20.1900403794542 20.1900403794542 25.1698865155662 25.1698865155662 28.5940140251898 28.5940140251898 33.251197246163 33.251197246163 33.7461723208797 33.7461723208797 16.6760740636973 16.6760740636973 7.35987192927682 7.35987192927682 7.39643767578249 7.39643767578249 10.0431764806768 10.0431764806768 20.0943479769202 20.0943479769202 15.0495586632049 15.0495586632049 16.2637659391955 16.2637659391955 12.8057205672734 12.8057205672734 46.2205045043363 46.2205045043363 11.4070702786937 11.4070702786937 9.327703658491 9.327703658491 9.50937468640501 9.50937468640501 26.3838229673667 26.3838229673667 8.22639105568175 8.22639105568175 10.3890020235908 10.3890020235908 15.1316395796266 15.1316395796266 18.3255152402056 18.3255152402056
-9999 -9999 -9999 -9999 -9999 -9999 -9999 -9999 -9999 -9999 -9999 20.6608241082203 20.6608241082203 26.8718780041604 26.8718780041604 23.7356382882531 23.7356382882531 26.3825790587829 26.3825790587829 25.03202729279 25.03202729279 31.3305335102441 31.3305335102441 14.736998508035 14.736998508035 8.35823203227238 8.35823203227238 10.81674281831 10.81674281831 12.9459417280879 12.9459417280879 14.5595420995148 14.5595420995148 12.9167310680125 12.9167310680125 11.6348624456274 11.6348624456274 11.1231945022922 11.1231945022922 10.2629548912697 10.2629548912697 7.22511143908161 7.22511143908161 15.6198312348671 15.6198312348671 10.480420878726 10.480420878726 10.5498101668623 10.5498101668623 8.71289457198827 8.71289457198827 7.77152738906026 7.77152738906026
-9999 -9999 -9999 -9999 -9999 -9999 -9999 -9999 -9999 -9999 -9999 21.5557129868588 21.5557129868588 20.8209083003931 20.8209083003931 18.4685192388365 18.4685192388365 17.5514728608579 17.5514728608579 21.6625014924509 21.6625014924509 48.3943958503336 48.3943958503336 20.5061627745331 20.5061627745331 9.08048133388901 9.08048133388901 7.45293136865416 7.45293136865416 7.43030100118078 7.43030100118078 7.27991239769241 7.27991239769241 7.25266962536523 7.25266962536523 9.39204984132505 9.39204984132505 10.5203226912626 10.5203226912626 10.8568777158067 10.8568777158067 8.75823217311992 8.75823217311992 2.61153138416847 2.61153138416847 6.54895806597155 6.54895806597155 10.1241121980815 10.1241121980815 3.47554888194319 3.47554888194319 5.02997048726043 5.02997048726043
-9999 -9999 -9999 -9999 -9999 -9999 -9999 -9999 -9999 38.7147814659046 38.7147814659046 14.2478157979792 14.2478157979792 15.0514470782155 15.0514470782155 19.1508813745703 19.1508813745703 19.0297487417662 19.0297487417662 39.0713688720699 39.0713688720699 171.949479398921 171.949479398921 18.7718681430278 18.7718681430278 10.8155018641169 10.8155018641169 6.21819671560487 6.21819671560487 6.48172740158428 6.48172740158428 8.29177356512708 8.29177356512708 6.14211077745571 6.14211077745571 8.19928307143161 8.19928307143161 12.4646511310306 12.4646511310306 11.0314882480976 11.0314882480976 11.6544014199201 11.6544014199201 6.24765654391485 6.24765654391485 5.57807302750494 5.57807302750494 9.02006101227848 9.02006101227848 1.09370547955586 1.09370547955586 1.00572530449255 1.00572530449255
