data/dist_ran.forest_pleuronectes.platessa_summer.asc
NCOLS 260 
NROWS 120 
XLLCORNER -3 
YLLCORNER 51 
CELLSIZE 0.05 
NODATA_value -9999 
[rows 23 to 45 of 120, columns 106 to 158 of 260]
23.9314175303158 23.9314175303158 22.678392211183 22.678392211183 23.4510297887622 23.4510297887622 32.3668423674596 32.3668423674596 41.6959131223274 41.6959131223274 52.4186339941864 52.4186339941864 57.8133618906819 57.8133618906819 67.7978900160216 67.7978900160216 71.2276409174407 71.2276409174407 70.5953742924063 70.5953742924063 72.4643704805034 72.4643704805034 90.7122367658873 90.7122367658873 97.0515422710998 97.0515422710998 124.447619174567 124.447619174567 130.125145675594 130.125145675594 114.452757930947 114.452757930947 100.498423586007 100.498423586007 136.303658517411 136.303658517411 104.988493714857 104.988493714857 108.495270393051 108.495270393051 92.3151298240521 92.3151298240521 90.5979783898965 90.5979783898965 107.104134122961 107.104134122961 118.492718817764 118.492718817764 78.2177506268686 78.2177506268686 57.0175663690929 57.0175663690929 66.8585358233197
17.7958689827657 17.7958689827657 18.1255507456962 18.1255507456962 17.8638922003816 17.8638922003816 28.4430856694202 28.4430856694202 40.5591294007938 40.5591294007938 55.9743148259977 55.9743148259977 74.5317076712914 74.5317076712914 75.1216232430838 75.1216232430838 78.4071845244897 78.4071845244897 96.9624722468655 96.9624722468655 93.0984673699073 93.0984673699073 88.9306454439253 88.9306454439253 121.310864752442 121.310864752442 131.094003317399 131.094003317399 113.345008281192 113.345008281192 70.1074288429662 70.1074288429662 108.41165888399 108.41165888399 68.9942725398223 68.9942725398223 62.7742410984352 62.7742410984352 55.0501555796393 55.0501555796393 51.137947951817 51.137947951817 84.1717092107103 84.1717092107103 106.152189990376 106.152189990376 141.346433671571 141.346433671571 133.875100548155 133.875100548155 61.6890890720004 61.6890890720004 63.7618237096817
19.1595778984375 19.1595778984375 20.0810720620977 20.0810720620977 23.6285288730356 23.6285288730356 39.5193261786775 39.5193261786775 53.6538961482805 53.6538961482805 68.2310745957617 68.2310745957617 84.2011896150474 84.2011896150474 110.889768853048 110.889768853048 154.583874254891 154.583874254891 156.048297957439 156.048297957439 175.920188128393 175.920188128393 147.095104408733 147.095104408733 138.314710465055 138.314710465055 140.941421138781 140.941421138781 113.535392547364 113.535392547364 81.7380845133861 81.7380845133861 110.360448770941 110.360448770941 83.9623827544353 83.9623827544353 61.2283216397351 61.2283216397351 53.2187327831847 53.2187327831847 13.8043531158435 13.8043531158435 39.8408875372164 39.8408875372164 93.7247746495051 93.7247746495051 147.671960512587 147.671960512587 155.00900003857 155.00900003857 129.302560046719 129.302560046719 106.856099652523
26.6400556002157 26.6400556002157 39.2342348394212 39.2342348394212 51.3503103345155 51.3503103345155 48.392828218063 48.392828218063 49.0167324102459 49.0167324102459 112.882616140246 112.882616140246 135.481172376497 135.481172376497 130.506231225451 130.506231225451 163.296345813839 163.296345813839 165.790967295907 165.790967295907 206.350921892668 206.350921892668 153.165382175012 153.165382175012 147.358282517109 147.358282517109 224.555795250556 224.555795250556 92.4408029041067 92.4408029041067 76.6297188328988 76.6297188328988 84.5604019466317 84.5604019466317 87.1032378411669 87.1032378411669 77.9118221724327 77.9118221724327 50.8203639163063 50.8203639163063 32.3096360077446 32.3096360077446 64.2791361212097 64.2791361212097 133.41109584759 133.41109584759 229.053158406151 229.053158406151 211.425137670238 211.425137670238 177.0962907224 177.0962907224 160.233336749859
46.9673200785251 46.9673200785251 54.9579577819184 54.9579577819184 70.1394427875684 70.1394427875684 80.5874586371305 80.5874586371305 92.8891914420038 92.8891914420038 134.766114382914 134.766114382914 128.661662840117 128.661662840117 142.808309352718 142.808309352718 142.270195770755 142.270195770755 158.079297641313 158.079297641313 217.393881402166 217.393881402166 173.187629828069 173.187629828069 171.962301388038 171.962301388038 41.7633471773176 41.7633471773176 44.470744630443 44.470744630443 17.2088616684581 17.2088616684581 21.498219325839 21.498219325839 54.0982033434071 54.0982033434071 77.1014997487279 77.1014997487279 32.0907566431135 32.0907566431135 31.9529688430516 31.9529688430516 93.2689169014667 93.2689169014667 105.725919462284 105.725919462284 157.45551067831 157.45551067831 187.258502107591 187.258502107591 209.582058355545 209.582058355545 184.006923277403
62.6652138077438 62.6652138077438 70.7502334817635 70.7502334817635 84.4242645078683 84.4242645078683 140.426180186795 140.426180186795 127.771140650663 127.771140650663 120.863731515437 120.863731515437 120.096042550188 120.096042550188 123.378514428815 123.378514428815 107.967217181362 107.967217181362 123.25985707977 123.25985707977 155.911929809414 155.911929809414 151.474611217541 151.474611217541 105.343597114653 105.343597114653 69.2232839757227 69.2232839757227 34.6714853603067 34.6714853603067 30.7792320960209 30.7792320960209 33.2383359389024 33.2383359389024 40.3228645736635 40.3228645736635 34.6666817752521 34.6666817752521 64.7683293356432 64.7683293356432 126.662110175108 126.662110175108 104.934613145143 104.934613145143 93.4450366515009 93.4450366515009 133.059317198578 133.059317198578 175.273211445212 175.273211445212 189.827010028043 189.827010028043 205.36989235707
91.2538141071396 91.2538141071396 107.444137830505 107.444137830505 120.306513514456 120.306513514456 110.101429221501 110.101429221501 86.1935346091723 86.1935346091723 106.044368809055 106.044368809055 110.69009767551 110.69009767551 66.8587109864201 66.8587109864201 69.050952926992 69.050952926992 76.3383792010536 76.3383792010536 104.012130806125 104.012130806125 91.6009138844544 91.6009138844544 82.6018819312564 82.6018819312564 61.5321868629637 61.5321868629637 34.5795787721046 34.5795787721046 34.3515386879644 34.3515386879644 37.3993645029913 37.3993645029913 15.2319589244746 15.2319589244746 34.1361488555692 34.1361488555692 62.9846844915585 62.9846844915585 129.345149219238 129.345149219238 137.402478918824 137.402478918824 62.0715759696562 62.0715759696562 138.596024360731 138.596024360731 190.525149900973 190.525149900973 223.245243485545 223.245243485545 217.378902955442
102.70370610125 102.70370610125 90.5902161811274 90.5902161811274 107.956733292405 107.956733292405 94.0039908084783 94.0039908084783 78.303330015156 78.303330015156 72.267970518498 72.267970518498 92.1034877329211 92.1034877329211 60.7289463365593 60.7289463365593 61.2942027124941 61.2942027124941 98.2654038802409 98.2654038802409 105.560694231664 105.560694231664 102.755793763958 102.755793763958 78.7840071358161 78.7840071358161 55.6465309002284 55.6465309002284 34.6427933697471 34.6427933697471 25.1543008525586 25.1543008525586 22.8243756792775 22.8243756792775 26.1301978690696 26.1301978690696 58.721489093442 58.721489093442 86.9364490695369 86.9364490695369 142.020834713618 142.020834713618 99.8283443838239 99.8283443838239 102.598639411404 102.598639411404 184.571309238669 184.571309238669 212.939103908887 212.939103908887 232.619169839304 232.619169839304 282.532733615715
107.680130194114 107.680130194114 101.071670496336 101.071670496336 94.8806370073351 94.8806370073351 89.2529518474815 89.2529518474815 98.0174704455294 98.0174704455294 77.9769127254551 77.9769127254551 82.3490816126316 82.3490816126316 64.2979860651908 64.2979860651908 62.1129330190257 62.1129330190257 89.6734808129193 89.6734808129193 89.749077920197 89.749077920197 77.9679471800354 77.9679471800354 54.3194384211179 54.3194384211179 39.6481934642507 39.6481934642507 32.4874107936523 32.4874107936523 18.2164093125898 18.2164093125898 42.6607002267634 42.6607002267634 60.8173717859832 60.8173717859832 83.8300742822095 83.8300742822095 130.729958116035 130.729958116035 114.103698654542 114.103698654542 172.105451049866 172.105451049866 174.053838809037 174.053838809037 207.848867186001 207.848867186001 263.559888822567 263.559888822567 419.167115212301 419.167115212301 356.226677229781
108.31575603312 108.31575603312 116.926117626653 116.926117626653 107.322202837464 107.322202837464 109.534043209848 109.534043209848 122.728073392633 122.728073392633 99.8782303905343 99.8782303905343 88.0750516338941 88.0750516338941 77.3738869564511 77.3738869564511 54.8523411245436 54.8523411245436 76.6154574083843 76.6154574083843 87.902358747918 87.902358747918 71.2888808810079 71.2888808810079 53.4801008757686 53.4801008757686 31.57314577893 31.57314577893 27.3125400622287 27.3125400622287 32.1811195441382 32.1811195441382 86.6520231798395 86.6520231798395 79.9976077399354 79.9976077399354 143.703991348263 143.703991348263 131.784870809481 131.784870809481 113.040321842863 113.040321842863 165.318050375323 165.318050375323 188.972259518075 188.972259518075 376.063510977328 376.063510977328 333.094139134031 333.094139134031 745.663644147107 745.663644147107 342.55371529228
143.987559360386 143.987559360386 149.417163679129 149.417163679129 171.011490083426 171.011490083426 151.898122014467 151.898122014467 128.698147419776 128.698147419776 115.014795460558 115.014795460558 97.2720794192105 97.2720794192105 73.3631534831308 73.3631534831308 47.3002715547869 47.3002715547869 46.3526829677561 46.3526829677561 115.551979750724 115.551979750724 49.4863546691068 49.4863546691068 37.0221237584733 37.0221237584733 16.7929229033242 16.7929229033242 57.6291367425763 57.6291367425763 61.1899467481576 61.1899467481576 123.531364921562 123.531364921562 142.080657312549 142.080657312549 164.217216481903 164.217216481903 174.970750372539 174.970750372539 146.765204537373 146.765204537373 168.021405250748 168.021405250748 215.739194863423 215.739194863423 265.427143972213 265.427143972213 264.25564870934 264.25564870934 233.545353263968 233.545353263968 282.215578783932
190.89156044167 190.89156044167 134.632729492031 134.632729492031 178.308892277646 178.308892277646 148.07684091008 148.07684091008 139.049475357877 139.049475357877 130.569914513641 130.569914513641 100.909671888676 100.909671888676 77.8775840393801 77.8775840393801 55.4219208445729 55.4219208445729 65.3746070328738 65.3746070328738 55.6101323240766 55.6101323240766 50.5016182029405 50.5016182029405 38.5829368284171 38.5829368284171 40.9656232404222 40.9656232404222 124.012795571004 124.012795571004 127.458821637263 127.458821637263 156.081217036263 156.081217036263 158.349878044351 158.349878044351 179.073617314002 179.073617314002 170.613422803174 170.613422803174 156.991690490578 156.991690490578 233.813807493454 233.813807493454 259.241134660266 259.241134660266 227.140742610813 227.140742610813 231.684266904483 231.684266904483 237.769738694426 237.769738694426 267.006707461195
150.341336743068 150.341336743068 147.712264155447 147.712264155447 160.686665686623 160.686665686623 145.110680106571 145.110680106571 136.102412732048 136.102412732048 122.047274249882 122.047274249882 106.88386549591 106.88386549591 82.820849005773 82.820849005773 63.9026899838255 63.9026899838255 58.4257310928336 58.4257310928336 53.221009432304 53.221009432304 49.3690916437592 49.3690916437592 44.2197238459006 44.2197238459006 86.1430206506213 86.1430206506213 128.910254396591 128.910254396591 159.547001913718 159.547001913718 159.115854790959 159.115854790959 114.853273295634 114.853273295634 108.041836392388 108.041836392388 83.4633621957795 83.4633621957795 147.764502480727 147.764502480727 217.395113255882 217.395113255882 288.545508652976 288.545508652976 217.058520983296 217.058520983296 226.585029203092 226.585029203092 205.7537531681 205.7537531681 274.201721460901
155.197778608918 155.197778608918 155.632773672748 155.632773672748 162.775878967179 162.775878967179 121.675194290689 121.675194290689 110.087521082609 110.087521082609 105.680314531032 105.680314531032 102.837786995592 102.837786995592 87.4056206595163 87.4056206595163 75.0193378438121 75.0193378438121 76.6309823127891 76.6309823127891 60.4665721367049 60.4665721367049 44.343161030449 44.343161030449 60.7009318250317 60.7009318250317 123.076383479188 123.076383479188 121.300055766839 121.300055766839 141.593826723184 141.593826723184 139.102230864657 139.102230864657 106.59350764404 106.59350764404 103.502142721389 103.502142721389 120.695562022799 120.695562022799 163.716964785983 163.716964785983 208.593571756799 208.593571756799 236.738876456773 236.738876456773 252.275079033971 252.275079033971 227.16522020531 227.16522020531 293.59489463996 293.59489463996 367.796961465248
158.674649347421 158.674649347421 208.286430534954 208.286430534954 163.706129557815 163.706129557815 115.393338038522 115.393338038522 111.032123691153 111.032123691153 115.247516550274 115.247516550274 102.7711227499 102.7711227499 90.2439105070293 90.2439105070293 79.4318915317187 79.4318915317187 83.4548471931995 83.4548471931995 75.2954755409184 75.2954755409184 71.5864733578604 71.5864733578604 83.9623160794576 83.9623160794576 137.195549595389 137.195549595389 169.445984751995 169.445984751995 120.562575160328 120.562575160328 107.166401608434 107.166401608434 86.7116850798297 86.7116850798297 110.065860696001 110.065860696001 123.006726004021 123.006726004021 204.29848745815 204.29848745815 136.952524997631 136.952524997631 213.798074067007 213.798074067007 249.695932427237 249.695932427237 314.566484683297 314.566484683297 354.102292755344 354.102292755344 629.053590109496
163.065394836461 163.065394836461 109.212843336458 109.212843336458 131.901268345666 131.901268345666 103.194681280542 103.194681280542 98.4712118370479 98.4712118370479 95.4197667338398 95.4197667338398 97.6051873077698 97.6051873077698 90.8506731965323 90.8506731965323 79.6753538495927 79.6753538495927 76.3855037559293 76.3855037559293 119.129239128649 119.129239128649 134.182308259011 134.182308259011 175.823545955573 175.823545955573 159.960122601667 159.960122601667 153.871449691887 153.871449691887 109.410019388687 109.410019388687 118.929398466338 118.929398466338 131.173611978974 131.173611978974 122.288796795997 122.288796795997 134.301062140087 134.301062140087 175.319277103785 175.319277103785 179.391183112447 179.391183112447 233.241851200052 233.241851200052 247.392943527936 247.392943527936 356.263548731623 356.263548731623 400.652020875438 400.652020875438 427.457304182746
136.817578385256 136.817578385256 176.39884644854 176.39884644854 105.32490133356 105.32490133356 100.560735817432 100.560735817432 92.5873320991222 92.5873320991222 97.0460271851395 97.0460271851395 91.3957023694449 91.3957023694449 91.974492399337 91.974492399337 82.3825841908229 82.3825841908229 75.2164803071277 75.2164803071277 130.155913944097 130.155913944097 192.985854877146 192.985854877146 210.03361817472 210.03361817472 197.393312773098 197.393312773098 165.733761408194 165.733761408194 120.105316694246 120.105316694246 143.117012958872 143.117012958872 115.589192093164 115.589192093164 119.237185778747 119.237185778747 138.075965896776 138.075965896776 166.017848378916 166.017848378916 207.08725863304 207.08725863304 282.747653951776 282.747653951776 296.975598186873 296.975598186873 378.241911163291 378.241911163291 416.548633534981 416.548633534981 423.72231342346
113.349696598998 113.349696598998 113.693674714892 113.693674714892 98.6180893763212 98.6180893763212 93.307791789406 93.307791789406 99.0479155915259 99.0479155915259 95.0797474428599 95.0797474428599 96.3355658584736 96.3355658584736 87.7376621715539 87.7376621715539 67.3461746010862 67.3461746010862 119.996433047683 119.996433047683 224.367421038061 224.367421038061 210.550974585919 210.550974585919 216.058918426743 216.058918426743 188.984597929611 188.984597929611 172.57722495231 172.57722495231 149.096810694912 149.096810694912 126.369429388723 126.369429388723 108.110013059773 108.110013059773 98.2010570549152 98.2010570549152 135.794789662166 135.794789662166 190.020474740112 190.020474740112 253.937375944807 253.937375944807 281.196897797635 281.196897797635 338.468669282154 338.468669282154 382.098410064049 382.098410064049 409.571775859934 409.571775859934 405.512164848099
105.966655751619 105.966655751619 102.509443242377 102.509443242377 94.9914721199628 94.9914721199628 107.918609295567 107.918609295567 94.6573333944078 94.6573333944078 98.1128868343624 98.1128868343624 94.1689517256492 94.1689517256492 82.2456892025783 82.2456892025783 76.6914524220407 76.6914524220407 272.778058559485 272.778058559485 258.178749257363 258.178749257363 242.691943672965 242.691943672965 220.638932952506 220.638932952506 194.907356615411 194.907356615411 162.319714033953 162.319714033953 169.144967599982 169.144967599982 120.375230779093 120.375230779093 90.8200044016741 90.8200044016741 55.4613118205991 55.4613118205991 118.106278898326 118.106278898326 171.343170073488 171.343170073488 331.519511769658 331.519511769658 263.600804824279 263.600804824279 321.928788851258 321.928788851258 380.942729578346 380.942729578346 413.706476087354 413.706476087354 402.728632236801
101.283765686937 101.283765686937 95.6025046738242 95.6025046738242 102.558109597628 102.558109597628 110.793439389116 110.793439389116 110.969042427606 110.969042427606 102.079411960139 102.079411960139 92.5260443987535 92.5260443987535 82.4680198704157 82.4680198704157 185.572495848003 185.572495848003 257.274805595784 257.274805595784 261.759646659299 261.759646659299 278.464557375948 278.464557375948 243.129888580217 243.129888580217 198.251771369801 198.251771369801 143.92185753403 143.92185753403 133.554611402088 133.554611402088 95.5590957451846 95.5590957451846 90.8013232775072 90.8013232775072 89.2523291278495 89.2523291278495 93.070564401136 93.070564401136 118.372589082904 118.372589082904 339.342958388126 339.342958388126 236.515456513283 236.515456513283 281.183624957951 281.183624957951 493.585395221435 493.585395221435 398.65224590917 398.65224590917 417.00946269503
109.58734110623 109.58734110623 112.631264990313 112.631264990313 104.225263573014 104.225263573014 118.136543873473 118.136543873473 111.170232673243 111.170232673243 113.188355131506 113.188355131506 93.6128590928662 93.6128590928662 98.5604215489107 98.5604215489107 229.289600733003 229.289600733003 301.002493980375 301.002493980375 309.39372911021 309.39372911021 254.195076992668 254.195076992668 247.247453634012 247.247453634012 167.938519738566 167.938519738566 149.359137380372 149.359137380372 120.501147834993 120.501147834993 99.1395825583739 99.1395825583739 93.3776512965329 93.3776512965329 97.1718523272137 97.1718523272137 74.1752126247608 74.1752126247608 54.7795647941693 54.7795647941693 221.968749531882 221.968749531882 203.921945432628 203.921945432628 247.549889034917 247.549889034917 292.058908376596 292.058908376596 316.755756960574 316.755756960574 337.793445221541
112.220083025334 112.220083025334 110.135810583226 110.135810583226 119.872288362459 119.872288362459 121.320707650745 121.320707650745 125.731470193731 125.731470193731 113.362627989128 113.362627989128 94.2158277251975 94.2158277251975 181.739575660801 181.739575660801 253.25239734477 253.25239734477 297.019903477863 297.019903477863 338.215609221492 338.215609221492 256.318443540849 256.318443540849 234.278328241982 234.278328241982 174.214508353663 174.214508353663 151.674771595681 151.674771595681 109.723477101612 109.723477101612 103.939384976621 103.939384976621 97.975962567595 97.975962567595 107.463742543402 107.463742543402 86.4819777563994 86.4819777563994 93.6488786351692 93.6488786351692 231.415073690911 231.415073690911 212.239289131387 212.239289131387 234.95385520074 234.95385520074 271.097908796087 271.097908796087 253.701564070198 253.701564070198 208.410944828819
118.224051605941 118.224051605941 126.641082279189 126.641082279189 162.681685805689 162.681685805689 135.668042326067 135.668042326067 128.551772516882 128.551772516882 111.280575884059 111.280575884059 186.068331486097 186.068331486097 242.926642025789 242.926642025789 259.892858815133 259.892858815133 283.370625551836 283.370625551836 456.876442552301 456.876442552301 244.752314098964 244.752314098964 219.115911147851 219.115911147851 166.95842588474 166.95842588474 149.282286683228 149.282286683228 129.360403006525 129.360403006525 125.107501360849 125.107501360849 107.015564145171 107.015564145171 117.031486245056 117.031486245056 127.748888778894 127.748888778894 181.101211032046 181.101211032046 203.976643128271 203.976643128271 210.165954344222 210.165954344222 212.907973324254 212.907973324254 238.287931942349 238.287931942349 233.934971314543 233.934971314543 221.444138957437
