data/dist_ran.forest_crangon.crangon_summer.asc
NCOLS 260 
NROWS 120 
XLLCORNER -3 
YLLCORNER 51 
CELLSIZE 0.05 
NODATA_value -9999 
[rows 84 to 104 of 120, columns 96 to 143 of 260]
0.00567109888926054 0.00567109888926054 0.000656789173274719 0.000656789173274719 0.00423261863016577 0.00423261863016577 -3.33066907387547e-16 -3.33066907387547e-16 -3.33066907387547e-16 -3.33066907387547e-16 -3.33066907387547e-16 -3.33066907387547e-16 -3.33066907387547e-16 -3.33066907387547e-16 -3.33066907387547e-16 -3.33066907387547e-16 -3.33066907387547e-16 -3.33066907387547e-16 -3.33066907387547e-16 -3.33066907387547e-16 -3.33066907387547e-16 -3.33066907387547e-16 -3.33066907387547e-16 -3.33066907387547e-16 -3.33066907387547e-16 -3.33066907387547e-16 0.000276889025792038 0.000276889025792038 0.000334714670282565 0.000334714670282565 0.00156700587298819 0.00156700587298819 -3.33066907387547e-16 -3.33066907387547e-16 -3.33066907387547e-16 -3.33066907387547e-16 -3.33066907387547e-16 -3.33066907387547e-16 -3.33066907387547e-16 -3.33066907387547e-16 -3.33066907387547e-16 -3.33066907387547e-16 -2.22044604925031e-16 -2.22044604925031e-16 -2.22044604925031e-16 -2.22044604925031e-16 0.00012242231840931 0.00012242231840931
0.00863589479461813 0.00863589479461813 0.000656789173274719 0.000656789173274719 -3.33066907387547e-16 -3.33066907387547e-16 0.000429815905724773 0.000429815905724773 -3.33066907387547e-16 -3.33066907387547e-16 -3.33066907387547e-16 -3.33066907387547e-16 -3.33066907387547e-16 -3.33066907387547e-16 -3.33066907387547e-16 -3.33066907387547e-16 -3.33066907387547e-16 -3.33066907387547e-16 -3.33066907387547e-16 -3.33066907387547e-16 -3.33066907387547e-16 -3.33066907387547e-16 -3.33066907387547e-16 -3.33066907387547e-16 -3.33066907387547e-16 -3.33066907387547e-16 -2.22044604925031e-16 -2.22044604925031e-16 0.000276889025792038 0.000276889025792038 -3.33066907387547e-16 -3.33066907387547e-16 -3.33066907387547e-16 -3.33066907387547e-16 -3.33066907387547e-16 -3.33066907387547e-16 -3.33066907387547e-16 -3.33066907387547e-16 -3.33066907387547e-16 -3.33066907387547e-16 -3.33066907387547e-16 -3.33066907387547e-16 -2.22044604925031e-16 -2.22044604925031e-16 -2.22044604925031e-16 -2.22044604925031e-16 0.000181504441630453 0.000181504441630453
0.0135485591636171 0.0135485591636171 -2.22044604925031e-16 -2.22044604925031e-16 -2.22044604925031e-16 -2.22044604925031e-16 -2.22044604925031e-16 -2.22044604925031e-16 -3.33066907387547e-16 -3.33066907387547e-16 -3.33066907387547e-16 -3.33066907387547e-16 -3.33066907387547e-16 -3.33066907387547e-16 -3.33066907387547e-16 -3.33066907387547e-16 -3.33066907387547e-16 -3.33066907387547e-16 -3.33066907387547e-16 -3.33066907387547e-16 -3.33066907387547e-16 -3.33066907387547e-16 -3.33066907387547e-16 -3.33066907387547e-16 -3.33066907387547e-16 -3.33066907387547e-16 -2.22044604925031e-16 -2.22044604925031e-16 -2.22044604925031e-16 -2.22044604925031e-16 -3.33066907387547e-16 -3.33066907387547e-16 -3.33066907387547e-16 -3.33066907387547e-16 -3.33066907387547e-16 -3.33066907387547e-16 -3.33066907387547e-16 -3.33066907387547e-16 -3.33066907387547e-16 -3.33066907387547e-16 -3.33066907387547e-16 -3.33066907387547e-16 -2.22044604925031e-16 -2.22044604925031e-16 0.00319678224687325 0.00319678224687325 -2.22044604925031e-16 -2.22044604925031e-16
0.0161282897804613 0.0161282897804613 0.00365416819100584 0.00365416819100584 0.00102334026513384 0.00102334026513384 -2.22044604925031e-16 -2.22044604925031e-16 -2.22044604925031e-16 -2.22044604925031e-16 -3.33066907387547e-16 -3.33066907387547e-16 -3.33066907387547e-16 -3.33066907387547e-16 -3.33066907387547e-16 -3.33066907387547e-16 -3.33066907387547e-16 -3.33066907387547e-16 -3.33066907387547e-16 -3.33066907387547e-16 -3.33066907387547e-16 -3.33066907387547e-16 -3.33066907387547e-16 -3.33066907387547e-16 -3.33066907387547e-16 -3.33066907387547e-16 0.000975823101994733 0.000975823101994733 -2.22044604925031e-16 -2.22044604925031e-16 0.000195882903205158 0.000195882903205158 -3.33066907387547e-16 -3.33066907387547e-16 -3.33066907387547e-16 -3.33066907387547e-16 -3.33066907387547e-16 -3.33066907387547e-16 -3.33066907387547e-16 -3.33066907387547e-16 -3.33066907387547e-16 -3.33066907387547e-16 -2.22044604925031e-16 -2.22044604925031e-16 0.00680613677065289 0.00680613677065289 0.00301106353824232 0.00301106353824232
0.0174075531466833 0.0174075531466833 -1.11022302462516e-16 -1.11022302462516e-16 -2.22044604925031e-16 -2.22044604925031e-16 0.000550935930429208 0.000550935930429208 -2.22044604925031e-16 -2.22044604925031e-16 -3.33066907387547e-16 -3.33066907387547e-16 -3.33066907387547e-16 -3.33066907387547e-16 -3.33066907387547e-16 -3.33066907387547e-16 -3.33066907387547e-16 -3.33066907387547e-16 -3.33066907387547e-16 -3.33066907387547e-16 -3.33066907387547e-16 -3.33066907387547e-16 -3.33066907387547e-16 -3.33066907387547e-16 -3.33066907387547e-16 -3.33066907387547e-16 -3.33066907387547e-16 -3.33066907387547e-16 -2.22044604925031e-16 -2.22044604925031e-16 -3.33066907387547e-16 -3.33066907387547e-16 -3.33066907387547e-16 -3.33066907387547e-16 -3.33066907387547e-16 -3.33066907387547e-16 -3.33066907387547e-16 -3.33066907387547e-16 -3.33066907387547e-16 -3.33066907387547e-16 -3.33066907387547e-16 -3.33066907387547e-16 -2.22044604925031e-16 -2.22044604925031e-16 0.00346206793461468 0.00346206793461468 0.00394142231118688 0.00394142231118688
0.0210701235588937 0.0210701235588937 -2.22044604925031e-16 -2.22044604925031e-16 0.00157483999048424 0.00157483999048424 0.000550935930429208 0.000550935930429208 1.33023975479318e-06 1.33023975479318e-06 -3.33066907387547e-16 -3.33066907387547e-16 -3.33066907387547e-16 -3.33066907387547e-16 -3.33066907387547e-16 -3.33066907387547e-16 -3.33066907387547e-16 -3.33066907387547e-16 -3.33066907387547e-16 -3.33066907387547e-16 -3.33066907387547e-16 -3.33066907387547e-16 -3.33066907387547e-16 -3.33066907387547e-16 -3.33066907387547e-16 -3.33066907387547e-16 -3.33066907387547e-16 -3.33066907387547e-16 -3.33066907387547e-16 -3.33066907387547e-16 -3.33066907387547e-16 -3.33066907387547e-16 -3.33066907387547e-16 -3.33066907387547e-16 -3.33066907387547e-16 -3.33066907387547e-16 -3.33066907387547e-16 -3.33066907387547e-16 -3.33066907387547e-16 -3.33066907387547e-16 -2.22044604925031e-16 -2.22044604925031e-16 0.00319678224687325 0.00319678224687325 0.00250063538545042 0.00250063538545042 0.00394724658807921 0.00394724658807921
0.00178443875090784 0.00178443875090784 0.000372532664811631 0.000372532664811631 -2.22044604925031e-16 -2.22044604925031e-16 2.8323568044275e-06 2.8323568044275e-06 1.33023975479318e-06 1.33023975479318e-06 -3.33066907387547e-16 -3.33066907387547e-16 -3.33066907387547e-16 -3.33066907387547e-16 -3.33066907387547e-16 -3.33066907387547e-16 -3.33066907387547e-16 -3.33066907387547e-16 -3.33066907387547e-16 -3.33066907387547e-16 -3.33066907387547e-16 -3.33066907387547e-16 -3.33066907387547e-16 -3.33066907387547e-16 -3.33066907387547e-16 -3.33066907387547e-16 -3.33066907387547e-16 -3.33066907387547e-16 -3.33066907387547e-16 -3.33066907387547e-16 -3.33066907387547e-16 -3.33066907387547e-16 -3.33066907387547e-16 -3.33066907387547e-16 -3.33066907387547e-16 -3.33066907387547e-16 -3.33066907387547e-16 -3.33066907387547e-16 4.98278716800638e-05 4.98278716800638e-05 -2.22044604925031e-16 -2.22044604925031e-16 3.99721416854959e-07 3.99721416854959e-07 0.00251126588877981 0.00251126588877981 0.00422806396587139 0.00422806396587139
0.00141619509021673 0.00141619509021673 0.000600733781706664 0.000600733781706664 -3.33066907387547e-16 -3.33066907387547e-16 -3.33066907387547e-16 -3.33066907387547e-16 -3.33066907387547e-16 -3.33066907387547e-16 -3.33066907387547e-16 -3.33066907387547e-16 -3.33066907387547e-16 -3.33066907387547e-16 -3.33066907387547e-16 -3.33066907387547e-16 -3.33066907387547e-16 -3.33066907387547e-16 -3.33066907387547e-16 -3.33066907387547e-16 0.00119170635933763 0.00119170635933763 4.28461263330959e-05 4.28461263330959e-05 -3.33066907387547e-16 -3.33066907387547e-16 0.00499804428802286 0.00499804428802286 -3.33066907387547e-16 -3.33066907387547e-16 -3.33066907387547e-16 -3.33066907387547e-16 -3.33066907387547e-16 -3.33066907387547e-16 -3.33066907387547e-16 -3.33066907387547e-16 -3.33066907387547e-16 -3.33066907387547e-16 -2.22044604925031e-16 -2.22044604925031e-16 -2.22044604925031e-16 -2.22044604925031e-16 2.6676425657346e-05 2.6676425657346e-05 9.44118043522124e-07 9.44118043522124e-07 0.00261368140701301 0.00261368140701301
0.0033071131907525 0.0033071131907525 -2.22044604925031e-16 -2.22044604925031e-16 -3.33066907387547e-16 -3.33066907387547e-16 -3.33066907387547e-16 -3.33066907387547e-16 -3.33066907387547e-16 -3.33066907387547e-16 -3.33066907387547e-16 -3.33066907387547e-16 -3.33066907387547e-16 -3.33066907387547e-16 -3.33066907387547e-16 -3.33066907387547e-16 -3.33066907387547e-16 -3.33066907387547e-16 -3.33066907387547e-16 -3.33066907387547e-16 -3.33066907387547e-16 -3.33066907387547e-16 -3.33066907387547e-16 -3.33066907387547e-16 2.57802243224248e-05 2.57802243224248e-05 -3.33066907387547e-16 -3.33066907387547e-16 -3.33066907387547e-16 -3.33066907387547e-16 -3.33066907387547e-16 -3.33066907387547e-16 -3.33066907387547e-16 -3.33066907387547e-16 -3.33066907387547e-16 -3.33066907387547e-16 -3.33066907387547e-16 -3.33066907387547e-16 -2.22044604925031e-16 -2.22044604925031e-16 0.00316554153631921 0.00316554153631921 3.99721416854959e-07 3.99721416854959e-07 0.00233014987982005 0.00233014987982005 0.00442327116229424 0.00442327116229424
0.00375147516628505 0.00375147516628505 -2.22044604925031e-16 -2.22044604925031e-16 -3.33066907387547e-16 -3.33066907387547e-16 -3.33066907387547e-16 -3.33066907387547e-16 -3.33066907387547e-16 -3.33066907387547e-16 -3.33066907387547e-16 -3.33066907387547e-16 -3.33066907387547e-16 -3.33066907387547e-16 -3.33066907387547e-16 -3.33066907387547e-16 -3.33066907387547e-16 -3.33066907387547e-16 -3.33066907387547e-16 -3.33066907387547e-16 -3.33066907387547e-16 -3.33066907387547e-16 -3.33066907387547e-16 -3.33066907387547e-16 -2.22044604925031e-16 -2.22044604925031e-16 -3.33066907387547e-16 -3.33066907387547e-16 -3.33066907387547e-16 -3.33066907387547e-16 2.57802243224248e-05 2.57802243224248e-05 -3.33066907387547e-16 -3.33066907387547e-16 -2.22044604925031e-16 -2.22044604925031e-16 -2.22044604925031e-16 -2.22044604925031e-16 -2.22044604925031e-16 -2.22044604925031e-16 0.000104467624368443 0.000104467624368443 3.99721416854959e-07 3.99721416854959e-07 0.00485851461808262 0.00485851461808262 0.00301616279360872 0.00301616279360872
-2.22044604925031e-16 -2.22044604925031e-16 -2.22044604925031e-16 -2.22044604925031e-16 -2.22044604925031e-16 -2.22044604925031e-16 -3.33066907387547e-16 -3.33066907387547e-16 -3.33066907387547e-16 -3.33066907387547e-16 -3.33066907387547e-16 -3.33066907387547e-16 -3.33066907387547e-16 -3.33066907387547e-16 -3.33066907387547e-16 -3.33066907387547e-16 -3.33066907387547e-16 -3.33066907387547e-16 -3.33066907387547e-16 -3.33066907387547e-16 -3.33066907387547e-16 -3.33066907387547e-16 -3.33066907387547e-16 -3.33066907387547e-16 -2.22044604925031e-16 -2.22044604925031e-16 -2.22044604925031e-16 -2.22044604925031e-16 -3.33066907387547e-16 -3.33066907387547e-16 -3.33066907387547e-16 -3.33066907387547e-16 -3.33066907387547e-16 -3.33066907387547e-16 -2.22044604925031e-16 -2.22044604925031e-16 -2.22044604925031e-16 -2.22044604925031e-16 0.00331109577041389 0.00331109577041389 -2.22044604925031e-16 -2.22044604925031e-16 5.29421960961951e-05 5.29421960961951e-05 0.00647020672276821 0.00647020672276821 0.00170041824772293 0.00170041824772293
0.000285675390065521 0.000285675390065521 -2.22044604925031e-16 -2.22044604925031e-16 -3.33066907387547e-16 -3.33066907387547e-16 -3.33066907387547e-16 -3.33066907387547e-16 1.03806018596497e-05 1.03806018596497e-05 -3.33066907387547e-16 -3.33066907387547e-16 -3.33066907387547e-16 -3.33066907387547e-16 -3.33066907387547e-16 -3.33066907387547e-16 -3.33066907387547e-16 -3.33066907387547e-16 -3.33066907387547e-16 -3.33066907387547e-16 -3.33066907387547e-16 -3.33066907387547e-16 -3.33066907387547e-16 -3.33066907387547e-16 -2.22044604925031e-16 -2.22044604925031e-16 -2.22044604925031e-16 -2.22044604925031e-16 -2.22044604925031e-16 -2.22044604925031e-16 -3.33066907387547e-16 -3.33066907387547e-16 -2.22044604925031e-16 -2.22044604925031e-16 -2.22044604925031e-16 -2.22044604925031e-16 -2.22044604925031e-16 -2.22044604925031e-16 0.00411799328096007 0.00411799328096007 0.00326774652376782 0.00326774652376782 3.94152995284447e-05 3.94152995284447e-05 0.00494941906409307 0.00494941906409307 0.0244909720813118 0.0244909720813118
0.00016323308828281 0.00016323308828281 -2.22044604925031e-16 -2.22044604925031e-16 -3.33066907387547e-16 -3.33066907387547e-16 9.89450532618008e-08 9.89450532618008e-08 -3.33066907387547e-16 -3.33066907387547e-16 -3.33066907387547e-16 -3.33066907387547e-16 -3.33066907387547e-16 -3.33066907387547e-16 -3.33066907387547e-16 -3.33066907387547e-16 -3.33066907387547e-16 -3.33066907387547e-16 -3.33066907387547e-16 -3.33066907387547e-16 -3.33066907387547e-16 -3.33066907387547e-16 -3.33066907387547e-16 -3.33066907387547e-16 -2.22044604925031e-16 -2.22044604925031e-16 -2.22044604925031e-16 -2.22044604925031e-16 0.000268180437737353 0.000268180437737353 -3.33066907387547e-16 -3.33066907387547e-16 -2.22044604925031e-16 -2.22044604925031e-16 -2.22044604925031e-16 -2.22044604925031e-16 -2.22044604925031e-16 -2.22044604925031e-16 0.00413118564479031 0.00413118564479031 0.00260853858960286 0.00260853858960286 0.00402658121947219 0.00402658121947219 0.00469714206886529 0.00469714206886529 0.127383185951121 0.127383185951121
0.000555152002180481 0.000555152002180481 -3.33066907387547e-16 -3.33066907387547e-16 -3.33066907387547e-16 -3.33066907387547e-16 -3.33066907387547e-16 -3.33066907387547e-16 -3.33066907387547e-16 -3.33066907387547e-16 -3.33066907387547e-16 -3.33066907387547e-16 -3.33066907387547e-16 -3.33066907387547e-16 -3.33066907387547e-16 -3.33066907387547e-16 -3.33066907387547e-16 -3.33066907387547e-16 -3.33066907387547e-16 -3.33066907387547e-16 -3.33066907387547e-16 -3.33066907387547e-16 -3.33066907387547e-16 -3.33066907387547e-16 -2.22044604925031e-16 -2.22044604925031e-16 -2.22044604925031e-16 -2.22044604925031e-16 -2.22044604925031e-16 -2.22044604925031e-16 -2.22044604925031e-16 -2.22044604925031e-16 -2.22044604925031e-16 -2.22044604925031e-16 -2.22044604925031e-16 -2.22044604925031e-16 4.98832208051248e-06 4.98832208051248e-06 0.00408735009989258 0.00408735009989258 0.00125709623663495 0.00125709623663495 0.0241595593579393 0.0241595593579393 0.0966554113939895 0.0966554113939895 0.186329629188128 0.186329629188128
-2.22044604925031e-16 -2.22044604925031e-16 -2.22044604925031e-16 -2.22044604925031e-16 -2.22044604925031e-16 -2.22044604925031e-16 1.77365339970592e-06 1.77365339970592e-06 -3.33066907387547e-16 -3.33066907387547e-16 0.000101734544830201 0.000101734544830201 -3.33066907387547e-16 -3.33066907387547e-16 -3.33066907387547e-16 -3.33066907387547e-16 -3.33066907387547e-16 -3.33066907387547e-16 -3.33066907387547e-16 -3.33066907387547e-16 -3.33066907387547e-16 -3.33066907387547e-16 -2.22044604925031e-16 -2.22044604925031e-16 -2.22044604925031e-16 -2.22044604925031e-16 -2.22044604925031e-16 -2.22044604925031e-16 -2.22044604925031e-16 -2.22044604925031e-16 -2.22044604925031e-16 -2.22044604925031e-16 -2.22044604925031e-16 -2.22044604925031e-16 -2.22044604925031e-16 -2.22044604925031e-16 1.03806018596497e-05 1.03806018596497e-05 0.00323355668169611 0.00323355668169611 0.00177644181891057 0.00177644181891057 0.110645306193384 0.110645306193384 0.186347112221924 0.186347112221924 0.268559886355704 0.268559886355704
-2.22044604925031e-16 -2.22044604925031e-16 -2.22044604925031e-16 -2.22044604925031e-16 -2.22044604925031e-16 -2.22044604925031e-16 1.77365339970592e-06 1.77365339970592e-06 -3.33066907387547e-16 -3.33066907387547e-16 -3.33066907387547e-16 -3.33066907387547e-16 -3.33066907387547e-16 -3.33066907387547e-16 -3.33066907387547e-16 -3.33066907387547e-16 -3.33066907387547e-16 -3.33066907387547e-16 -2.22044604925031e-16 -2.22044604925031e-16 -3.33066907387547e-16 -3.33066907387547e-16 -2.22044604925031e-16 -2.22044604925031e-16 -2.22044604925031e-16 -2.22044604925031e-16 -2.22044604925031e-16 -2.22044604925031e-16 -2.22044604925031e-16 -2.22044604925031e-16 -2.22044604925031e-16 -2.22044604925031e-16 -2.22044604925031e-16 -2.22044604925031e-16 -2.22044604925031e-16 -2.22044604925031e-16 -2.22044604925031e-16 -2.22044604925031e-16 0.000735245868461742 0.000735245868461742 0.00685824010587366 0.00685824010587366 0.156233767198651 0.156233767198651 0.308276398584793 0.308276398584793 -9999 -9999
-2.22044604925031e-16 -2.22044604925031e-16 0.00126173373981531 0.00126173373981531 -2.22044604925031e-16 -2.22044604925031e-16 6.95328218802693e-06 6.95328218802693e-06 -3.33066907387547e-16 -3.33066907387547e-16 -3.33066907387547e-16 -3.33066907387547e-16 -3.33066907387547e-16 -3.33066907387547e-16 -3.33066907387547e-16 -3.33066907387547e-16 0.000494729157342499 0.000494729157342499 1.69059728929444e-05 1.69059728929444e-05 -3.33066907387547e-16 -3.33066907387547e-16 0.00136135933710446 0.00136135933710446 -2.22044604925031e-16 -2.22044604925031e-16 0.000149877886652439 0.000149877886652439 -2.22044604925031e-16 -2.22044604925031e-16 -2.22044604925031e-16 -2.22044604925031e-16 -2.22044604925031e-16 -2.22044604925031e-16 -2.22044604925031e-16 -2.22044604925031e-16 0.00131033057137775 0.00131033057137775 0.00740467323140037 0.00740467323140037 0.122245047614954 0.122245047614954 0.313326864305486 0.313326864305486 -9999 -9999 -9999 -9999
2.83235680464955e-06 2.83235680464955e-06 0.00126173373981531 0.00126173373981531 -2.22044604925031e-16 -2.22044604925031e-16 -3.33066907387547e-16 -3.33066907387547e-16 -3.33066907387547e-16 -3.33066907387547e-16 -3.33066907387547e-16 -3.33066907387547e-16 -2.22044604925031e-16 -2.22044604925031e-16 -3.33066907387547e-16 -3.33066907387547e-16 -3.33066907387547e-16 -3.33066907387547e-16 0.000492551389608353 0.000492551389608353 -3.33066907387547e-16 -3.33066907387547e-16 -2.22044604925031e-16 -2.22044604925031e-16 0.000622374437874607 0.000622374437874607 0.0046686386623167 0.0046686386623167 0.000492551389608353 0.000492551389608353 0.000492551389608353 0.000492551389608353 0.000408202105512512 0.000408202105512512 0.000910129212337685 0.000910129212337685 0.00591962626634701 0.00591962626634701 0.0387411500616199 0.0387411500616199 0.590014325741742 0.590014325741742 0.452435855258304 0.452435855258304 -9999 -9999 -9999 -9999
-2.22044604925031e-16 -2.22044604925031e-16 0.00111143542514824 0.00111143542514824 -2.22044604925031e-16 -2.22044604925031e-16 -3.33066907387547e-16 -3.33066907387547e-16 -2.22044604925031e-16 -2.22044604925031e-16 -3.33066907387547e-16 -3.33066907387547e-16 -3.33066907387547e-16 -3.33066907387547e-16 -3.33066907387547e-16 -3.33066907387547e-16 -3.33066907387547e-16 -3.33066907387547e-16 -3.33066907387547e-16 -3.33066907387547e-16 0.000492551389608353 0.000492551389608353 -2.22044604925031e-16 -2.22044604925031e-16 0.000492551389608353 0.000492551389608353 0.000492551389608353 0.000492551389608353 0.000492551389608353 0.000492551389608353 0.000571219841814408 0.000571219841814408 0.0021836210675219 0.0021836210675219 0.00362846797706795 0.00362846797706795 0.00555194084808819 0.00555194084808819 0.260184381554598 0.260184381554598 0.410921455055968 0.410921455055968 -9999 -9999 -9999 -9999 -9999 -9999
1.31382605612629e-05 1.31382605612629e-05 -2.22044604925031e-16 -2.22044604925031e-16 -3.33066907387547e-16 -3.33066907387547e-16 -3.33066907387547e-16 -3.33066907387547e-16 -2.22044604925031e-16 -2.22044604925031e-16 -3.33066907387547e-16 -3.33066907387547e-16 -3.33066907387547e-16 -3.33066907387547e-16 -3.33066907387547e-16 -3.33066907387547e-16 -3.33066907387547e-16 -3.33066907387547e-16 -3.33066907387547e-16 -3.33066907387547e-16 0.000279656469901246 0.000279656469901246 0.000279656469901246 0.000279656469901246 0.00432453482941741 0.00432453482941741 0.000149877886652439 0.000149877886652439 0.000180422404724156 0.000180422404724156 0.000428879737123466 0.000428879737123466 0.000374640287033046 0.000374640287033046 0.00212662441659095 0.00212662441659095 0.0189220222940842 0.0189220222940842 0.337740649023079 0.337740649023079 0.443138396104001 0.443138396104001 -9999 -9999 -9999 -9999 -9999 -9999
-3.33066907387547e-16 -3.33066907387547e-16 3.10389551416712e-06 3.10389551416712e-06 -2.22044604925031e-16 -2.22044604925031e-16 -2.22044604925031e-16 -2.22044604925031e-16 -2.22044604925031e-16 -2.22044604925031e-16 -3.33066907387547e-16 -3.33066907387547e-16 -3.33066907387547e-16 -3.33066907387547e-16 -3.33066907387547e-16 -3.33066907387547e-16 -3.33066907387547e-16 -3.33066907387547e-16 -3.33066907387547e-16 -3.33066907387547e-16 -2.22044604925031e-16 -2.22044604925031e-16 1.33023975479318e-06 1.33023975479318e-06 -2.22044604925031e-16 -2.22044604925031e-16 0.00050351344218158 0.00050351344218158 0.000229688908351511 0.000229688908351511 -2.22044604925031e-16 -2.22044604925031e-16 -1.11022302462516e-16 -1.11022302462516e-16 0.159869662790683 0.159869662790683 0.302610223365072 0.302610223365072 -9999 -9999 -9999 -9999 -9999 -9999 -9999 -9999 -9999 -9999
