data/dist_ran.forest_solea.solea_winter.asc
NCOLS 260 
NROWS 120 
XLLCORNER -3 
YLLCORNER 51 
CELLSIZE 0.05 
NODATA_value -9999 
[rows 23 to 45 of 120, columns 104 to 155 of 260]
0.004342073424489 0.004342073424489 0.00537146248917786 0.00537146248917786 0.00537146248917786 0.00537146248917786 0.00102493870557008 0.00102493870557008 0.0193247274623762 0.0193247274623762 0.0220888669783821 0.0220888669783821 0.0199620179536157 0.0199620179536157 0.0648872915369842 0.0648872915369842 0.0318087113301071 0.0318087113301071 0.02802224414421 0.02802224414421 0.0265560244739902 0.0265560244739902 0.107828180687904 0.107828180687904 0.0680931341255762 0.0680931341255762 1.82235673439348 1.82235673439348 0.208954808980874 0.208954808980874 0.0913302316597704 0.0913302316597704 0.0355107729620396 0.0355107729620396 0.0565900810462758 0.0565900810462758 0.0397283038073823 0.0397283038073823 0.0328213220660991 0.0328213220660991 0.0463196734326352 0.0463196734326352 0.0597291309275105 0.0597291309275105 0.0732480271813776 0.0732480271813776 0.0702674599278506 0.0702674599278506 0.0719729915853102 0.0719729915853102 0.0806566305740359 0.0806566305740359
0.00537146248917786 0.00537146248917786 0.00537146248917786 0.00537146248917786 0.00656610752045306 0.00656610752045306 0.0296946353625738 0.0296946353625738 0.0111767302672636 0.0111767302672636 0.00960968428507258 0.00960968428507258 0.0151787815009119 0.0151787815009119 0.0362948294148049 0.0362948294148049 0.0188449131811586 0.0188449131811586 0.0951182193611273 0.0951182193611273 0.128649646606435 0.128649646606435 0.483338090533666 0.483338090533666 0.417826203848606 0.417826203848606 0.641068878981957 0.641068878981957 0.0860683277167515 0.0860683277167515 0.0140380709181132 0.0140380709181132 -1.55431223447522e-15 -1.55431223447522e-15 0.0469279650519443 0.0469279650519443 0.165293716109161 0.165293716109161 0.139465931307181 0.139465931307181 0.123236861441365 0.123236861441365 0.0902345440904642 0.0902345440904642 0.0588959443260686 0.0588959443260686 0.0528200746451852 0.0528200746451852 0.0862171771904656 0.0862171771904656 0.0290756219357737 0.0290756219357737
0.00550410010569347 0.00550410010569347 0.0160555388797117 0.0160555388797117 0.0125237055150109 0.0125237055150109 0.0125237055150111 0.0125237055150111 0.00598690781498168 0.00598690781498168 0.00598690781498168 0.00598690781498168 0.020053733184044 0.020053733184044 0.0950494028105799 0.0950494028105799 0.25355499825362 0.25355499825362 0.303567684014964 0.303567684014964 0.15087581065409 0.15087581065409 0.151337840120706 0.151337840120706 0.202435370723849 0.202435370723849 0.164169462679422 0.164169462679422 0.0571589796681724 0.0571589796681724 0.0101348171437678 0.0101348171437678 0.0285358828824143 0.0285358828824143 0.0285172092686286 0.0285172092686286 0.0435827522105994 0.0435827522105994 0.100057832187135 0.100057832187135 0.0631408658044466 0.0631408658044466 0.0206367485193364 0.0206367485193364 0.044358102725611 0.044358102725611 0.0733550881367959 0.0733550881367959 0.177880006105283 0.177880006105283 0.306862876855672 0.306862876855672
0.00102493870557008 0.00102493870557008 0.014992159101608 0.014992159101608 0.00771029976216409 0.00771029976216409 0.00138465383562569 0.00138465383562569 0.0156153883056982 0.0156153883056982 0.00327211545373385 0.00327211545373385 0.241435485322732 0.241435485322732 0.450231630767112 0.450231630767112 0.325147904148481 0.325147904148481 0.138710332791748 0.138710332791748 0.145590124673102 0.145590124673102 0.0908725538207418 0.0908725538207418 0.159205424675983 0.159205424675983 0.0721071441224814 0.0721071441224814 0.0182038372449991 0.0182038372449991 0.0347151559544727 0.0347151559544727 0.0430777223438386 0.0430777223438386 0.0593567662201047 0.0593567662201047 0.0413766910135296 0.0413766910135296 0.06419530878219 0.06419530878219 0.0492507595517289 0.0492507595517289 0.200556852238735 0.200556852238735 0.23232031513727 0.23232031513727 0.243885282149261 0.243885282149261 0.256447720630403 0.256447720630403 0.538694395269413 0.538694395269413
0.0233317066843399 0.0233317066843399 0.0145737338135754 0.0145737338135754 0.0183252066583051 0.0183252066583051 0.0266587997398375 0.0266587997398375 0.0795241652130232 0.0795241652130232 0.561799809817768 0.561799809817768 0.269059146214958 0.269059146214958 0.187905323968114 0.187905323968114 0.178781308150677 0.178781308150677 0.114435781480267 0.114435781480267 0.136919495312108 0.136919495312108 0.128555511418912 0.128555511418912 0.133226095261378 0.133226095261378 0.0739860290931829 0.0739860290931829 0.189322203864529 0.189322203864529 0.438300489421593 0.438300489421593 0.0276342078912559 0.0276342078912559 0.0924561939246733 0.0924561939246733 0.0337294467794014 0.0337294467794014 0.0255306031139935 0.0255306031139935 0.0407489297791357 0.0407489297791357 0.389126494943882 0.389126494943882 0.244763035408213 0.244763035408213 0.240888146217555 0.240888146217555 0.333085484719564 0.333085484719564 0.690607237179838 0.690607237179838
0.0268837750868551 0.0268837750868551 0.00928041365081023 0.00928041365081023 0.043739438567028 0.043739438567028 0.109437348233332 0.109437348233332 0.21321314087557 0.21321314087557 0.199664852506095 0.199664852506095 0.238832760883144 0.238832760883144 0.150544629993247 0.150544629993247 0.0800648652114739 0.0800648652114739 0.0634234307705284 0.0634234307705284 0.0930039432334906 0.0930039432334906 0.142371505810397 0.142371505810397 0.0932735124188397 0.0932735124188397 0.0749855566132687 0.0749855566132687 0.171612128998152 0.171612128998152 0.0252243648874253 0.0252243648874253 0.0688109513656192 0.0688109513656192 0.0860447321106801 0.0860447321106801 0.0458819854011174 0.0458819854011174 0.0870964104640461 0.0870964104640461 0.121335078776933 0.121335078776933 0.0573644586858912 0.0573644586858912 0.278246179826599 0.278246179826599 0.283028834202292 0.283028834202292 0.551524448025643 0.551524448025643 0.510241814267218 0.510241814267218
0.070200443877898 0.070200443877898 0.123849969309755 0.123849969309755 0.180155335351034 0.180155335351034 0.28456081149981 0.28456081149981 0.200207015117305 0.200207015117305 0.281962581338237 0.281962581338237 0.130981481765627 0.130981481765627 0.0879882857322301 0.0879882857322301 0.117106550876045 0.117106550876045 0.0802749030454801 0.0802749030454801 0.0827588696993571 0.0827588696993571 0.0932740340688076 0.0932740340688076 0.137090474312929 0.137090474312929 0.132902305363828 0.132902305363828 0.0388787996722586 0.0388787996722586 0.0642177709435852 0.0642177709435852 0.107265873240201 0.107265873240201 0.133627347513516 0.133627347513516 0.113031250086979 0.113031250086979 0.231995729874289 0.231995729874289 0.171934458133625 0.171934458133625 0.124950433799138 0.124950433799138 0.407576165667746 0.407576165667746 0.111032363786373 0.111032363786373 0.259493267330366 0.259493267330366 0.163662839450583 0.163662839450583
0.18191933743629 0.18191933743629 0.17623593643199 0.17623593643199 0.0645984473714323 0.0645984473714323 0.0818597071430396 0.0818597071430396 0.113371722982692 0.113371722982692 0.187396614072097 0.187396614072097 0.243312701178824 0.243312701178824 0.0681856506625607 0.0681856506625607 0.0621740155860255 0.0621740155860255 0.0533146851202482 0.0533146851202482 0.0906913925424029 0.0906913925424029 0.092143332042373 0.092143332042373 0.0751000272084308 0.0751000272084308 0.0683060350904385 0.0683060350904385 0.0597030624952546 0.0597030624952546 0.0484651887227066 0.0484651887227066 0.0835838948972365 0.0835838948972365 0.124401999665644 0.124401999665644 0.148479673024446 0.148479673024446 0.181603222359316 0.181603222359316 0.136802314496084 0.136802314496084 0.0886611181662704 0.0886611181662704 0.195404558286717 0.195404558286717 0.157295933584785 0.157295933584785 0.157476439589042 0.157476439589042 0.251683015430826 0.251683015430826
0.0497028070296781 0.0497028070296781 0.043549888818512 0.043549888818512 0.0806616470501293 0.0806616470501293 0.0927431246344146 0.0927431246344146 0.145111121226476 0.145111121226476 0.10461815448707 0.10461815448707 0.159909927108722 0.159909927108722 0.087113357165302 0.087113357165302 0.0893473697028815 0.0893473697028815 0.0745955582372542 0.0745955582372542 0.0711815444261492 0.0711815444261492 0.0727990041254711 0.0727990041254711 0.0514958445211835 0.0514958445211835 0.033105937637389 0.033105937637389 0.0236682973081277 0.0236682973081277 0.0285299695441639 0.0285299695441639 0.052460227710587 0.052460227710587 0.0665773596603663 0.0665773596603663 0.196462830316954 0.196462830316954 0.170835680466075 0.170835680466075 0.144347274329172 0.144347274329172 0.0611479589075263 0.0611479589075263 0.0506590243499874 0.0506590243499874 0.254199085127131 0.254199085127131 0.118794342818945 0.118794342818945 0.170025625148149 0.170025625148149
0.0268217379538824 0.0268217379538824 0.0540765060379327 0.0540765060379327 0.122887317510289 0.122887317510289 0.100560033118324 0.100560033118324 0.107316593407555 0.107316593407555 0.134040676431307 0.134040676431307 0.101636815416653 0.101636815416653 0.0952471820812943 0.0952471820812943 0.145015198274493 0.145015198274493 0.0753084292663688 0.0753084292663688 0.0597811298649007 0.0597811298649007 0.0656205926014923 0.0656205926014923 0.0358208462862404 0.0358208462862404 0.0304903369465657 0.0304903369465657 0.0421286281872488 0.0421286281872488 0.0535808275879599 0.0535808275879599 0.0555229718000652 0.0555229718000652 0.264387886787792 0.264387886787792 0.126328944880117 0.126328944880117 0.0848925470051567 0.0848925470051567 0.0417411247717145 0.0417411247717145 0.0203301202053465 0.0203301202053465 0.283241062299461 0.283241062299461 0.346867338576453 0.346867338576453 0.949038316757404 0.949038316757404 0.332048670163514 0.332048670163514
0.0424188530530836 0.0424188530530836 0.0848498329809593 0.0848498329809593 0.0744211245620758 0.0744211245620758 0.0696439381048888 0.0696439381048888 0.0573524415041695 0.0573524415041695 0.0620082756998697 0.0620082756998697 0.132253517250646 0.132253517250646 0.0809707156249055 0.0809707156249055 0.103468228009304 0.103468228009304 0.0844541643421552 0.0844541643421552 0.0367669057132602 0.0367669057132602 0.0266407782443561 0.0266407782443561 0.0342382271541977 0.0342382271541977 0.0455210182330319 0.0455210182330319 0.0531199548148555 0.0531199548148555 0.0514960732347531 0.0514960732347531 0.354727679216176 0.354727679216176 0.0465721088799718 0.0465721088799718 0.0612724543010501 0.0612724543010501 0.14008427410578 0.14008427410578 0.0459234849093815 0.0459234849093815 0.0118066946679261 0.0118066946679261 0.268050916637024 0.268050916637024 0.246297558652157 0.246297558652157 0.403108086756981 0.403108086756981 0.28709951360149 0.28709951360149
0.0544704294288958 0.0544704294288958 0.0734990209871935 0.0734990209871935 0.0725092071074205 0.0725092071074205 0.0376685333729094 0.0376685333729094 0.0853682160641138 0.0853682160641138 0.053142874786531 0.053142874786531 0.0762545997368416 0.0762545997368416 0.0848473662169535 0.0848473662169535 0.0920837370470491 0.0920837370470491 0.116722400542359 0.116722400542359 0.0795499920505414 0.0795499920505414 0.048867138646437 0.048867138646437 0.0420907896785925 0.0420907896785925 0.0635500835299363 0.0635500835299363 0.0730212149557206 0.0730212149557206 0.0176277483328895 0.0176277483328895 0.0242802101441666 0.0242802101441666 0.0255394787929715 0.0255394787929715 0.0885157111873851 0.0885157111873851 0.0961704343023955 0.0961704343023955 0.03727096952863 0.03727096952863 0.0418938104070832 0.0418938104070832 0.0708620187799549 0.0708620187799549 0.251019924245242 0.251019924245242 0.299596509189236 0.299596509189236 2.39086046652891 2.39086046652891
0.112702661319751 0.112702661319751 0.108791991132813 0.108791991132813 0.0629677637699455 0.0629677637699455 0.0658440440093988 0.0658440440093988 0.017703021855991 0.017703021855991 0.0790954353002475 0.0790954353002475 0.123549020126531 0.123549020126531 0.115190221033282 0.115190221033282 0.119885437587285 0.119885437587285 0.130419034592656 0.130419034592656 0.0726032608010589 0.0726032608010589 0.0462813832844577 0.0462813832844577 0.0633475517226949 0.0633475517226949 0.0563926235413696 0.0563926235413696 0.0374912311523119 0.0374912311523119 0.0372188347885927 0.0372188347885927 0.0421047747100998 0.0421047747100998 0.0316773886591313 0.0316773886591313 0.0930054772627145 0.0930054772627145 0.0909281901877836 0.0909281901877836 0.048786266909451 0.048786266909451 0.0735588927042932 0.0735588927042932 0.180231381619417 0.180231381619417 0.903218197840206 0.903218197840206 1.21394566039782 1.21394566039782 0.808001363485875 0.808001363485875
0.211631331228692 0.211631331228692 0.221203231826132 0.221203231826132 0.735831242935665 0.735831242935665 0.142091833170259 0.142091833170259 0.0917430515267867 0.0917430515267867 0.131134697692829 0.131134697692829 0.182912412952115 0.182912412952115 0.165927647586603 0.165927647586603 0.114955218060881 0.114955218060881 0.117609076290967 0.117609076290967 0.0844193920587522 0.0844193920587522 0.0818782833097769 0.0818782833097769 0.0922831546639786 0.0922831546639786 0.0700883599060489 0.0700883599060489 0.0205936832385867 0.0205936832385867 0.031298637237831 0.031298637237831 0.0868650338224231 0.0868650338224231 0.0364750363341304 0.0364750363341304 0.0932619381715531 0.0932619381715531 0.129013506269242 0.129013506269242 0.212261086852984 0.212261086852984 0.0933163125955412 0.0933163125955412 0.298485649309008 0.298485649309008 1.12802420535594 1.12802420535594 0.883564711606801 0.883564711606801 0.368957514724273 0.368957514724273
0.392990550627135 0.392990550627135 0.558655777212526 0.558655777212526 0.513681612026103 0.513681612026103 0.183253534576656 0.183253534576656 0.0683551138993219 0.0683551138993219 0.125822640512035 0.125822640512035 0.195338045215115 0.195338045215115 0.177620906248083 0.177620906248083 0.129849699112537 0.129849699112537 0.20992740894313 0.20992740894313 0.215624143120979 0.215624143120979 0.188022049042542 0.188022049042542 0.122572829821925 0.122572829821925 0.0902896702747498 0.0902896702747498 0.0635196367657886 0.0635196367657886 0.0294618236048945 0.0294618236048945 0.0837847388970194 0.0837847388970194 0.0752470289077116 0.0752470289077116 0.0352422146777687 0.0352422146777687 0.109555325478339 0.109555325478339 0.136432967795823 0.136432967795823 0.0902785467758243 0.0902785467758243 0.0766546441135776 0.0766546441135776 1.05972365389149 1.05972365389149 0.618555674218748 0.618555674218748 0.345332797071107 0.345332797071107
0.379635016489668 0.379635016489668 0.49382366425003 0.49382366425003 0.596592923412324 0.596592923412324 0.149297162145214 0.149297162145214 0.0958673882796195 0.0958673882796195 0.12787114572119 0.12787114572119 0.171469680480444 0.171469680480444 0.176760125630901 0.176760125630901 0.242963155633355 0.242963155633355 0.2594114629734 0.2594114629734 0.488253837498457 0.488253837498457 0.220856152770637 0.220856152770637 0.11844033289735 0.11844033289735 0.0911182863868423 0.0911182863868423 0.091614946731799 0.091614946731799 0.1477471863271 0.1477471863271 0.0840966755843182 0.0840966755843182 0.154515955310875 0.154515955310875 0.129337692797701 0.129337692797701 0.259717204636009 0.259717204636009 0.1410543981109 0.1410543981109 0.0532694843583481 0.0532694843583481 0.175832529223368 0.175832529223368 0.30720073448638 0.30720073448638 0.319538336673893 0.319538336673893 0.295320354594102 0.295320354594102
0.162452858512466 0.162452858512466 0.190808216367393 0.190808216367393 0.236316289596705 0.236316289596705 0.108370961502376 0.108370961502376 0.0951837330070351 0.0951837330070351 0.180109648145806 0.180109648145806 0.178814270527762 0.178814270527762 0.240250992443666 0.240250992443666 0.340443897333629 0.340443897333629 0.565283497816479 0.565283497816479 0.588109063199554 0.588109063199554 0.339411029020472 0.339411029020472 0.150503030922682 0.150503030922682 0.16769973093649 0.16769973093649 0.109556633019667 0.109556633019667 0.0930365041665182 0.0930365041665182 0.122205449111762 0.122205449111762 0.231314248403683 0.231314248403683 0.338951172969971 0.338951172969971 0.461496789639947 0.461496789639947 0.242817380072845 0.242817380072845 0.276246856840347 0.276246856840347 0.295324493673499 0.295324493673499 0.366595462467878 0.366595462467878 0.478931220610156 0.478931220610156 0.288274280614508 0.288274280614508
0.138849460240289 0.138849460240289 0.157197923667836 0.157197923667836 0.130913688866461 0.130913688866461 0.0730235339995218 0.0730235339995218 0.128823845574092 0.128823845574092 0.190724536468796 0.190724536468796 0.235397185994849 0.235397185994849 0.304172665993782 0.304172665993782 0.61712765093203 0.61712765093203 0.712526063132684 0.712526063132684 0.485371476975721 0.485371476975721 0.263448871959488 0.263448871959488 0.189431707064281 0.189431707064281 0.143475967459819 0.143475967459819 0.125300188586181 0.125300188586181 0.0965743588835699 0.0965743588835699 0.110716101694431 0.110716101694431 0.218571831982962 0.218571831982962 0.152245028597669 0.152245028597669 0.15518371499947 0.15518371499947 0.313631368412605 0.313631368412605 0.620042353155826 0.620042353155826 0.392181489250413 0.392181489250413 0.303814396636062 0.303814396636062 0.338245725074116 0.338245725074116 0.34825305362949 0.34825305362949
0.0755673010675084 0.0755673010675084 0.0688789788860287 0.0688789788860287 0.0943513131108087 0.0943513131108087 0.0841593395737461 0.0841593395737461 0.120679959555911 0.120679959555911 0.18089207331889 0.18089207331889 0.255780724986397 0.255780724986397 0.536473838841995 0.536473838841995 0.709572325270053 0.709572325270053 0.777810776434813 0.777810776434813 0.235915311012364 0.235915311012364 0.225287305103542 0.225287305103542 0.127753346475273 0.127753346475273 0.12506728362939 0.12506728362939 0.0683609019330569 0.0683609019330569 0.0411982485143163 0.0411982485143163 0.117148440308387 0.117148440308387 0.262940112539463 0.262940112539463 0.13559504734586 0.13559504734586 0.0307142192776253 0.0307142192776253 0.969024483756849 0.969024483756849 0.813642097259022 0.813642097259022 0.336557851315858 0.336557851315858 0.191459446956332 0.191459446956332 0.260498133265299 0.260498133265299 0.47474452934714 0.47474452934714
0.0408597626946137 0.0408597626946137 0.0212206966525736 0.0212206966525736 0.0680535684413073 0.0680535684413073 0.0618994123659322 0.0618994123659322 0.130992465416153 0.130992465416153 0.182628008348641 0.182628008348641 0.282401642610567 0.282401642610567 0.517461522707044 0.517461522707044 0.81311754229672 0.81311754229672 0.465398764457489 0.465398764457489 0.18208177656381 0.18208177656381 0.162538219770626 0.162538219770626 0.147812591468566 0.147812591468566 0.185822235716034 0.185822235716034 0.0908905458596774 0.0908905458596774 0.107334335535449 0.107334335535449 0.176429565488204 0.176429565488204 0.321717821529875 0.321717821529875 0.357521451226657 0.357521451226657 0.561990365450927 0.561990365450927 0.93935858703265 0.93935858703265 1.49076052597565 1.49076052597565 0.696166729161613 0.696166729161613 0.131451274798492 0.131451274798492 0.275083058178424 0.275083058178424 0.508214159837719 0.508214159837719
0.067073999990414 0.067073999990414 0.0312190870360474 0.0312190870360474 0.058841979889223 0.058841979889223 0.0293997462591691 0.0293997462591691 0.0827409314336023 0.0827409314336023 0.169738666816801 0.169738666816801 0.275872602962715 0.275872602962715 0.385368179456111 0.385368179456111 0.709196505503548 0.709196505503548 0.408126619075748 0.408126619075748 0.202403639350099 0.202403639350099 0.138783407345103 0.138783407345103 0.2178360049514 0.2178360049514 0.324823661832526 0.324823661832526 0.124305318183008 0.124305318183008 0.158890790584813 0.158890790584813 0.167778898845811 0.167778898845811 0.32694688459133 0.32694688459133 0.397004328063593 0.397004328063593 0.59575185225175 0.59575185225175 0.900137779028957 0.900137779028957 0.577278748544226 0.577278748544226 0.555430329284075 0.555430329284075 0.252129639028824 0.252129639028824 0.361444704753483 0.361444704753483 0.394436388777702 0.394436388777702
0.0751553970987269 0.0751553970987269 0.0521729411812462 0.0521729411812462 0.0675350278698779 0.0675350278698779 0.206570350957254 0.206570350957254 0.0490504233529994 0.0490504233529994 0.177167807873548 0.177167807873548 0.25510307332373 0.25510307332373 0.411596756395538 0.411596756395538 0.401265182080804 0.401265182080804 0.208672589643767 0.208672589643767 0.166992058281752 0.166992058281752 0.113710364702972 0.113710364702972 0.255391310188638 0.255391310188638 0.437185625315979 0.437185625315979 0.185096373872418 0.185096373872418 0.0782869775444546 0.0782869775444546 0.28407675245625 0.28407675245625 0.434009284321032 0.434009284321032 0.452965303862497 0.452965303862497 0.523487021811488 0.523487021811488 0.72077682574076 0.72077682574076 0.449817847004397 0.449817847004397 0.452448380663495 0.452448380663495 0.663580337977819 0.663580337977819 0.384594518337637 0.384594518337637 0.219457245853453 0.219457245853453
0.0553344743478636 0.0553344743478636 0.055869705309074 0.055869705309074 0.0919429221082073 0.0919429221082073 0.297126845860852 0.297126845860852 0.0559472155913125 0.0559472155913125 0.173215460120391 0.173215460120391 0.291936422201972 0.291936422201972 0.253041726125167 0.253041726125167 0.284525516115586 0.284525516115586 0.19774319104877 0.19774319104877 0.132373909675393 0.132373909675393 0.0886729316648323 0.0886729316648323 0.312466419776311 0.312466419776311 0.813178880791031 0.813178880791031 0.447199567831978 0.447199567831978 0.0570617504368636 0.0570617504368636 0.282755601508223 0.282755601508223 0.337559949133785 0.337559949133785 0.672767729077193 0.672767729077193 0.647019642904734 0.647019642904734 0.589379104943238 0.589379104943238 0.39117297602741 0.39117297602741 1.47032329843566 1.47032329843566 0.711695018362482 0.711695018362482 0.445741742099379 0.445741742099379 0.173465639100964 0.173465639100964
