data/dist_ran.forest_solea.solea_summer.asc
NCOLS 260 
NROWS 120 
XLLCORNER -3 
YLLCORNER 51 
CELLSIZE 0.05 
NODATA_value -9999 
[rows 23 to 45 of 120, columns 106 to 158 of 260]
0.00537146248917786 0.00537146248917786 0.00537146248917786 0.00537146248917786 0.00102493870557008 0.00102493870557008 0.0193247274623762 0.0193247274623762 0.0220888669783821 0.0220888669783821 0.0238605143765829 0.0238605143765829 0.0689575012348409 0.0689575012348409 0.0376201013432624 0.0376201013432624 0.0319515483447408 0.0319515483447408 0.0304797244931505 0.0304797244931505 0.112053675594185 0.112053675594185 0.0689539358704323 0.0689539358704323 1.82895222608061 1.82895222608061 0.253678180018096 0.253678180018096 0.122148865437693 0.122148865437693 0.0604688041694854 0.0604688041694854 0.0723432360956864 0.0723432360956864 0.0504371883907706 0.0504371883907706 0.0268177036993029 0.0268177036993029 0.0480744428951323 0.0480744428951323 0.0544999401647139 0.0544999401647139 0.0725018752768121 0.0725018752768121 0.0727775625767946 0.0727775625767946 0.0890851634941749 0.0890851634941749 0.150238737539334 0.150238737539334 0.637519655042516 0.637519655042516 0.768198692801304
0.00537146248917786 0.00537146248917786 0.00656610752045306 0.00656610752045306 0.0296946353625738 0.0296946353625738 0.0111767302672636 0.0111767302672636 0.00960968428507258 0.00960968428507258 0.0190589954487743 0.0190589954487743 0.0402557530712746 0.0402557530712746 0.0227391398088954 0.0227391398088954 0.10462781317366 0.10462781317366 0.13247950255893 0.13247950255893 0.491880321306716 0.491880321306716 0.440914887713088 0.440914887713088 0.635014294904511 0.635014294904511 0.112467776925089 0.112467776925089 0.0466322745443495 0.0466322745443495 0.000972712448716218 0.000972712448716218 0.0577934145735099 0.0577934145735099 0.222262340297503 0.222262340297503 0.199153805182782 0.199153805182782 0.158163345472685 0.158163345472685 0.122024313285374 0.122024313285374 0.0747218927757722 0.0747218927757722 0.0516462304935115 0.0516462304935115 0.0810437183359174 0.0810437183359174 0.0842964798406438 0.0842964798406438 0.4488205722467 0.4488205722467 0.500166657536445
0.0160555388797117 0.0160555388797117 0.0125237055150109 0.0125237055150109 0.0125237055150111 0.0125237055150111 0.00598690781498168 0.00598690781498168 0.00598690781498168 0.00598690781498168 0.023952580160749 0.023952580160749 0.0992348980591133 0.0992348980591133 0.249874114170761 0.249874114170761 0.308578656124885 0.308578656124885 0.182410573149764 0.182410573149764 0.197245628863153 0.197245628863153 0.266537023089864 0.266537023089864 0.208255782263915 0.208255782263915 0.0915097120736674 0.0915097120736674 0.0148105478431475 0.0148105478431475 0.0305342129659874 0.0305342129659874 0.0257488878714371 0.0257488878714371 0.0707178974589699 0.0707178974589699 0.158484969107107 0.158484969107107 0.0715487326204436 0.0715487326204436 0.0217487756902637 0.0217487756902637 0.080620739048322 0.080620739048322 0.104944320266654 0.104944320266654 0.253317152601807 0.253317152601807 0.588251887363942 0.588251887363942 0.652491520974499 0.652491520974499 0.283031344803597
0.014992159101608 0.014992159101608 0.00771029976216431 0.00771029976216431 0.00138465383562569 0.00138465383562569 0.0156153883056982 0.0156153883056982 0.00327211545373385 0.00327211545373385 0.241400252442521 0.241400252442521 0.465170933897191 0.465170933897191 0.31952342672552 0.31952342672552 0.149140969176988 0.149140969176988 0.147678469231049 0.147678469231049 0.116398428688885 0.116398428688885 0.192174365083718 0.192174365083718 0.0906782586646275 0.0906782586646275 0.0287581102220464 0.0287581102220464 0.0537313612745238 0.0537313612745238 0.0578750281498979 0.0578750281498979 0.0609618945884616 0.0609618945884616 0.0547166476963454 0.0547166476963454 0.0777195407186253 0.0777195407186253 0.0817337319446534 0.0817337319446534 0.297683053982788 0.297683053982788 0.340292102649702 0.340292102649702 0.378886960461326 0.378886960461326 0.363131876218551 0.363131876218551 0.936996241068603 0.936996241068603 1.65826123893611 1.65826123893611 0.164386499085715
0.0145737338135754 0.0145737338135754 0.0222174468649943 0.0222174468649943 0.0410150421098672 0.0410150421098672 0.0931618816028175 0.0931618816028175 0.524108405592018 0.524108405592018 0.292604141815608 0.292604141815608 0.216426385364427 0.216426385364427 0.211984589268654 0.211984589268654 0.154329496835011 0.154329496835011 0.19082608445982 0.19082608445982 0.203852321038359 0.203852321038359 0.186145631757885 0.186145631757885 0.103491374697784 0.103491374697784 0.278694811368715 0.278694811368715 0.629016607984241 0.629016607984241 0.0307479256250178 0.0307479256250178 0.10911233019576 0.10911233019576 0.0657327758919157 0.0657327758919157 0.0602256789967535 0.0602256789967535 0.0715895480451898 0.0715895480451898 0.664670812905463 0.664670812905463 0.396864345599255 0.396864345599255 0.371777279404562 0.371777279404562 0.505693172919429 0.505693172919429 1.15093267193493 1.15093267193493 3.24444204268049 3.24444204268049 0.203790975842612
0.00928041365081023 0.00928041365081023 0.0522278445456914 0.0522278445456914 0.118788563244561 0.118788563244561 0.203912353289539 0.203912353289539 0.236047746291197 0.236047746291197 0.363294780658838 0.363294780658838 0.235755044435757 0.235755044435757 0.22525692841193 0.22525692841193 0.165570196691992 0.165570196691992 0.202784061294422 0.202784061294422 0.274235960427879 0.274235960427879 0.173995405702428 0.173995405702428 0.112617434223966 0.112617434223966 0.231769619741003 0.231769619741003 0.0371700792975216 0.0371700792975216 0.108954352447677 0.108954352447677 0.139725142101267 0.139725142101267 0.126515573504034 0.126515573504034 0.169440339543983 0.169440339543983 0.262941145502348 0.262941145502348 0.149609271146016 0.149609271146016 0.439785158839437 0.439785158839437 0.394908967042643 0.394908967042643 0.930960110611826 0.930960110611826 0.73361666860845 0.73361666860845 0.379487906274567 0.379487906274567 0.213423461284844
0.13683311919345 0.13683311919345 0.192100880121031 0.192100880121031 0.289305806419569 0.289305806419569 0.231968991609049 0.231968991609049 0.423395111608836 0.423395111608836 0.265989878498622 0.265989878498622 0.164541081016217 0.164541081016217 0.187729787831963 0.187729787831963 0.208225013777105 0.208225013777105 0.240337539714419 0.240337539714419 0.244452584747191 0.244452584747191 0.203130283286545 0.203130283286545 0.172081221451553 0.172081221451553 0.0580969308874792 0.0580969308874792 0.0978007321533783 0.0978007321533783 0.199839993785935 0.199839993785935 0.256510169878166 0.256510169878166 0.301967066448022 0.301967066448022 0.644391563868103 0.644391563868103 0.42438058565398 0.42438058565398 0.278747282399808 0.278747282399808 0.649473475711094 0.649473475711094 0.115363351669148 0.115363351669148 0.297027003702319 0.297027003702319 0.23473955715629 0.23473955715629 0.334530007247501 0.334530007247501 0.32029656738117
0.17000151715694 0.17000151715694 0.0878059375211671 0.0878059375211671 0.123357443191525 0.123357443191525 0.262104079177039 0.262104079177039 0.307646203093604 0.307646203093604 0.411182031798454 0.411182031798454 0.251173201701467 0.251173201701467 0.141177719675039 0.141177719675039 0.134315929373636 0.134315929373636 0.182608616669891 0.182608616669891 0.167760599345909 0.167760599345909 0.117407265662277 0.117407265662277 0.123521015793343 0.123521015793343 0.0913778451567304 0.0913778451567304 0.128070181567031 0.128070181567031 0.158752859321012 0.158752859321012 0.247628462366601 0.247628462366601 0.398372254083357 0.398372254083357 0.414688347566653 0.414688347566653 0.358880990331701 0.358880990331701 0.146757056057022 0.146757056057022 0.291223254025023 0.291223254025023 0.182039772234488 0.182039772234488 0.163918530056871 0.163918530056871 0.286462525908009 0.286462525908009 0.382773381037544 0.382773381037544 0.569661232082812
0.0614192196225485 0.0614192196225485 0.111881996397907 0.111881996397907 0.186676344741748 0.186676344741748 0.337294346502255 0.337294346502255 0.312426181018348 0.312426181018348 0.450452437474278 0.450452437474278 0.235073006945615 0.235073006945615 0.205750137921176 0.205750137921176 0.159436749003232 0.159436749003232 0.126450298179556 0.126450298179556 0.124343244779157 0.124343244779157 0.101171331695012 0.101171331695012 0.067333208894514 0.067333208894514 0.0503888068401512 0.0503888068401512 0.0700025863367839 0.0700025863367839 0.138527538433796 0.138527538433796 0.20718423603336 0.20718423603336 0.389809409275015 0.389809409275015 0.384581637434505 0.384581637434505 0.218908024957922 0.218908024957922 0.0614582965042014 0.0614582965042014 0.0564739243495325 0.0564739243495325 0.234537122571344 0.234537122571344 0.109523950520399 0.109523950520399 0.137654431758746 0.137654431758746 0.111513421312981 0.111513421312981 0.273601211624217
0.103976605440649 0.103976605440649 0.222275336367929 0.222275336367929 0.221552308336438 0.221552308336438 0.229681799810984 0.229681799810984 0.398433108530556 0.398433108530556 0.307039638421634 0.307039638421634 0.21868319566366 0.21868319566366 0.267074802160067 0.267074802160067 0.142044147611911 0.142044147611911 0.069737314583858 0.069737314583858 0.109625621357993 0.109625621357993 0.0388711767580592 0.0388711767580592 0.0344528537878566 0.0344528537878566 0.0833431466650667 0.0833431466650667 0.101180522366642 0.101180522366642 0.202400176144382 0.202400176144382 0.504567130669816 0.504567130669816 0.116071299177755 0.116071299177755 0.126056364153977 0.126056364153977 0.0506226170504198 0.0506226170504198 0.0280344946667952 0.0280344946667952 0.318101850728563 0.318101850728563 0.449000280340512 0.449000280340512 1.14863197072959 1.14863197072959 0.324353704618171 0.324353704618171 0.076558641785766 0.076558641785766 0.420413487968462
0.212101487645962 0.212101487645962 0.156708530498191 0.156708530498191 0.201416658916407 0.201416658916407 0.187511958119549 0.187511958119549 0.156804207674548 0.156804207674548 0.357140957119 0.357140957119 0.234658529667628 0.234658529667628 0.249052748068664 0.249052748068664 0.17735605832823 0.17735605832823 0.0597297483080397 0.0597297483080397 0.0670289431873159 0.0670289431873159 0.0639642109214698 0.0639642109214698 0.101855903530958 0.101855903530958 0.118602477396905 0.118602477396905 0.173818100979596 0.173818100979596 0.72456341831707 0.72456341831707 0.0849258015027041 0.0849258015027041 0.0469099923766088 0.0469099923766088 0.147361201471526 0.147361201471526 0.0742272673401201 0.0742272673401201 0.0148241866629844 0.0148241866629844 0.346250117782866 0.346250117782866 0.332397407847231 0.332397407847231 0.452358463099218 0.452358463099218 0.236063295516787 0.236063295516787 0.177653599056089 0.177653599056089 0.581105344943366
0.14926037770067 0.14926037770067 0.186936278693628 0.186936278693628 0.110272113231983 0.110272113231983 0.189367793395803 0.189367793395803 0.116288236620643 0.116288236620643 0.209092473402154 0.209092473402154 0.242426137134304 0.242426137134304 0.309075723748437 0.309075723748437 0.377020731121065 0.377020731121065 0.236425581365496 0.236425581365496 0.212921296823104 0.212921296823104 0.215053243039121 0.215053243039121 0.190210141072578 0.190210141072578 0.252454640980073 0.252454640980073 0.0802738746795253 0.0802738746795253 0.0335982782305244 0.0335982782305244 0.043329500436881 0.043329500436881 0.10275136297113 0.10275136297113 0.0980863415811597 0.0980863415811597 0.0709080682012471 0.0709080682012471 0.0498036934127966 0.0498036934127966 0.105460324880487 0.105460324880487 0.363548152031278 0.363548152031278 0.316683781299519 0.316683781299519 1.94452019580598 1.94452019580598 0.286292801854465 0.286292801854465 0.737626050785374
0.206639842144052 0.206639842144052 0.158720660881771 0.158720660881771 0.127536345989586 0.127536345989586 0.0438383199803232 0.0438383199803232 0.168372025522706 0.168372025522706 0.308337794479359 0.308337794479359 0.374339548512939 0.374339548512939 0.433870650202836 0.433870650202836 0.467479579238167 0.467479579238167 0.300982855248512 0.300982855248512 0.271995458101175 0.271995458101175 0.366037204421016 0.366037204421016 0.396127208819538 0.396127208819538 0.215668533043295 0.215668533043295 0.0516493747428024 0.0516493747428024 0.0635301173790783 0.0635301173790783 0.0549380508077244 0.0549380508077244 0.105113063971623 0.105113063971623 0.0752621999878362 0.0752621999878362 0.0366117574068996 0.0366117574068996 0.102459873807438 0.102459873807438 0.25559222831026 0.25559222831026 1.1361367039869 1.1361367039869 1.16481744725878 1.16481744725878 0.700318743352797 0.700318743352797 0.188067428442788 0.188067428442788 0.534983495881413
0.417989667518925 0.417989667518925 1.61099429851224 1.61099429851224 0.289254622736094 0.289254622736094 0.245737799451224 0.245737799451224 0.319722297399347 0.319722297399347 0.497222687432513 0.497222687432513 0.46253150430273 0.46253150430273 0.470915483439485 0.470915483439485 0.403398469066422 0.403398469066422 0.328684020185055 0.328684020185055 0.378920308046531 0.378920308046531 0.467664872258702 0.467664872258702 0.393886478128957 0.393886478128957 0.150424788031595 0.150424788031595 0.0603986973928012 0.0603986973928012 0.146468353467398 0.146468353467398 0.0817050504970176 0.0817050504970176 0.127861803813477 0.127861803813477 0.118537899104458 0.118537899104458 0.198354049601135 0.198354049601135 0.100060063888819 0.100060063888819 0.35789519417891 0.35789519417891 1.48842619233722 1.48842619233722 1.02640128171103 1.02640128171103 0.362962766405561 0.362962766405561 1.08365657331319 1.08365657331319 0.658774106047682
1.17715197778246 1.17715197778246 1.0527460193871 1.0527460193871 0.384391209697892 0.384391209697892 0.25154315633346 0.25154315633346 0.430441734551776 0.430441734551776 0.569801019952422 0.569801019952422 0.53204820730694 0.53204820730694 0.538905459947979 0.538905459947979 0.689629186549814 0.689629186549814 0.645924252968498 0.645924252968498 0.60558829523269 0.60558829523269 0.513205711950798 0.513205711950798 0.336568491125993 0.336568491125993 0.152516599813126 0.152516599813126 0.0791935389167995 0.0791935389167995 0.190327045836709 0.190327045836709 0.149526762060646 0.149526762060646 0.0951969013092802 0.0951969013092802 0.111558460779418 0.111558460779418 0.115451105922653 0.115451105922653 0.108200023121981 0.108200023121981 0.0943856114010972 0.0943856114010972 1.49610708245989 1.49610708245989 0.752439708768919 0.752439708768919 0.432629502066855 0.432629502066855 0.711725163939026 0.711725163939026 2.88931765579161
1.09924338475945 1.09924338475945 1.05476091432332 1.05476091432332 0.386233372491047 0.386233372491047 0.369320860559375 0.369320860559375 0.445912929269902 0.445912929269902 0.560514922544476 0.560514922544476 0.550896562283793 0.550896562283793 0.749797525187027 0.749797525187027 0.807947722826196 0.807947722826196 1.21967723543173 1.21967723543173 0.539649070273853 0.539649070273853 0.364329003715424 0.364329003715424 0.297386953183358 0.297386953183358 0.263867138743443 0.263867138743443 0.550272546006185 0.550272546006185 0.205460591273915 0.205460591273915 0.222498393246147 0.222498393246147 0.236971370130804 0.236971370130804 0.213204655650141 0.213204655650141 0.116806341227741 0.116806341227741 0.109647159703252 0.109647159703252 0.262518242621965 0.262518242621965 0.442437841462744 0.442437841462744 0.38740062667156 0.38740062667156 0.549576778771792 0.549576778771792 0.568336072404076 0.568336072404076 1.28328468469329
0.4332130239441 0.4332130239441 0.493494736649889 0.493494736649889 0.41156647369798 0.41156647369798 0.402119579072334 0.402119579072334 0.640614379838027 0.640614379838027 0.737859672606914 0.737859672606914 0.747345457142358 0.747345457142358 1.0631129690973 1.0631129690973 1.52076455951738 1.52076455951738 1.43809190910061 1.43809190910061 0.666392065449878 0.666392065449878 0.401445438722564 0.401445438722564 0.394602564920376 0.394602564920376 0.300679410719979 0.300679410719979 0.315491308262063 0.315491308262063 0.251106534374913 0.251106534374913 0.4023056774138 0.4023056774138 0.504251109311701 0.504251109311701 0.43748199229214 0.43748199229214 0.298830536747652 0.298830536747652 0.418321876303155 0.418321876303155 0.473523452050141 0.473523452050141 0.528395280073648 0.528395280073648 0.80902554555858 0.80902554555858 0.602216431608399 0.602216431608399 0.787687042263714 0.787687042263714 1.27045674017638
0.347446979285752 0.347446979285752 0.390913186150493 0.390913186150493 0.334803620318118 0.334803620318118 0.575481677500208 0.575481677500208 0.699534973438568 0.699534973438568 0.826846261682123 0.826846261682123 1.00162458913254 1.00162458913254 1.71814528667598 1.71814528667598 1.99122544574591 1.99122544574591 1.05777825183944 1.05777825183944 0.534705352669682 0.534705352669682 0.412011402940223 0.412011402940223 0.352834966404474 0.352834966404474 0.362636658790862 0.362636658790862 0.294589695071249 0.294589695071249 0.237575915975454 0.237575915975454 0.413887441291228 0.413887441291228 0.28709307635656 0.28709307635656 0.259423145681093 0.259423145681093 0.415718297951275 0.415718297951275 0.889893577105907 0.889893577105907 0.595041879678305 0.595041879678305 0.53036730405178 0.53036730405178 0.657738164226711 0.657738164226711 0.600598536785909 0.600598536785909 0.647325643822076 0.647325643822076 0.598863305361137
0.255941027404121 0.255941027404121 0.324801717606875 0.324801717606875 0.432321384926072 0.432321384926072 0.543420920807346 0.543420920807346 0.677446566743526 0.677446566743526 0.928910276327793 0.928910276327793 1.48718131053558 1.48718131053558 1.97309659642545 1.97309659642545 1.97524976148489 1.97524976148489 0.449679601012429 0.449679601012429 0.495688542838529 0.495688542838529 0.28306650264673 0.28306650264673 0.426317330664591 0.426317330664591 0.255299799764169 0.255299799764169 0.176952492287637 0.176952492287637 0.199532600499993 0.199532600499993 0.567163636780683 0.567163636780683 0.322421738144816 0.322421738144816 0.137963801318413 0.137963801318413 1.05837727660408 1.05837727660408 1.1781284020288 1.1781284020288 0.366531543393062 0.366531543393062 0.335774156239678 0.335774156239678 0.501427499507942 0.501427499507942 0.668045581946363 0.668045581946363 0.69532951380434 0.69532951380434 0.815576763753754
0.272680107304689 0.272680107304689 0.357850227436366 0.357850227436366 0.39431254432423 0.39431254432423 0.589772655466043 0.589772655466043 0.759096496951153 0.759096496951153 0.948649272216996 0.948649272216996 1.44351933274497 1.44351933274497 2.05794388618589 2.05794388618589 1.03539587928817 1.03539587928817 0.42828110393595 0.42828110393595 0.478374925392371 0.478374925392371 0.415958951104753 0.415958951104753 0.482439386560901 0.482439386560901 0.240337081423384 0.240337081423384 0.212159788964855 0.212159788964855 0.283798133237176 0.283798133237176 0.819164372516863 0.819164372516863 0.808050247257004 0.808050247257004 1.04160920826674 1.04160920826674 1.45375299728808 1.45375299728808 2.46577413005197 2.46577413005197 1.08890052050397 1.08890052050397 0.390268292970785 0.390268292970785 0.434760818651866 0.434760818651866 0.67323134652114 0.67323134652114 0.825961624130566 0.825961624130566 0.809296947690595
0.304627283029729 0.304627283029729 0.30072803847198 0.30072803847198 0.111550555630119 0.111550555630119 0.571396635865064 0.571396635865064 0.807269296130788 0.807269296130788 1.022708296229 1.022708296229 1.14564796900755 1.14564796900755 1.76418888968088 1.76418888968088 0.859289649979627 0.859289649979627 0.507226047390818 0.507226047390818 0.431961151011559 0.431961151011559 0.514057326778621 0.514057326778621 0.785565602740402 0.785565602740402 0.234200582755994 0.234200582755994 0.248748266553456 0.248748266553456 0.395917441850357 0.395917441850357 0.973999071821209 0.973999071821209 0.927295690671387 0.927295690671387 1.12053888022664 1.12053888022664 1.42901466067762 1.42901466067762 0.845741271846668 0.845741271846668 1.08529093553771 1.08529093553771 0.55570087378725 0.55570087378725 0.541542896143915 0.541542896143915 0.779306530049666 0.779306530049666 0.883471425882429 0.883471425882429 0.614356087371695
0.324407510901414 0.324407510901414 0.272414845616788 0.272414845616788 0.692458878948746 0.692458878948746 0.488415285880109 0.488415285880109 0.845873872922112 0.845873872922112 0.994665855989162 0.994665855989162 1.23794942036592 1.23794942036592 1.03618324616396 1.03618324616396 0.571050405634227 0.571050405634227 0.450041045002622 0.450041045002622 0.3722767594948 0.3722767594948 0.734113784973623 0.734113784973623 0.991741164230371 0.991741164230371 0.51138772505439 0.51138772505439 0.203871347859309 0.203871347859309 0.703227935929235 0.703227935929235 1.16692069483364 1.16692069483364 1.07278724434585 1.07278724434585 1.09235387996329 1.09235387996329 1.30122583749753 1.30122583749753 0.752678735288287 0.752678735288287 0.987666992022961 0.987666992022961 1.04085415546499 1.04085415546499 0.538109352234381 0.538109352234381 0.44008791210406 0.44008791210406 0.297258009613065 0.297258009613065 0.253943532079028
0.344823717928902 0.344823717928902 0.387159557956406 0.387159557956406 1.04018809698463 1.04018809698463 0.457059427990729 0.457059427990729 0.901499776107892 0.901499776107892 1.17929131025128 1.17929131025128 0.783803745053355 0.783803745053355 0.972953098413883 0.972953098413883 0.616813297671564 0.616813297671564 0.405981063484538 0.405981063484538 0.326724370048735 0.326724370048735 0.933024987814857 0.933024987814857 1.97480069635145 1.97480069635145 1.18472162751442 1.18472162751442 0.422455186055748 0.422455186055748 0.839591356847165 0.839591356847165 0.965683834983908 0.965683834983908 1.59556308019985 1.59556308019985 1.40741790790499 1.40741790790499 1.23854149049689 1.23854149049689 0.843355520180691 0.843355520180691 3.18639214010891 3.18639214010891 0.764962553909891 0.764962553909891 0.611072513030063 0.611072513030063 0.452878345271875 0.452878345271875 0.581509742748768 0.581509742748768 0.971796796216398
