data/dist_ran.forest_pleuronectes.platessa_summer.asc
NCOLS 260 
NROWS 120 
XLLCORNER -3 
YLLCORNER 51 
CELLSIZE 0.05 
NODATA_value -9999 
[rows 23 to 45 of 120, columns 53 to 105 of 260]
59.306452546603 70.4596372920939 70.4596372920939 53.9887613549938 53.9887613549938 25.7295439827339 25.7295439827339 51.1859567538528 51.1859567538528 64.3528518393997 64.3528518393997 103.404229282349 103.404229282349 87.3565356663973 87.3565356663973 76.6772446309978 76.6772446309978 55.1190941485402 55.1190941485402 137.657058545706 137.657058545706 115.757313810674 115.757313810674 104.594592141446 104.594592141446 79.9423037033181 79.9423037033181 71.0433626192665 71.0433626192665 44.5337686535211 44.5337686535211 46.3612278248339 46.3612278248339 63.0889488190567 63.0889488190567 74.1837577007487 74.1837577007487 77.2673621414661 77.2673621414661 57.1475708462592 57.1475708462592 49.8002095013133 49.8002095013133 50.0558931688484 50.0558931688484 41.6314319904427 41.6314319904427 28.5812178569088 28.5812178569088 23.3032853561937 23.3032853561937 22.148601652319 22.148601652319
87.1609210080987 83.0372360780041 83.0372360780041 58.263392914871 58.263392914871 34.5281566895641 34.5281566895641 100.115153481163 100.115153481163 161.340249883518 161.340249883518 197.412288004283 197.412288004283 101.879246959997 101.879246959997 56.5892823501707 56.5892823501707 30.8732454562142 30.8732454562142 112.061108972999 112.061108972999 118.939211000686 118.939211000686 95.168682480424 95.168682480424 75.9970705300396 75.9970705300396 65.5176608006732 65.5176608006732 54.5136049459532 54.5136049459532 54.3122509930603 54.3122509930603 69.9893309597118 69.9893309597118 64.8153366219702 64.8153366219702 71.4105503632109 71.4105503632109 66.2292729180202 66.2292729180202 57.8737339851727 57.8737339851727 50.9765656520005 50.9765656520005 41.5904932530867 41.5904932530867 27.465432817344 27.465432817344 20.2340311089755 20.2340311089755 20.9071403854193 20.9071403854193
106.736390752673 85.3168641954358 85.3168641954358 69.5743248762921 69.5743248762921 77.045291096375 77.045291096375 167.83842050102 167.83842050102 186.50865926884 186.50865926884 207.535962337694 207.535962337694 106.412294920224 106.412294920224 26.3283881567774 26.3283881567774 33.4016327507078 33.4016327507078 73.734209394129 73.734209394129 102.071140707987 102.071140707987 90.3950941071114 90.3950941071114 86.3721816308679 86.3721816308679 70.7711629021338 70.7711629021338 60.2353327436249 60.2353327436249 61.4813039088222 61.4813039088222 69.7216118641659 69.7216118641659 53.6372732428353 53.6372732428353 72.9700857623975 72.9700857623975 79.2932805873876 79.2932805873876 85.9832429588819 85.9832429588819 70.3423063784397 70.3423063784397 51.3292802615249 51.3292802615249 35.0566218734508 35.0566218734508 24.6255080523701 24.6255080523701 19.5504022198057 19.5504022198057
84.540689912305 82.972625846226 82.972625846226 64.3699520020112 64.3699520020112 132.076362363186 132.076362363186 149.575758110985 149.575758110985 223.856264958268 223.856264958268 181.316650801472 181.316650801472 78.8180396568023 78.8180396568023 31.9691125438701 31.9691125438701 42.0347237039707 42.0347237039707 72.2875628214297 72.2875628214297 98.9516855062738 98.9516855062738 93.9577637159672 93.9577637159672 99.2660103109856 99.2660103109856 86.6289126851752 86.6289126851752 59.8550193857464 59.8550193857464 63.4106714086489 63.4106714086489 63.4140962003515 63.4140962003515 58.9009503979078 58.9009503979078 73.6493373746071 73.6493373746071 76.8949481510725 76.8949481510725 79.5097497483974 79.5097497483974 89.3490006512557 89.3490006512557 62.0696955850608 62.0696955850608 42.7567735584183 42.7567735584183 27.5948612234367 27.5948612234367 16.6892865412087 16.6892865412087
102.508007221505 102.222124383377 102.222124383377 78.3995035081073 78.3995035081073 88.7529443099513 88.7529443099513 135.667633407441 135.667633407441 212.587302696938 212.587302696938 366.224316471977 366.224316471977 65.104717651367 65.104717651367 40.1103076216342 40.1103076216342 41.5863192314423 41.5863192314423 78.0349731926487 78.0349731926487 70.9169752036248 70.9169752036248 69.9000003373613 69.9000003373613 73.4089231114808 73.4089231114808 66.5719755347658 66.5719755347658 62.2582390969887 62.2582390969887 58.7299617529193 58.7299617529193 72.1035873648506 72.1035873648506 61.1297859195333 61.1297859195333 68.3951436896729 68.3951436896729 68.1440073828507 68.1440073828507 68.4330043070917 68.4330043070917 71.4147174851363 71.4147174851363 56.0622209880193 56.0622209880193 40.4513721593649 40.4513721593649 42.2517295484282 42.2517295484282 39.5524455854154 39.5524455854154
101.930540258113 133.848156275041 133.848156275041 68.2854008748698 68.2854008748698 60.0427481793159 60.0427481793159 62.4826644247284 62.4826644247284 126.545619848832 126.545619848832 132.695387324195 132.695387324195 69.6853208474604 69.6853208474604 49.6687128720388 49.6687128720388 41.8313427331606 41.8313427331606 54.4519842835411 54.4519842835411 55.5196261591841 55.5196261591841 49.9043167116642 49.9043167116642 53.1081368703602 53.1081368703602 55.197130195627 55.197130195627 66.2558792947149 66.2558792947149 58.5962168960278 58.5962168960278 73.6726803125627 73.6726803125627 67.4278482798731 67.4278482798731 64.5885415737233 64.5885415737233 49.3284671100027 49.3284671100027 68.8009295547465 68.8009295547465 60.8616049582045 60.8616049582045 58.4013997955039 58.4013997955039 56.4361082858574 56.4361082858574 61.0823623553699 61.0823623553699 53.2059066340628 53.2059066340628
111.326010570387 149.171931675191 149.171931675191 75.7373215735859 75.7373215735859 43.2979945588718 43.2979945588718 45.4335043706577 45.4335043706577 59.897375669899 59.897375669899 58.9238763737037 58.9238763737037 50.6335566149301 50.6335566149301 51.5416801564272 51.5416801564272 52.9552798832087 52.9552798832087 57.5937373051379 57.5937373051379 57.3284816236083 57.3284816236083 50.6183667530415 50.6183667530415 50.370148555927 50.370148555927 48.8520016853892 48.8520016853892 53.7870713952036 53.7870713952036 56.2334988188362 56.2334988188362 52.9790856993698 52.9790856993698 52.1476549918572 52.1476549918572 60.6131805900249 60.6131805900249 65.7364316128916 65.7364316128916 50.4416515885845 50.4416515885845 56.4448928252552 56.4448928252552 55.8659747816281 55.8659747816281 55.5867455747734 55.5867455747734 62.4135173044991 62.4135173044991 73.5162303872732 73.5162303872732
116.459897363063 101.233951521491 101.233951521491 75.6133873967221 75.6133873967221 42.7988621845137 42.7988621845137 42.7647897649363 42.7647897649363 61.3470765120613 61.3470765120613 48.4303043782758 48.4303043782758 47.1140786059409 47.1140786059409 54.2496500923743 54.2496500923743 59.5939196993598 59.5939196993598 54.4942255511108 54.4942255511108 59.6104436713498 59.6104436713498 54.3481455063036 54.3481455063036 74.9731716286926 74.9731716286926 50.0913002662589 50.0913002662589 59.5709273724499 59.5709273724499 48.068321079646 48.068321079646 50.1927065349596 50.1927065349596 50.7438587144345 50.7438587144345 49.4985022840845 49.4985022840845 57.8091482550306 57.8091482550306 63.8585796776825 63.8585796776825 65.2872701132278 65.2872701132278 73.0174886699121 73.0174886699121 76.7549974678012 76.7549974678012 115.727573328923 115.727573328923 105.174350862787 105.174350862787
124.05909357961 20.5018648401387 20.5018648401387 40.8284186646747 40.8284186646747 46.3690762654641 46.3690762654641 40.8396014864161 40.8396014864161 58.7806725988984 58.7806725988984 39.2407553522621 39.2407553522621 42.7637144855506 42.7637144855506 38.6521739577336 38.6521739577336 72.4936856069065 72.4936856069065 67.0541173671823 67.0541173671823 56.7244762247824 56.7244762247824 48.9741745980233 48.9741745980233 86.9095927066106 86.9095927066106 69.8264208239827 69.8264208239827 75.4502953684124 75.4502953684124 47.7909473481845 47.7909473481845 72.7892586279779 72.7892586279779 75.5995105117664 75.5995105117664 75.8988506216927 75.8988506216927 72.9806145798894 72.9806145798894 81.321730971284 81.321730971284 85.2083413949262 85.2083413949262 95.5653218185283 95.5653218185283 112.485937967377 112.485937967377 97.569140805687 97.569140805687 91.6506531378423 91.6506531378423
91.7192849970534 38.1368728900574 38.1368728900574 34.3908599623427 34.3908599623427 44.3528970525224 44.3528970525224 45.7147930202614 45.7147930202614 43.1447700367688 43.1447700367688 33.9910158966815 33.9910158966815 51.423087051375 51.423087051375 26.1961159331948 26.1961159331948 55.6064975567906 55.6064975567906 52.1310827533153 52.1310827533153 55.7094199808036 55.7094199808036 70.291901174256 70.291901174256 99.5386527382946 99.5386527382946 91.8657608260082 91.8657608260082 76.6145119451377 76.6145119451377 54.0862827421945 54.0862827421945 69.0328671949756 69.0328671949756 89.2888581815237 89.2888581815237 96.9087863620313 96.9087863620313 98.8713089768188 98.8713089768188 112.420553597278 112.420553597278 95.0077421546801 95.0077421546801 101.869235942593 101.869235942593 96.0350964946468 96.0350964946468 95.2749748544315 95.2749748544315 107.491660303032 107.491660303032
73.7926754153304 44.0249353365867 44.0249353365867 62.0468966391429 62.0468966391429 52.8299349596105 52.8299349596105 47.1483683229065 47.1483683229065 42.9618844720752 42.9618844720752 26.1843445931638 26.1843445931638 35.7066743598011 35.7066743598011 36.6531330203579 36.6531330203579 19.1864648155304 19.1864648155304 45.8107760558398 45.8107760558398 47.7560321749268 47.7560321749268 111.300590281053 111.300590281053 106.72259087948 106.72259087948 136.127301686601 136.127301686601 89.9484225317391 89.9484225317391 76.827487361599 76.827487361599 109.497762755301 109.497762755301 88.1360073002751 88.1360073002751 55.8937379628628 55.8937379628628 83.8032930265421 83.8032930265421 112.506172859588 112.506172859588 94.134554099475 94.134554099475 40.1375447679408 40.1375447679408 107.568451264839 107.568451264839 129.752515873411 129.752515873411 113.073486127623 113.073486127623
47.7706003101565 49.7673572893 49.7673572893 56.8426674262511 56.8426674262511 64.9993835048332 64.9993835048332 53.9720070996256 53.9720070996256 41.5243873510865 41.5243873510865 30.7776480104211 30.7776480104211 33.4161169295905 33.4161169295905 44.6102627397766 44.6102627397766 37.8276629033536 37.8276629033536 33.431175400733 33.431175400733 52.5306074193923 52.5306074193923 108.34353685162 108.34353685162 128.87600286689 128.87600286689 151.883877314556 151.883877314556 99.07663149683 99.07663149683 76.5065974796098 76.5065974796098 90.7452371304977 90.7452371304977 78.1734408390397 78.1734408390397 87.6905149929922 87.6905149929922 79.296685163264 79.296685163264 133.295020361407 133.295020361407 147.214762537673 147.214762537673 113.587491098451 113.587491098451 145.147637574909 145.147637574909 144.441081383067 144.441081383067 134.676749215256 134.676749215256
36.6791975347936 85.4525053361677 85.4525053361677 97.205875608368 97.205875608368 60.1241949860494 60.1241949860494 55.9508363277068 55.9508363277068 37.981817141441 37.981817141441 34.6438214745677 34.6438214745677 35.7819743377576 35.7819743377576 40.321516508431 40.321516508431 40.552268242155 40.552268242155 39.4588349063644 39.4588349063644 44.5800527097069 44.5800527097069 124.919775624108 124.919775624108 117.301337150503 117.301337150503 200.234331968432 200.234331968432 83.8873139689762 83.8873139689762 51.8700646694656 51.8700646694656 75.8285181409829 75.8285181409829 79.7198270154929 79.7198270154929 54.8726236827542 54.8726236827542 172.52258844008 172.52258844008 145.769535880241 145.769535880241 79.2396490941394 79.2396490941394 132.697217331082 132.697217331082 135.777141029135 135.777141029135 135.728093537187 135.728093537187 155.517504804459 155.517504804459
22.6579126805055 27.9453309645355 27.9453309645355 35.1269107631772 35.1269107631772 63.659151782993 63.659151782993 53.3034546609646 53.3034546609646 47.7740125959259 47.7740125959259 43.5376352002926 43.5376352002926 40.0098570814009 40.0098570814009 38.7197513327751 38.7197513327751 39.8559307299352 39.8559307299352 40.6407409273582 40.6407409273582 46.6371400887742 46.6371400887742 105.483117129854 105.483117129854 111.314823587768 111.314823587768 129.353455599588 129.353455599588 74.3965666434031 74.3965666434031 79.5835463544775 79.5835463544775 96.9864406877263 96.9864406877263 108.843731406243 108.843731406243 98.4103780417942 98.4103780417942 108.032019136528 108.032019136528 95.9192475777264 95.9192475777264 136.253711365575 136.253711365575 97.4352482788438 97.4352482788438 109.5385802757 109.5385802757 148.710045971813 148.710045971813 157.539417542688 157.539417542688
24.1327566954773 19.5591745431188 19.5591745431188 25.4402765437467 25.4402765437467 50.2677048850776 50.2677048850776 54.255759010224 54.255759010224 51.2523864529466 51.2523864529466 43.7166680190786 43.7166680190786 26.026820061824 26.026820061824 40.2079044417049 40.2079044417049 36.387697848591 36.387697848591 41.7131738867988 41.7131738867988 45.7873985862618 45.7873985862618 61.3532040555298 61.3532040555298 85.9921737342818 85.9921737342818 96.6210345569723 96.6210345569723 77.7536953836519 77.7536953836519 78.0337374307014 78.0337374307014 121.181051412229 121.181051412229 131.04731162605 131.04731162605 69.3159673862415 69.3159673862415 131.099062043386 131.099062043386 119.250822575064 119.250822575064 132.401820266172 132.401820266172 127.019827882535 127.019827882535 149.876373888644 149.876373888644 158.215106191634 158.215106191634 150.125681383874 150.125681383874
23.5037928477783 23.4679803313976 23.4679803313976 19.875556436331 19.875556436331 37.8940764925246 37.8940764925246 47.7704537012722 47.7704537012722 49.4471807416445 49.4471807416445 44.0470425395001 44.0470425395001 38.5942234536316 38.5942234536316 38.7711362412479 38.7711362412479 38.1503702791433 38.1503702791433 41.4367157062466 41.4367157062466 54.7210564576447 54.7210564576447 69.7639841720268 69.7639841720268 83.1968229550765 83.1968229550765 86.7308538644091 86.7308538644091 75.7803205982635 75.7803205982635 107.616583696681 107.616583696681 119.328089643273 119.328089643273 75.8353548878176 75.8353548878176 66.0473688970131 66.0473688970131 132.554685692285 132.554685692285 131.208076764861 131.208076764861 137.809782481019 137.809782481019 128.444401500112 128.444401500112 152.546538910799 152.546538910799 149.461647899422 149.461647899422 158.377476471204 158.377476471204
22.7795150461264 23.7084529274228 23.7084529274228 21.8281582670643 21.8281582670643 36.7330640293259 36.7330640293259 39.9967090758979 39.9967090758979 48.8566344625894 48.8566344625894 40.5322257942784 40.5322257942784 41.9085168654277 41.9085168654277 42.8016243292564 42.8016243292564 51.2674739254313 51.2674739254313 51.0029586581951 51.0029586581951 56.8232034192401 56.8232034192401 66.3537451503204 66.3537451503204 73.6999406808878 73.6999406808878 75.6788158775842 75.6788158775842 76.4166045353736 76.4166045353736 147.393787591403 147.393787591403 124.558614481453 124.558614481453 151.956525421108 151.956525421108 112.567377089943 112.567377089943 119.343562196131 119.343562196131 146.099982416111 146.099982416111 142.888265500322 142.888265500322 140.652039955523 140.652039955523 136.768153770336 136.768153770336 130.352248832601 130.352248832601 127.200389496892 127.200389496892
22.2611822840812 25.8851875108015 25.8851875108015 19.3322372621627 19.3322372621627 30.7084218976579 30.7084218976579 40.6604739629318 40.6604739629318 54.7121179888247 54.7121179888247 48.1112835302868 48.1112835302868 42.325520597147 42.325520597147 45.5730546739375 45.5730546739375 48.3770190084908 48.3770190084908 47.1720815179483 47.1720815179483 56.304954348666 56.304954348666 74.5135049386443 74.5135049386443 70.966611256684 70.966611256684 86.3619354194073 86.3619354194073 97.2432877790453 97.2432877790453 155.500555885133 155.500555885133 128.487693558974 128.487693558974 150.400295265876 150.400295265876 93.0647142502082 93.0647142502082 134.721155361556 134.721155361556 142.436819122492 142.436819122492 138.839363196186 138.839363196186 138.899662914878 138.899662914878 137.963702787965 137.963702787965 124.135175830819 124.135175830819 125.539152426439 125.539152426439
48.2050219757431 16.6282955928234 16.6282955928234 19.8411115392939 19.8411115392939 15.703492347845 15.703492347845 32.2518220682888 32.2518220682888 29.715940731081 29.715940731081 33.3655475242597 33.3655475242597 40.0571870526492 40.0571870526492 36.7970587891247 36.7970587891247 33.982309991514 33.982309991514 42.6157253036404 42.6157253036404 58.5814626709843 58.5814626709843 71.3452795245621 71.3452795245621 75.6214636808948 75.6214636808948 88.1561126100101 88.1561126100101 130.362216370578 130.362216370578 157.336455090809 157.336455090809 127.930092516469 127.930092516469 62.942312626302 62.942312626302 52.2137582448127 52.2137582448127 64.464225556763 64.464225556763 121.912748645838 121.912748645838 121.121098676109 121.121098676109 141.972689596912 141.972689596912 139.715955705424 139.715955705424 115.502935466341 115.502935466341 108.917718976886 108.917718976886
78.2590489199536 31.8626046546306 31.8626046546306 18.8340678778789 18.8340678778789 22.7694529582666 22.7694529582666 28.3081922097131 28.3081922097131 19.012438140926 19.012438140926 25.9470263688284 25.9470263688284 39.7708681250936 39.7708681250936 36.8447013502532 36.8447013502532 37.9156307609372 37.9156307609372 41.3064286827088 41.3064286827088 41.1410851412467 41.1410851412467 65.4182546262008 65.4182546262008 77.4133031538097 77.4133031538097 88.0064164866318 88.0064164866318 137.530383130808 137.530383130808 156.024671849838 156.024671849838 135.598346805167 135.598346805167 85.8068054730497 85.8068054730497 81.0514513826259 81.0514513826259 60.8984561758042 60.8984561758042 61.9966502961102 61.9966502961102 131.338233290843 131.338233290843 132.884095188748 132.884095188748 137.716069208004 137.716069208004 122.682578214368 122.682578214368 111.774001132368 111.774001132368
95.2496797352513 97.4587799342433 97.4587799342433 23.9615075837222 23.9615075837222 24.0940118668327 24.0940118668327 35.9041651522204 35.9041651522204 22.9651585563835 22.9651585563835 14.6698496457764 14.6698496457764 37.0716747743534 37.0716747743534 42.5478483309822 42.5478483309822 43.2688038848423 43.2688038848423 44.058021474538 44.058021474538 44.7206004260017 44.7206004260017 63.4911986464739 63.4911986464739 78.0804507601461 78.0804507601461 97.6823826464126 97.6823826464126 200.259522847636 200.259522847636 170.323585507454 170.323585507454 139.971553055035 139.971553055035 155.324873783944 155.324873783944 138.302249326377 138.302249326377 151.04266935708 151.04266935708 144.8763121916 144.8763121916 152.389882958698 152.389882958698 162.389695767675 162.389695767675 157.539315701737 157.539315701737 132.911455980781 132.911455980781 114.775534995443 114.775534995443
184.208423358513 128.032676812865 128.032676812865 47.4066273829886 47.4066273829886 34.2389741018329 34.2389741018329 37.3343979238588 37.3343979238588 60.6174811870364 60.6174811870364 36.2576358446642 36.2576358446642 28.0745039762013 28.0745039762013 63.6000361123076 63.6000361123076 51.353881081417 51.353881081417 47.9788077517259 47.9788077517259 48.9837705902599 48.9837705902599 59.6836370608673 59.6836370608673 82.9812785446944 82.9812785446944 136.049576520898 136.049576520898 164.13148587961 164.13148587961 138.866682764317 138.866682764317 152.70673535413 152.70673535413 166.753967873242 166.753967873242 159.267266390228 159.267266390228 158.038406861045 158.038406861045 136.417733418913 136.417733418913 165.998704541867 165.998704541867 176.418633993658 176.418633993658 186.531510859917 186.531510859917 144.585750326058 144.585750326058 97.7258262785148 97.7258262785148
210.358686100487 104.940319811614 104.940319811614 54.7281980778684 54.7281980778684 53.0986432922367 53.0986432922367 29.483022254901 29.483022254901 69.7824412087558 69.7824412087558 65.841451772281 65.841451772281 83.0061785436096 83.0061785436096 44.7494898391615 44.7494898391615 51.4995255958391 51.4995255958391 50.9368472251198 50.9368472251198 51.1154396783772 51.1154396783772 65.4868102330601 65.4868102330601 94.0138665454909 94.0138665454909 151.393385108513 151.393385108513 153.33641051204 153.33641051204 157.859860313269 157.859860313269 161.542506937611 161.542506937611 174.791284297569 174.791284297569 165.310775514294 165.310775514294 129.360460816454 129.360460816454 149.661591187092 149.661591187092 156.018634299586 156.018634299586 151.514593314677 151.514593314677 162.411566550584 162.411566550584 142.643583654432 142.643583654432 126.728175658389 126.728175658389
