data/dist_ran.forest_solea.solea_winter.asc
NCOLS 260 
NROWS 120 
XLLCORNER -3 
YLLCORNER 51 
CELLSIZE 0.05 
NODATA_value -9999 
[rows 23 to 45 of 120, columns 52 to 103 of 260]
0.00813501380127923 0.00813501380127923 0.0461365984859139 0.0461365984859139 0.0337848549278843 0.0337848549278843 0.045144680814204 0.045144680814204 0.00677858067756087 0.00677858067756087 0.0101958659259924 0.0101958659259924 0.0333384247307735 0.0333384247307735 0.018899144456139 0.018899144456139 0.0217147867304148 0.0217147867304148 0.0593409857401621 0.0593409857401621 0.143600696894345 0.143600696894345 0.0920297424550844 0.0920297424550844 0.0987355126883365 0.0987355126883365 0.0282274994181053 0.0282274994181053 0.0179521955750486 0.0179521955750486 0.0134634957699522 0.0134634957699522 0.00894887810682143 0.00894887810682143 0.00994278625368339 0.00994278625368339 0.0196827158493149 0.0196827158493149 0.0193964012501491 0.0193964012501491 -3.5527136788005e-15 -3.5527136788005e-15 -3.5527136788005e-15 -3.5527136788005e-15 -2.77555756156289e-15 -2.77555756156289e-15 -3.5527136788005e-15 -3.5527136788005e-15 -2.77555756156289e-15 -2.77555756156289e-15 0.0102929320617897 0.0102929320617897
0.0873057295807249 0.0873057295807249 0.0749537734001529 0.0749537734001529 0.0518229621797728 0.0518229621797728 0.0373554246583074 0.0373554246583074 0.267866971978463 0.267866971978463 0.268194627356761 0.268194627356761 0.150692574355331 0.150692574355331 0.0428765807514697 0.0428765807514697 0.0128932107709179 0.0128932107709179 0.00918715932663927 0.00918715932663927 0.171499285368207 0.171499285368207 0.0851156538382913 0.0851156538382913 0.0875222485762781 0.0875222485762781 0.0142161249013697 0.0142161249013697 0.00257558227226373 0.00257558227226373 0.0143688405354467 0.0143688405354467 0.0149270326666573 0.0149270326666573 0.0052451775996345 0.0052451775996345 0.00394619696058651 0.00394619696058651 0.00531642401109789 0.00531642401109789 0.00432706877474387 0.00432706877474387 0.00432706877474387 0.00432706877474387 -2.77555756156289e-15 -2.77555756156289e-15 -2.77555756156289e-15 -2.77555756156289e-15 -3.5527136788005e-15 -3.5527136788005e-15 0.00695614288418045 0.00695614288418045
0.32067886694814 0.32067886694814 0.166533224395956 0.166533224395956 0.0986150459753798 0.0986150459753798 0.0760110339345317 0.0760110339345317 0.55872067568063 0.55872067568063 0.364440036033757 0.364440036033757 0.333274541804008 0.333274541804008 0.0193756254872599 0.0193756254872599 0.0226615943814372 0.0226615943814372 0.0188947360196079 0.0188947360196079 0.00982406698260996 0.00982406698260996 0.0363099459130127 0.0363099459130127 0.0368258369822561 0.0368258369822561 0.0271827158476916 0.0271827158476916 0.00528848985775499 0.00528848985775499 0.0119335407867998 0.0119335407867998 0.00257558227226373 0.00257558227226373 0.00146638837273705 0.00146638837273705 0.00432706877474387 0.00432706877474387 0.0113072971217554 0.0113072971217554 0.0167877721494183 0.0167877721494183 0.00432706877474387 0.00432706877474387 0.00541919853961081 0.00541919853961081 0.00924213737148238 0.00924213737148238 0.00102493870557008 0.00102493870557008 0.00987007273698071 0.00987007273698071
0.325850867135303 0.325850867135303 0.198777864002553 0.198777864002553 0.0846807137808683 0.0846807137808683 0.205645328570764 0.205645328570764 0.510047976453024 0.510047976453024 1.97133017622815 1.97133017622815 1.5312086821234 1.5312086821234 0.0312943205158671 0.0312943205158671 0.0142114024761981 0.0142114024761981 0.0107000150203187 0.0107000150203187 0.00376234925565644 0.00376234925565644 0.0226069839623464 0.0226069839623464 0.0182027349210925 0.0182027349210925 0.214459489249334 0.214459489249334 0.104361292878925 0.104361292878925 0.00869931432757842 0.00869931432757842 0.00146638837273705 0.00146638837273705 -2.77555756156289e-15 -2.77555756156289e-15 0.00432706877474387 0.00432706877474387 0.00432706877474387 0.00432706877474387 0.00976971655914394 0.00976971655914394 0.00568497429309378 0.00568497429309378 -3.5527136788005e-15 -3.5527136788005e-15 0.00131158491084404 0.00131158491084404 0.00102493870557008 0.00102493870557008 0.00102493870557008 0.00102493870557008
0.368618689735223 0.368618689735223 0.396995724740032 0.396995724740032 0.0991066154485429 0.0991066154485429 0.133041363935418 0.133041363935418 0.430343011696129 0.430343011696129 1.51099241749444 1.51099241749444 1.65718592168297 1.65718592168297 0.034667229931505 0.034667229931505 0.01240642344316 0.01240642344316 0.00933875465763423 0.00933875465763423 0.000480822045852758 0.000480822045852758 0.000480822045852758 0.000480822045852758 0.00146638837273705 0.00146638837273705 0.0131800579795265 0.0131800579795265 0.0152530145831731 0.0152530145831731 0.00516881405595249 0.00516881405595249 0.00447457523477146 0.00447457523477146 0.0253008694913976 0.0253008694913976 0.00541919853961148 0.00541919853961148 0.00432706877474387 0.00432706877474387 0.0111349808370951 0.0111349808370951 -3.5527136788005e-15 -3.5527136788005e-15 0.000941982210205028 0.000941982210205028 0.00122860466066177 0.00122860466066177 0.00606413446955822 0.00606413446955822 0.0234439927501418 0.0234439927501418
0.637341563295214 0.637341563295214 0.324992110900461 0.324992110900461 0.0881956113886824 0.0881956113886824 0.0621531523497605 0.0621531523497605 0.0308151321211596 0.0308151321211596 0.402012715048173 0.402012715048173 0.332243587754899 0.332243587754899 0.019809311664031 0.019809311664031 0.00502124803013304 0.00502124803013304 0.00327593701737827 0.00327593701737827 -2.77555756156289e-15 -2.77555756156289e-15 -2.77555756156289e-15 -2.77555756156289e-15 0.00666613107766967 0.00666613107766967 0.00963615278138885 0.00963615278138885 0.00232654845293512 0.00232654845293512 0.00592710133948682 0.00592710133948682 0.0144369765580841 0.0144369765580841 0.0334383373135756 0.0334383373135756 0.00991802238596273 0.00991802238596273 0.00432706877474387 0.00432706877474387 0.00432706877474387 0.00432706877474387 -3.5527136788005e-15 -3.5527136788005e-15 0.00346535919820812 0.00346535919820812 0.000286352711293292 0.000286352711293292 0.0153823593719247 0.0153823593719247 0.0133158679688214 0.0133158679688214
0.577297057605108 0.577297057605108 0.347548101428475 0.347548101428475 0.134437631851861 0.134437631851861 0.0591218388739616 0.0591218388739616 0.0657672274073242 0.0657672274073242 0.123239052925878 0.123239052925878 0.026947749904416 0.026947749904416 0.044714290129839 0.044714290129839 0.00969608376027642 0.00969608376027642 0.00591727216105098 0.00591727216105098 -2.77555756156289e-15 -2.77555756156289e-15 0.000985092672607379 0.000985092672607379 0.00591727216105098 0.00591727216105098 0.00447457523477079 0.00447457523477079 -3.44169137633799e-15 -3.44169137633799e-15 0.00607473204438747 0.00607473204438747 0.00607473204438747 0.00607473204438747 0.00852746353815159 0.00852746353815159 0.00882100580429679 0.00882100580429679 0.00432706877474387 0.00432706877474387 -3.5527136788005e-15 -3.5527136788005e-15 0.00102493870557008 0.00102493870557008 0.00102493870557008 0.00102493870557008 0.00480206222978885 0.00480206222978885 0.00138465383562547 0.00138465383562547 0.00138465383562547 0.00138465383562547
0.491056947061754 0.491056947061754 0.420759658292363 0.420759658292363 0.213666790743856 0.213666790743856 0.0735729049180365 0.0735729049180365 0.0635842647463425 0.0635842647463425 0.0354114963691465 0.0354114963691465 0.0263244718197235 0.0263244718197235 0.0221108501673823 0.0221108501673823 0.00886491888409213 0.00886491888409213 0.0261838943147108 0.0261838943147108 0.00882100580429679 0.00882100580429679 0.00257969063641394 0.00257969063641394 0.00159302868292022 0.00159302868292022 0.0100042719270181 0.0100042719270181 0.00607473204438747 0.00607473204438747 0.0106856710919265 0.0106856710919265 -3.44169137633799e-15 -3.44169137633799e-15 0.00550506386978622 0.00550506386978622 0.00117291979043821 0.00117291979043821 0.00315763925872381 0.00315763925872381 0.00251577109782852 0.00251577109782852 0.0190089238839879 0.0190089238839879 0.0262299109205846 0.0262299109205846 0.175209255434738 0.175209255434738 0.147806137535089 0.147806137535089 0.188265735594535 0.188265735594535
0.353921360633047 0.353921360633047 0.115306123977725 0.115306123977725 0.0821998900984986 0.0821998900984986 0.0588432347573189 0.0588432347573189 0.047995973949678 0.047995973949678 0.0189675576088282 0.0189675576088282 0.012961354105264 0.012961354105264 0.0170676208872711 0.0170676208872711 0.00458674617471622 0.00458674617471622 0.00294273872432171 0.00294273872432171 0.00888717091142821 0.00888717091142821 0.00159302868292088 0.00159302868292088 0.0212251887979613 0.0212251887979613 0.00550506386978622 0.00550506386978622 0.0139829329524881 0.0139829329524881 0.00988114729248912 0.00988114729248912 0.00403483413448269 0.00403483413448269 0.00266397257180606 0.00266397257180606 0.00266397257180606 0.00266397257180606 0.00266397257180606 0.00266397257180606 0.0111942529792848 0.0111942529792848 0.122080246671546 0.122080246671546 0.145812257604035 0.145812257604035 0.207216892927154 0.207216892927154 0.157045384365628 0.157045384365628 0.0629185995996231 0.0629185995996231
0.232300745675185 0.232300745675185 0.125687141872492 0.125687141872492 0.064897019861023 0.064897019861023 0.0456034132149634 0.0456034132149634 0.00766314740352136 0.00766314740352136 0.00982652777736259 0.00982652777736259 0.00681758602630333 0.00681758602630333 0.0108989476619525 0.0108989476619525 0.0106514621475116 0.0106514621475116 0.0271487292100783 0.0271487292100783 0.00447457523477146 0.00447457523477146 0.00289434851518022 0.00289434851518022 0.00240609745310993 0.00240609745310993 0.0111025752211433 0.0111025752211433 0.00148930594494745 0.00148930594494745 0.00852062231497452 0.00852062231497452 0.00159302868292022 0.00159302868292022 0.00554906819833545 0.00554906819833545 0.213273924739059 0.213273924739059 0.301865472518859 0.301865472518859 0.0965164139372223 0.0965164139372223 0.0621910752080677 0.0621910752080677 0.0860032090935885 0.0860032090935885 0.177591106139293 0.177591106139293 0.0715762172962502 0.0715762172962502 0.0301674385649187 0.0301674385649187
0.482198559822001 0.482198559822001 0.0606823821180422 0.0606823821180422 0.0175987227280929 0.0175987227280929 0.01148977444226 0.01148977444226 0.00555873414653374 0.00555873414653374 0.0109449811145852 0.0109449811145852 0.0137757675245942 0.0137757675245942 0.0165067909217307 0.0165067909217307 0.0201854579231446 0.0201854579231446 0.00750337430328463 0.00750337430328463 0.0155084047757459 0.0155084047757459 0.00991802238596295 0.00991802238596295 0.0123841648596099 0.0123841648596099 0.0351860303511966 0.0351860303511966 0.0199556381684356 0.0199556381684356 0.0609885973908739 0.0609885973908739 0.00308470713495912 0.00308470713495912 0.0922836535577942 0.0922836535577942 0.295356416852713 0.295356416852713 0.865412217982482 0.865412217982482 0.205238361468895 0.205238361468895 0.0806229626726331 0.0806229626726331 0.0808807784436558 0.0808807784436558 0.343668678283873 0.343668678283873 0.229959871560122 0.229959871560122 0.0385759037637059 0.0385759037637059
0.476998955618518 0.476998955618518 0.0830836766891077 0.0830836766891077 0.0301150760264728 0.0301150760264728 0.0259056627297614 0.0259056627297614 0.0276510299060104 0.0276510299060104 0.0252636024594031 0.0252636024594031 0.0298098072480915 0.0298098072480915 0.019489031364827 0.019489031364827 0.0225366391196655 0.0225366391196655 0.0169742734819815 0.0169742734819815 0.00883436315937725 0.00883436315937725 -3.44169137633799e-15 -3.44169137633799e-15 0.0350039823049395 0.0350039823049395 0.056137732958655 0.056137732958655 0.0317994574795015 0.0317994574795015 0.0670732852710025 0.0670732852710025 0.00897307632393507 0.00897307632393507 0.114074339145587 0.114074339145587 0.139670970408176 0.139670970408176 0.065474097019488 0.065474097019488 0.0486215203311717 0.0486215203311717 0.0843685185503447 0.0843685185503447 0.100087691955243 0.100087691955243 0.138119435072702 0.138119435072702 0.132866420939103 0.132866420939103 0.0615092414170342 0.0615092414170342
0.404489944912243 0.404489944912243 0.993323097102495 0.993323097102495 0.0997088905404557 0.0997088905404557 0.0366954032343605 0.0366954032343605 0.0222060499806409 0.0222060499806409 0.0321372326735134 0.0321372326735134 0.0260961154044113 0.0260961154044113 0.0241626963660402 0.0241626963660402 0.0213926837043283 0.0213926837043283 0.00826109844162137 0.00826109844162137 0.00471949640149338 0.00471949640149338 0.00371609635187831 0.00371609635187831 0.123789327493246 0.123789327493246 0.260735550939829 0.260735550939829 0.113992474395955 0.113992474395955 0.0589959710739572 0.0589959710739572 0.0501318337406107 0.0501318337406107 0.0973228118223803 0.0973228118223803 0.0136516021726565 0.0136516021726565 0.019443287158778 0.019443287158778 0.100918262267123 0.100918262267123 0.179393444061407 0.179393444061407 0.228420361948854 0.228420361948854 0.145415886770074 0.145415886770074 0.176953569303838 0.176953569303838 0.147595573523133 0.147595573523133
0.128309180884651 0.128309180884651 0.196727142611384 0.196727142611384 0.286348784184019 0.286348784184019 0.0495930406756488 0.0495930406756488 0.0237434178398186 0.0237434178398186 0.0382526302747879 0.0382526302747879 0.0314202844293068 0.0314202844293068 0.0283151224996427 0.0283151224996427 0.032382730588467 0.032382730588467 0.0110734891464865 0.0110734891464865 0.0102419433434422 0.0102419433434422 0.0149585256925311 0.0149585256925311 0.0304739831881999 0.0304739831881999 0.332452355958127 0.332452355958127 0.196261045134303 0.196261045134303 0.119591578619605 0.119591578619605 0.0397855256005946 0.0397855256005946 0.0679280282750767 0.0679280282750767 0.0917224625433097 0.0917224625433097 0.372339794571399 0.372339794571399 0.451050979630588 0.451050979630588 0.367500473008013 0.367500473008013 0.310419937155882 0.310419937155882 0.502909797706317 0.502909797706317 0.441088603459668 0.441088603459668 0.21699099274457 0.21699099274457
0.0663410496171697 0.0663410496171697 0.105329442985885 0.105329442985885 0.0411476556482848 0.0411476556482848 0.0484509846040451 0.0484509846040451 0.0594635811254867 0.0594635811254867 0.0280667549357132 0.0280667549357132 0.0600632085569641 0.0600632085569641 0.131554199516343 0.131554199516343 0.115726560477559 0.115726560477559 0.0872417330715518 0.0872417330715518 0.131832957059573 0.131832957059573 0.00642430115514703 0.00642430115514703 0.0127682990538855 0.0127682990538855 0.127239138331746 0.127239138331746 0.191797199046153 0.191797199046153 0.152938064599508 0.152938064599508 0.388282284410987 0.388282284410987 0.155011555278491 0.155011555278491 0.237296568902902 0.237296568902902 0.594965786594576 0.594965786594576 0.32801191988171 0.32801191988171 0.332983666687607 0.332983666687607 0.161697200197078 0.161697200197078 0.490571365381584 0.490571365381584 0.445175265574999 0.445175265574999 0.203064589043976 0.203064589043976
0.0617405125890353 0.0617405125890353 0.0942094697520734 0.0942094697520734 0.0148549263184525 0.0148549263184525 0.0537904033982364 0.0537904033982364 0.0526572160047571 0.0526572160047571 0.0373772999990207 0.0373772999990207 0.0697343352365034 0.0697343352365034 0.0870525993947864 0.0870525993947864 0.0625364941622262 0.0625364941622262 0.0136351411432414 0.0136351411432414 0.0102419433434424 0.0102419433434424 0.00792317485000038 0.00792317485000038 0.0142651269613256 0.0142651269613256 0.192665901350644 0.192665901350644 0.188909315260589 0.188909315260589 0.245371412181959 0.245371412181959 0.502738518865141 0.502738518865141 0.292895343010453 0.292895343010453 0.494033857024949 0.494033857024949 0.595171738791887 0.595171738791887 0.431451024479312 0.431451024479312 0.316087770710612 0.316087770710612 0.159802757156596 0.159802757156596 0.18206216092839 0.18206216092839 0.53235216370206 0.53235216370206 0.232656890031831 0.232656890031831
0.0714623883290986 0.0714623883290986 0.245410674405807 0.245410674405807 0.130766093249927 0.130766093249927 0.0370813092031488 0.0370813092031488 0.0505270287012154 0.0505270287012154 0.0616800851164416 0.0616800851164416 0.0335780403828601 0.0335780403828601 0.0750014936734797 0.0750014936734797 0.103086174890736 0.103086174890736 0.0280871652890615 0.0280871652890615 0.0140931422792057 0.0140931422792057 0.0210975548465262 0.0210975548465262 0.0232591830859739 0.0232591830859739 0.189267917855138 0.189267917855138 0.261782891312474 0.261782891312474 0.304883992440969 0.304883992440969 0.171002776431152 0.171002776431152 0.306714722951623 0.306714722951623 0.424033273159552 0.424033273159552 0.775032945187039 0.775032945187039 0.681998883058666 0.681998883058666 0.374269295690634 0.374269295690634 0.289496456473141 0.289496456473141 0.181232264864893 0.181232264864893 0.27624964592916 0.27624964592916 0.167806737605423 0.167806737605423
0.0543255128709175 0.0543255128709175 0.0679339305660065 0.0679339305660065 0.250513315852483 0.250513315852483 0.140169108659839 0.140169108659839 0.136291800251142 0.136291800251142 0.029750669917608 0.029750669917608 0.0173378943510947 0.0173378943510947 0.0519616767531923 0.0519616767531923 0.0613920734074875 0.0613920734074875 0.027240007504975 0.027240007504975 0.0161568927000821 0.0161568927000821 0.019018036911677 0.019018036911677 0.129200760771294 0.129200760771294 0.225131235703842 0.225131235703842 0.266891534707558 0.266891534707558 0.229354845684828 0.229354845684828 0.137914424798315 0.137914424798315 0.38026602405377 0.38026602405377 0.538961579936153 0.538961579936153 0.65320389964138 0.65320389964138 0.365768082835971 0.365768082835971 0.27578186369789 0.27578186369789 0.183760671977577 0.183760671977577 0.151966609321355 0.151966609321355 0.222762715939383 0.222762715939383 0.116005028158267 0.116005028158267
0.0454624975965836 0.0454624975965836 0.0344037885969353 0.0344037885969353 0.233868414256135 0.233868414256135 0.2289389444754 0.2289389444754 0.250803036620447 0.250803036620447 0.0470790835222754 0.0470790835222754 0.0746246179856433 0.0746246179856433 0.0227168577121741 0.0227168577121741 0.0416904181201982 0.0416904181201982 0.0302249264161694 0.0302249264161694 0.0227157607541311 0.0227157607541311 0.0334548362207199 0.0334548362207199 0.0854341631882232 0.0854341631882232 0.237194770276052 0.237194770276052 0.239915103321922 0.239915103321922 0.173360050794379 0.173360050794379 0.169116728592849 0.169116728592849 0.390745392830766 0.390745392830766 0.853530057582608 0.853530057582608 1.11158484514276 1.11158484514276 0.803281934339912 0.803281934339912 0.332775237467307 0.332775237467307 0.145626338793916 0.145626338793916 0.152725151362457 0.152725151362457 0.192773825981656 0.192773825981656 0.0940833011512239 0.0940833011512239
0.0439354611197338 0.0439354611197338 0.0231608339495051 0.0231608339495051 0.0523009339172351 0.0523009339172351 0.0253254873186344 0.0253254873186344 0.0226402183284735 0.0226402183284735 0.010615682396997 0.010615682396997 0.0471320070621968 0.0471320070621968 0.0673767700915175 0.0673767700915175 0.0151350746233208 0.0151350746233208 0.0183198840058705 0.0183198840058705 0.0214917658019538 0.0214917658019538 0.0271552099476362 0.0271552099476362 0.0273453685799658 0.0273453685799658 0.251153249223171 0.251153249223171 0.190307297930957 0.190307297930957 0.123194157010562 0.123194157010562 0.158976273931306 0.158976273931306 0.322566189417835 0.322566189417835 0.642274256070478 0.642274256070478 0.934666796310495 0.934666796310495 0.795558359913055 0.795558359913055 0.479983440305492 0.479983440305492 0.105607956584294 0.105607956584294 0.173968225539261 0.173968225539261 0.143105836702931 0.143105836702931 0.0693194241855375 0.0693194241855375
0.0657063211198552 0.0657063211198552 0.0231608339495051 0.0231608339495051 0.0341138242547323 0.0341138242547323 0.0222354178026964 0.0222354178026964 0.0357748297084146 0.0357748297084146 0.0182952448823237 0.0182952448823237 0.010615682396997 0.010615682396997 0.0255422050911334 0.0255422050911334 0.0156869442341199 0.0156869442341199 0.0195397221568692 0.0195397221568692 0.0176180078921 0.0176180078921 0.00687466943180381 0.00687466943180381 0.0304414999353764 0.0304414999353764 0.197982830027436 0.197982830027436 0.249403313166469 0.249403313166469 0.139342592234386 0.139342592234386 0.144740956186672 0.144740956186672 0.446341678067113 0.446341678067113 0.371149048916786 0.371149048916786 0.750683246615687 0.750683246615687 0.520369893929558 0.520369893929558 0.618584649411257 0.618584649411257 0.194509982047782 0.194509982047782 0.159594644868569 0.159594644868569 0.154464875590131 0.154464875590131 0.0844136433445031 0.0844136433445031
0.0577847388911996 0.0577847388911996 0.065762190208382 0.065762190208382 0.062317681496683 0.062317681496683 0.0958791325028496 0.0958791325028496 0.150516558472225 0.150516558472225 0.0725075781731994 0.0725075781731994 0.0395705627748797 0.0395705627748797 0.0458152530388352 0.0458152530388352 0.0291087800316467 0.0291087800316467 0.0232274912583224 0.0232274912583224 0.0122557149800617 0.0122557149800617 0.00905956427059484 0.00905956427059484 0.0249959418733379 0.0249959418733379 0.19279342595837 0.19279342595837 0.250644676345082 0.250644676345082 0.222428717889057 0.222428717889057 0.0990697138515679 0.0990697138515679 0.427232426722326 0.427232426722326 0.381011865798573 0.381011865798573 0.408489157559923 0.408489157559923 0.402655125386569 0.402655125386569 0.355679458965588 0.355679458965588 0.159190608231667 0.159190608231667 0.312604811635014 0.312604811635014 0.13831194955616 0.13831194955616 0.0787913349456422 0.0787913349456422
4.54575657116945 4.54575657116945 0.243270788202208 0.243270788202208 0.10514357051239 0.10514357051239 0.0975881869128421 0.0975881869128421 0.23856936511484 0.23856936511484 0.0465234969794446 0.0465234969794446 0.110621120055544 0.110621120055544 0.0287065302173011 0.0287065302173011 0.0692639258965324 0.0692639258965324 0.0470317074448865 0.0470317074448865 0.0226348162430225 0.0226348162430225 0.0183112061055188 0.0183112061055188 0.0493943198224356 0.0493943198224356 0.232376614798911 0.232376614798911 0.247337094271125 0.247337094271125 0.247648121500667 0.247648121500667 0.323185249073699 0.323185249073699 0.56839241776232 0.56839241776232 0.409442842184274 0.409442842184274 0.260225867154627 0.260225867154627 0.375422231011299 0.375422231011299 0.214069158303354 0.214069158303354 0.171289555572163 0.171289555572163 0.261177345278188 0.261177345278188 0.374914267062846 0.374914267062846 0.156596503695832 0.156596503695832
