data/dist_ran.forest_crangon.crangon_summer.asc
NCOLS 260 
NROWS 120 
XLLCORNER -3 
YLLCORNER 51 
CELLSIZE 0.05 
NODATA_value -9999 
[rows 63 to 83 of 120, columns 48 to 95 of 260]
-9999 -9999 -9999 -9999 -9999 -9999 -9999 -9999 -9999 -9999 0.0109593480787553 0.0109593480787553 0.0028975024357818 0.0028975024357818 0.00186948821555322 0.00186948821555322 0.000242547811491356 0.000242547811491356 1.31926739976862e-07 1.31926739976862e-07 1.31926739976862e-07 1.31926739976862e-07 1.24381708357379e-05 1.24381708357379e-05 -3.33066907387547e-16 -3.33066907387547e-16 -2.22044604925031e-16 -2.22044604925031e-16 -2.22044604925031e-16 -2.22044604925031e-16 -3.33066907387547e-16 -3.33066907387547e-16 -3.33066907387547e-16 -3.33066907387547e-16 -3.33066907387547e-16 -3.33066907387547e-16 -3.33066907387547e-16 -3.33066907387547e-16 -3.33066907387547e-16 -3.33066907387547e-16 0.000501430469890485 0.000501430469890485 -3.33066907387547e-16 -3.33066907387547e-16 -3.33066907387547e-16 -3.33066907387547e-16 -3.33066907387547e-16 -3.33066907387547e-16
-9999 -9999 -9999 -9999 -9999 -9999 -9999 -9999 -9999 -9999 -9999 -9999 0.00996139170173382 0.00996139170173382 0.0115784259762455 0.0115784259762455 0.00201586353757643 0.00201586353757643 -2.22044604925031e-16 -2.22044604925031e-16 1.31926739976862e-07 1.31926739976862e-07 1.31926739976862e-07 1.31926739976862e-07 0.000551632305785699 0.000551632305785699 0.000501430469890263 0.000501430469890263 -2.22044604925031e-16 -2.22044604925031e-16 -2.22044604925031e-16 -2.22044604925031e-16 -3.33066907387547e-16 -3.33066907387547e-16 -2.22044604925031e-16 -2.22044604925031e-16 -3.33066907387547e-16 -3.33066907387547e-16 -3.33066907387547e-16 -3.33066907387547e-16 0.000501430469890263 0.000501430469890263 -2.22044604925031e-16 -2.22044604925031e-16 -2.22044604925031e-16 -2.22044604925031e-16 -3.33066907387547e-16 -3.33066907387547e-16
-9999 -9999 -9999 -9999 -9999 -9999 -9999 -9999 -9999 -9999 -9999 -9999 -9999 -9999 0.00290332511414015 0.00290332511414015 0.00402793397330736 0.00402793397330736 0.000709168251977532 0.000709168251977532 -2.22044604925031e-16 -2.22044604925031e-16 -2.22044604925031e-16 -2.22044604925031e-16 0.00126105966477374 0.00126105966477374 0.000501430469890485 0.000501430469890485 -2.22044604925031e-16 -2.22044604925031e-16 -2.22044604925031e-16 -2.22044604925031e-16 -2.22044604925031e-16 -2.22044604925031e-16 -2.22044604925031e-16 -2.22044604925031e-16 -2.22044604925031e-16 -2.22044604925031e-16 -3.33066907387547e-16 -3.33066907387547e-16 -3.33066907387547e-16 -3.33066907387547e-16 -3.33066907387547e-16 -3.33066907387547e-16 -2.22044604925031e-16 -2.22044604925031e-16 -3.33066907387547e-16 -3.33066907387547e-16
-9999 -9999 -9999 -9999 -9999 -9999 -9999 -9999 -9999 -9999 -9999 -9999 -9999 -9999 -9999 -9999 0.00784933229401741 0.00784933229401741 0.00180524778263091 0.00180524778263091 -2.22044604925031e-16 -2.22044604925031e-16 -2.22044604925031e-16 -2.22044604925031e-16 0.00112732699064444 0.00112732699064444 -2.22044604925031e-16 -2.22044604925031e-16 -2.22044604925031e-16 -2.22044604925031e-16 -2.22044604925031e-16 -2.22044604925031e-16 -2.22044604925031e-16 -2.22044604925031e-16 -3.33066907387547e-16 -3.33066907387547e-16 -2.22044604925031e-16 -2.22044604925031e-16 -2.22044604925031e-16 -2.22044604925031e-16 -3.33066907387547e-16 -3.33066907387547e-16 -3.33066907387547e-16 -3.33066907387547e-16 -3.33066907387547e-16 -3.33066907387547e-16 -3.33066907387547e-16 -3.33066907387547e-16
-9999 -9999 -9999 -9999 -9999 -9999 -9999 -9999 -9999 -9999 -9999 -9999 -9999 -9999 -9999 -9999 0.0124172782619505 0.0124172782619505 0.00213630221651639 0.00213630221651639 0.00248333350760932 0.00248333350760932 0.00123224507824071 0.00123224507824071 -2.22044604925031e-16 -2.22044604925031e-16 -2.22044604925031e-16 -2.22044604925031e-16 0.00050184616422122 0.00050184616422122 0.00108194976127507 0.00108194976127507 6.58557392083647e-05 6.58557392083647e-05 0.000167596983842611 0.000167596983842611 0.00130683295705381 0.00130683295705381 4.57995977181103e-05 4.57995977181103e-05 0.000467552926482595 0.000467552926482595 -3.33066907387547e-16 -3.33066907387547e-16 -3.33066907387547e-16 -3.33066907387547e-16 -3.33066907387547e-16 -3.33066907387547e-16
-9999 -9999 -9999 -9999 -9999 -9999 -9999 -9999 -9999 -9999 -9999 -9999 -9999 -9999 0.00712736155830185 0.00712736155830185 0.00981672171635695 0.00981672171635695 0.000930074679534876 0.000930074679534876 0.00165721353832415 0.00165721353832415 0.00124263847154626 0.00124263847154626 -2.22044604925031e-16 -2.22044604925031e-16 -2.22044604925031e-16 -2.22044604925031e-16 -2.22044604925031e-16 -2.22044604925031e-16 0.00108194976127507 0.00108194976127507 0.00130857128931039 0.00130857128931039 0.00153404283133174 0.00153404283133174 0.0032281311561464 0.0032281311561464 0.000592142760337033 0.000592142760337033 -3.33066907387547e-16 -3.33066907387547e-16 -3.33066907387547e-16 -3.33066907387547e-16 -3.33066907387547e-16 -3.33066907387547e-16 -3.33066907387547e-16 -3.33066907387547e-16
-9999 -9999 -9999 -9999 -9999 -9999 -9999 -9999 -9999 -9999 -9999 -9999 -9999 -9999 0.00905523400049657 0.00905523400049657 0.00633824465232546 0.00633824465232546 0.00785854611274917 0.00785854611274917 0.00766919284902867 0.00766919284902867 0.00146602575126731 0.00146602575126731 -2.22044604925031e-16 -2.22044604925031e-16 -2.22044604925031e-16 -2.22044604925031e-16 -2.22044604925031e-16 -2.22044604925031e-16 -2.22044604925031e-16 -2.22044604925031e-16 0.00186319449324746 0.00186319449324746 0.00216739567733115 0.00216739567733115 0.00188474941903238 0.00188474941903238 1.23425730156335e-05 1.23425730156335e-05 0.000291271574090368 0.000291271574090368 -3.33066907387547e-16 -3.33066907387547e-16 -3.33066907387547e-16 -3.33066907387547e-16 -3.33066907387547e-16 -3.33066907387547e-16
-9999 -9999 -9999 -9999 -9999 -9999 -9999 -9999 -9999 -9999 -9999 -9999 -9999 -9999 -9999 -9999 0.00611811203042345 0.00611811203042345 0.00493618938817608 0.00493618938817608 0.0065358367152597 0.0065358367152597 0.00136984262194018 0.00136984262194018 -2.22044604925031e-16 -2.22044604925031e-16 -2.22044604925031e-16 -2.22044604925031e-16 0.00221766440735838 0.00221766440735838 -2.22044604925031e-16 -2.22044604925031e-16 0.0029427275721845 0.0029427275721845 0.00504130706676253 0.00504130706676253 0.000130952184057564 0.000130952184057564 0.000309724134807787 0.000309724134807787 1.02349170694183e-06 1.02349170694183e-06 -3.33066907387547e-16 -3.33066907387547e-16 -2.22044604925031e-16 -2.22044604925031e-16 -3.33066907387547e-16 -3.33066907387547e-16
-9999 -9999 -9999 -9999 -9999 -9999 -9999 -9999 -9999 -9999 -9999 -9999 -9999 -9999 -9999 -9999 0.00781918595924314 0.00781918595924314 0.00559198922336401 0.00559198922336401 0.00983073163009185 0.00983073163009185 0.00111232517986903 0.00111232517986903 -2.22044604925031e-16 -2.22044604925031e-16 1.77365339970592e-06 1.77365339970592e-06 0.00107041257546459 0.00107041257546459 0.000195147051738731 0.000195147051738731 0.000195147051738731 0.000195147051738731 0.000280388167371415 0.000280388167371415 0.00115787048577531 0.00115787048577531 0.000636996009754087 0.000636996009754087 7.54196359564752e-06 7.54196359564752e-06 -3.33066907387547e-16 -3.33066907387547e-16 -3.33066907387547e-16 -3.33066907387547e-16 -3.33066907387547e-16 -3.33066907387547e-16
-9999 -9999 -9999 -9999 -9999 -9999 -9999 -9999 -9999 -9999 -9999 -9999 -9999 -9999 -9999 -9999 -9999 -9999 0.0125045221219824 0.0125045221219824 0.0124526284496373 0.0124526284496373 0.00116119707175244 0.00116119707175244 -2.22044604925031e-16 -2.22044604925031e-16 7.96492517363134e-05 7.96492517363134e-05 0.000313078741820849 0.000313078741820849 0.000611108386007642 0.000611108386007642 0.00084691197946718 0.00084691197946718 0.00189936148306757 0.00189936148306757 0.00154956907248782 0.00154956907248782 6.44390197717115e-05 6.44390197717115e-05 6.38784705031537e-05 6.38784705031537e-05 -3.33066907387547e-16 -3.33066907387547e-16 -3.33066907387547e-16 -3.33066907387547e-16 -2.22044604925031e-16 -2.22044604925031e-16
-9999 -9999 -9999 -9999 -9999 -9999 -9999 -9999 -9999 -9999 -9999 -9999 -9999 -9999 -9999 -9999 -9999 -9999 0.0134070687261494 0.0134070687261494 0.000401774014943124 0.000401774014943124 0.002051061775457 0.002051061775457 1.58203301354742e-05 1.58203301354742e-05 9.19833834744921e-05 9.19833834744921e-05 0.00393947273300355 0.00393947273300355 0.00136639403330352 0.00136639403330352 1.32572693505306e-05 1.32572693505306e-05 6.56910870389105e-06 6.56910870389105e-06 0.000602119388116495 0.000602119388116495 8.37093251988552e-05 8.37093251988552e-05 1.40498987462045e-05 1.40498987462045e-05 6.56910870389105e-06 6.56910870389105e-06 -3.33066907387547e-16 -3.33066907387547e-16 -3.33066907387547e-16 -3.33066907387547e-16
-9999 -9999 -9999 -9999 -9999 -9999 -9999 -9999 -9999 -9999 -9999 -9999 -9999 -9999 -9999 -9999 -9999 -9999 0.0168098504848508 0.0168098504848508 0.00768247594987259 0.00768247594987259 0.00190639465916731 0.00190639465916731 0.00158589358476036 0.00158589358476036 0.000149762603743664 0.000149762603743664 0.0105987035265966 0.0105987035265966 0.000997112586078375 0.000997112586078375 0.000810953345913967 0.000810953345913967 0.000886164392895905 0.000886164392895905 0.0023610217318859 0.0023610217318859 0.00450511387795904 0.00450511387795904 1.40498987462045e-05 1.40498987462045e-05 0.00141622527058671 0.00141622527058671 -3.33066907387547e-16 -3.33066907387547e-16 -3.33066907387547e-16 -3.33066907387547e-16
-9999 -9999 -9999 -9999 -9999 -9999 -9999 -9999 -9999 -9999 -9999 -9999 -9999 -9999 -9999 -9999 -9999 -9999 0.0191483331331841 0.0191483331331841 0.0160710337703898 0.0160710337703898 0.00162035977593589 0.00162035977593589 0.00308982931898028 0.00308982931898028 0.00491677058698681 0.00491677058698681 0.00257366950064575 0.00257366950064575 0.00131299737288115 0.00131299737288115 0.00201656491677515 0.00201656491677515 1.44653905775893e-05 1.44653905775893e-05 6.56910870389105e-06 6.56910870389105e-06 0.000101844902491655 0.000101844902491655 1.40498987462045e-05 1.40498987462045e-05 7.4229554865024e-06 7.4229554865024e-06 -3.33066907387547e-16 -3.33066907387547e-16 -3.33066907387547e-16 -3.33066907387547e-16
-9999 -9999 -9999 -9999 -9999 -9999 -9999 -9999 -9999 -9999 -9999 -9999 -9999 -9999 -9999 -9999 -9999 -9999 -9999 -9999 0.017306863831184 0.017306863831184 0.00423539184038524 0.00423539184038524 0.00360728266971511 0.00360728266971511 0.00509811213687694 0.00509811213687694 0.00517021354463809 0.00517021354463809 0.00133553854713009 0.00133553854713009 0.00135642610084408 0.00135642610084408 0.000824434782116024 0.000824434782116024 0.000219089619315938 0.000219089619315938 1.40498987464266e-05 1.40498987464266e-05 -2.22044604925031e-16 -2.22044604925031e-16 -3.33066907387547e-16 -3.33066907387547e-16 -3.33066907387547e-16 -3.33066907387547e-16 4.15485993165987e-07 4.15485993165987e-07
-9999 -9999 -9999 -9999 -9999 -9999 -9999 -9999 -9999 -9999 -9999 -9999 -9999 -9999 -9999 -9999 -9999 -9999 0.019503323967027 0.019503323967027 0.0172890197454367 0.0172890197454367 0.00498869137611546 0.00498869137611546 0.00244311812507636 0.00244311812507636 0.00264864120243691 0.00264864120243691 0.00475529691170795 0.00475529691170795 0.00158732015566843 0.00158732015566843 0.0034310861703668 0.0034310861703668 0.00852625324740153 0.00852625324740153 0.000524748011345055 0.000524748011345055 6.96680485787748e-05 6.96680485787748e-05 1.31926739976862e-07 1.31926739976862e-07 -3.33066907387547e-16 -3.33066907387547e-16 -3.33066907387547e-16 -3.33066907387547e-16 -3.33066907387547e-16 -3.33066907387547e-16
-9999 -9999 -9999 -9999 -9999 -9999 -9999 -9999 -9999 -9999 -9999 -9999 -9999 -9999 -9999 -9999 -9999 -9999 0.0114529451632792 0.0114529451632792 0.012142992974334 0.012142992974334 0.00627362826087263 0.00627362826087263 0.0250537063600749 0.0250537063600749 0.0246733779494825 0.0246733779494825 0.00535277949396518 0.00535277949396518 0.00793485395929117 0.00793485395929117 0.00706769464000767 0.00706769464000767 0.00710049107858213 0.00710049107858213 0.00748931061668112 0.00748931061668112 0.0024351374139131 0.0024351374139131 6.70103631095209e-06 6.70103631095209e-06 8.33690674251208e-05 8.33690674251208e-05 -3.33066907387547e-16 -3.33066907387547e-16 -3.33066907387547e-16 -3.33066907387547e-16
-9999 -9999 -9999 -9999 -9999 -9999 -9999 -9999 -9999 -9999 -9999 -9999 -9999 -9999 -9999 -9999 -9999 -9999 -9999 -9999 0.0125534578051301 0.0125534578051301 0.0155526111304536 0.0155526111304536 0.0338860196007149 0.0338860196007149 0.0350666717804471 0.0350666717804471 0.00591288504785692 0.00591288504785692 0.00493845196584108 0.00493845196584108 0.00746480149093576 0.00746480149093576 0.00803555727212002 0.00803555727212002 0.0102112741176261 0.0102112741176261 0.0037515892804596 0.0037515892804596 0.00366112168966093 0.00366112168966093 -2.22044604925031e-16 -2.22044604925031e-16 -2.22044604925031e-16 -2.22044604925031e-16 -3.33066907387547e-16 -3.33066907387547e-16
-9999 -9999 -9999 -9999 -9999 -9999 -9999 -9999 -9999 -9999 -9999 -9999 -9999 -9999 -9999 -9999 -9999 -9999 -9999 -9999 -9999 -9999 -9999 -9999 -9999 -9999 0.0419809036647247 0.0419809036647247 0.00540944824086353 0.00540944824086353 0.00470259506477411 0.00470259506477411 0.00729670899463697 0.00729670899463697 0.0080347953154285 0.0080347953154285 0.00726103854970428 0.00726103854970428 0.0048537999973215 0.0048537999973215 0.00385430179715729 0.00385430179715729 0.00316029786110161 0.00316029786110161 0.000465493307685527 0.000465493307685527 -2.22044604925031e-16 -2.22044604925031e-16
-9999 -9999 -9999 -9999 -9999 -9999 -9999 -9999 -9999 -9999 -9999 -9999 -9999 -9999 -9999 -9999 -9999 -9999 -9999 -9999 -9999 -9999 -9999 -9999 -9999 -9999 -9999 -9999 -9999 -9999 -9999 -9999 -9999 -9999 -9999 -9999 -9999 -9999 -9999 -9999 -9999 -9999 0.00983662100639249 0.00983662100639249 0.00686187888253653 0.00686187888253653 0.00172745772919947 0.00172745772919947
-9999 -9999 -9999 -9999 -9999 -9999 -9999 -9999 -9999 -9999 -9999 -9999 -9999 -9999 -9999 -9999 -9999 -9999 -9999 -9999 -9999 -9999 -9999 -9999 -9999 -9999 -9999 -9999 -9999 -9999 -9999 -9999 -9999 -9999 -9999 -9999 -9999 -9999 -9999 -9999 -9999 -9999 -9999 -9999 0.00882951082116512 0.00882951082116512 0.00832266806711246 0.00832266806711246
-9999 -9999 -9999 -9999 -9999 -9999 -9999 -9999 -9999 -9999 -9999 -9999 -9999 -9999 -9999 -9999 -9999 -9999 -9999 -9999 -9999 -9999 -9999 -9999 -9999 -9999 -9999 -9999 -9999 -9999 -9999 -9999 -9999 -9999 -9999 -9999 -9999 -9999 -9999 -9999 -9999 -9999 -9999 -9999 0.0119051039129681 0.0119051039129681 0.0109140797839398 0.0109140797839398
