data/dist_ran.forest_pleuronectes.platessa_summer.asc
NCOLS 260 
NROWS 120 
XLLCORNER -3 
YLLCORNER 51 
CELLSIZE 0.05 
NODATA_value -9999 
[rows 69 to 91 of 120, columns 106 to 158 of 260]
349.862158423911 349.862158423911 303.238243433757 303.238243433757 274.863190017163 274.863190017163 274.279494408143 274.279494408143 213.351937098249 213.351937098249 202.641792085154 202.641792085154 240.352989088889 240.352989088889 220.423405288224 220.423405288224 225.642500323354 225.642500323354 234.456671656468 234.456671656468 214.366054475144 214.366054475144 191.793245309946 191.793245309946 224.796733467453 224.796733467453 194.944919479087 194.944919479087 194.28398011525 194.28398011525 209.149396038159 209.149396038159 207.91562663189 207.91562663189 181.379574515366 181.379574515366 153.26431635807 153.26431635807 127.729696858664 127.729696858664 118.558560108101 118.558560108101 125.083349873087 125.083349873087 137.10425025438 137.10425025438 168.497903057259 168.497903057259 153.442563839881 153.442563839881 136.523805579996 136.523805579996 130.458438585577
269.110216555802 269.110216555802 252.617623480776 252.617623480776 235.197259117404 235.197259117404 235.787120234527 235.787120234527 130.247547767454 130.247547767454 161.588339758393 161.588339758393 210.506759227472 210.506759227472 235.995560685028 235.995560685028 256.270513602356 256.270513602356 295.736419071765 295.736419071765 272.852216949258 272.852216949258 302.286330605932 302.286330605932 289.150312584034 289.150312584034 225.814411701153 225.814411701153 241.726179450022 241.726179450022 216.840827882596 216.840827882596 191.095262689106 191.095262689106 136.620318774301 136.620318774301 78.03116516223 78.03116516223 80.7619151149377 80.7619151149377 112.00182147249 112.00182147249 128.390788691073 128.390788691073 138.416609532573 138.416609532573 137.181266663841 137.181266663841 129.825926774978 129.825926774978 114.132497492789 114.132497492789 86.8473196058857
333.484994770146 333.484994770146 192.143785730017 192.143785730017 174.32200479263 174.32200479263 145.555396925446 145.555396925446 139.579029710562 139.579029710562 184.451822306035 184.451822306035 217.55938232869 217.55938232869 263.308675143256 263.308675143256 295.796918329216 295.796918329216 293.2323102052 293.2323102052 292.283942946728 292.283942946728 467.010067683567 467.010067683567 319.238871013222 319.238871013222 235.241240753701 235.241240753701 224.503109288235 224.503109288235 203.027371017148 203.027371017148 159.420276692274 159.420276692274 82.4462394758163 82.4462394758163 68.5198390869644 68.5198390869644 75.3357543691245 75.3357543691245 120.905629527428 120.905629527428 163.838038190665 163.838038190665 114.865063093568 114.865063093568 98.0420838223021 98.0420838223021 114.218176978008 114.218176978008 100.483618279168 100.483618279168 52.7797286856197
250.969366048591 250.969366048591 172.67414127174 172.67414127174 151.354921801168 151.354921801168 73.830291468835 73.830291468835 141.546358569856 141.546358569856 206.621091994992 206.621091994992 224.502761219243 224.502761219243 272.325416934402 272.325416934402 334.006512474311 334.006512474311 297.905903062561 297.905903062561 297.213062518418 297.213062518418 306.593065088567 306.593065088567 223.719319278816 223.719319278816 191.521466228454 191.521466228454 164.619029579567 164.619029579567 145.517211224068 145.517211224068 137.364619978878 137.364619978878 41.5617848214885 41.5617848214885 67.2532852077817 67.2532852077817 73.7634937803769 73.7634937803769 117.947691104984 117.947691104984 105.486504853685 105.486504853685 107.541540313647 107.541540313647 93.6239726724263 93.6239726724263 102.60413665741 102.60413665741 106.313482578064 106.313482578064 31.2414776992034
190.928440926151 190.928440926151 161.350651004467 161.350651004467 169.753336887729 169.753336887729 147.750806005042 147.750806005042 151.859915916597 151.859915916597 195.040012724949 195.040012724949 225.362219325162 225.362219325162 242.200398296027 242.200398296027 469.320113797729 469.320113797729 231.045991323854 231.045991323854 174.049437960075 174.049437960075 242.207296954018 242.207296954018 202.063830884928 202.063830884928 170.631924339614 170.631924339614 119.801025757821 119.801025757821 273.314928354112 273.314928354112 156.359910679749 156.359910679749 46.6970038857007 46.6970038857007 59.1632975241599 59.1632975241599 73.2756336657379 73.2756336657379 46.6633207306004 46.6633207306004 98.4497002139997 98.4497002139997 99.5055203749708 99.5055203749708 107.002137935629 107.002137935629 86.8301965255507 86.8301965255507 32.2967374663317 32.2967374663317 13.573002642952
188.850570767324 188.850570767324 174.685575627932 174.685575627932 182.138615446255 182.138615446255 229.350237342212 229.350237342212 195.424201995326 195.424201995326 195.689677061875 195.689677061875 217.57434148553 217.57434148553 239.001603526162 239.001603526162 314.689088651474 314.689088651474 267.891585202982 267.891585202982 327.808482651225 327.808482651225 719.306754663729 719.306754663729 207.587037034035 207.587037034035 181.438505720415 181.438505720415 130.6356204743 130.6356204743 172.981225121365 172.981225121365 94.3190201226096 94.3190201226096 57.5514848777394 57.5514848777394 41.0523303044203 41.0523303044203 103.641108644906 103.641108644906 100.73996119884 100.73996119884 105.066209338495 105.066209338495 105.952356733016 105.952356733016 96.337580881067 96.337580881067 50.0754904894045 50.0754904894045 24.4463884908204 24.4463884908204 -9999
178.015452967174 178.015452967174 166.160468955284 166.160468955284 239.012196633598 239.012196633598 379.11401591151 379.11401591151 155.828672391814 155.828672391814 186.370476319805 186.370476319805 214.340476681304 214.340476681304 242.063165809188 242.063165809188 237.068723817964 237.068723817964 256.838077199137 256.838077199137 305.198010410024 305.198010410024 311.386018934631 311.386018934631 198.191853746918 198.191853746918 121.923359462284 121.923359462284 85.062826438518 85.062826438518 77.4861429202714 77.4861429202714 64.783581482829 64.783581482829 54.8742465015491 54.8742465015491 20.8107887749244 20.8107887749244 44.4616960171491 44.4616960171491 136.464338368037 136.464338368037 113.537627345688 113.537627345688 106.712294870098 106.712294870098 79.2468268994944 79.2468268994944 15.5742633078152 15.5742633078152 -9999 -9999 -9999
163.598734847552 163.598734847552 177.791548330511 177.791548330511 186.125390869818 186.125390869818 155.954208328846 155.954208328846 103.645544103721 103.645544103721 188.105350401279 188.105350401279 236.528353901579 236.528353901579 259.021009200162 259.021009200162 256.956405963432 256.956405963432 271.556044897475 271.556044897475 302.596656965269 302.596656965269 296.802486647375 296.802486647375 191.366215505654 191.366215505654 83.4495204373541 83.4495204373541 52.2772005271969 52.2772005271969 57.728249127246 57.728249127246 56.5912055020167 56.5912055020167 74.1840218612183 74.1840218612183 135.627337484487 135.627337484487 150.426007062357 150.426007062357 161.853116268791 161.853116268791 111.304693250995 111.304693250995 84.189672654765 84.189672654765 45.1073185755596 45.1073185755596 -9999 -9999 -9999 -9999 -9999
187.966534779353 187.966534779353 191.215597185784 191.215597185784 157.218604637259 157.218604637259 122.106442908794 122.106442908794 115.977438414243 115.977438414243 170.510238074756 170.510238074756 243.760998133856 243.760998133856 266.473121714758 266.473121714758 277.019865508969 277.019865508969 350.135762049518 350.135762049518 401.985765787619 401.985765787619 229.651297785642 229.651297785642 154.392127109384 154.392127109384 68.7338530161092 68.7338530161092 27.6761813071983 27.6761813071983 62.5003564399887 62.5003564399887 87.503341721393 87.503341721393 88.5054584341335 88.5054584341335 217.877127380093 217.877127380093 225.736619967853 225.736619967853 164.650905680813 164.650905680813 92.7126903223139 92.7126903223139 78.0677021569765 78.0677021569765 21.4327373236038 21.4327373236038 -9999 -9999 -9999 -9999 -9999
138.243854792225 138.243854792225 168.103506779035 168.103506779035 140.327500799302 140.327500799302 141.30161908693 141.30161908693 127.44599062298 127.44599062298 177.877215602367 177.877215602367 193.834891766073 193.834891766073 286.901519340999 286.901519340999 277.424380123578 277.424380123578 340.604875651583 340.604875651583 367.833700150925 367.833700150925 223.602041296176 223.602041296176 147.821833713499 147.821833713499 84.1036598688161 84.1036598688161 91.5418951980128 91.5418951980128 91.6625304893225 91.6625304893225 83.0836479284413 83.0836479284413 89.172759955879 89.172759955879 174.694091822243 174.694091822243 191.927493522683 191.927493522683 140.022170165438 140.022170165438 102.846180275408 102.846180275408 76.206939467642 76.206939467642 39.5490733325357 39.5490733325357 -9999 -9999 -9999 -9999 -9999
119.009686031556 119.009686031556 161.957822759567 161.957822759567 137.173371529874 137.173371529874 140.218512435163 140.218512435163 139.065895318662 139.065895318662 161.039355510436 161.039355510436 182.04633518723 182.04633518723 305.882578737666 305.882578737666 278.383100988201 278.383100988201 295.006243175056 295.006243175056 310.305244400628 310.305244400628 213.648921495123 213.648921495123 192.177979798557 192.177979798557 178.493401224595 178.493401224595 135.381546463569 135.381546463569 99.9720523510685 99.9720523510685 76.4518623993929 76.4518623993929 79.0533706639627 79.0533706639627 150.597636803363 150.597636803363 173.250286428357 173.250286428357 339.838575631846 339.838575631846 112.242545379004 112.242545379004 59.1278730968094 59.1278730968094 16.2453895980314 16.2453895980314 -9999 -9999 -9999 -9999 -9999
136.750428020509 136.750428020509 136.15891923703 136.15891923703 135.69816381168 135.69816381168 126.029879951297 126.029879951297 151.255211704208 151.255211704208 157.222091495206 157.222091495206 175.215811722949 175.215811722949 298.700798482367 298.700798482367 222.950997265923 222.950997265923 273.331485274504 273.331485274504 275.661599910433 275.661599910433 216.317801115566 216.317801115566 221.522500096392 221.522500096392 186.317085133264 186.317085133264 170.158259886873 170.158259886873 104.812075035514 104.812075035514 75.8572228251169 75.8572228251169 74.671040334427 74.671040334427 113.477815850791 113.477815850791 140.273857519914 140.273857519914 207.805792489729 207.805792489729 126.785126062591 126.785126062591 38.549626234653 38.549626234653 -9999 -9999 -9999 -9999 -9999 -9999 -9999
128.716787868626 128.716787868626 132.291297848069 132.291297848069 120.574292327374 120.574292327374 112.782246670358 112.782246670358 131.239269766694 131.239269766694 156.165114603826 156.165114603826 169.842457874903 169.842457874903 319.093508089633 319.093508089633 229.993650993809 229.993650993809 250.229463187103 250.229463187103 255.648275549118 255.648275549118 261.506056629143 261.506056629143 230.38020356197 230.38020356197 217.669779795768 217.669779795768 253.083296459818 253.083296459818 105.908258869261 105.908258869261 66.3174938449257 66.3174938449257 61.8393138608273 61.8393138608273 105.515780207059 105.515780207059 120.8209782745 120.8209782745 176.212627679465 176.212627679465 139.125670407941 139.125670407941 54.3652781283469 54.3652781283469 31.4144593698668 31.4144593698668 -9999 -9999 -9999 -9999 -9999
78.7685622776988 78.7685622776988 130.384131127401 130.384131127401 137.864046449828 137.864046449828 103.651093548279 103.651093548279 113.874651745142 113.874651745142 142.580028339701 142.580028339701 177.142031925254 177.142031925254 226.515141368212 226.515141368212 213.594719155754 213.594719155754 209.423043611401 209.423043611401 231.264747722872 231.264747722872 289.600050192531 289.600050192531 213.131229539421 213.131229539421 189.308612489296 189.308612489296 198.903436501973 198.903436501973 107.576693550412 107.576693550412 76.7419571602331 76.7419571602331 63.8457567122254 63.8457567122254 81.4918252089213 81.4918252089213 115.383156850015 115.383156850015 112.972589359456 112.972589359456 168.238331706838 168.238331706838 55.0615831050874 55.0615831050874 28.6973866186884 28.6973866186884 -9999 -9999 -9999 -9999 -9999
90.0557525112596 90.0557525112596 110.055355338107 110.055355338107 143.382764434916 143.382764434916 104.683214230006 104.683214230006 64.1741319978597 64.1741319978597 139.796477552437 139.796477552437 175.571761307216 175.571761307216 181.274300122594 181.274300122594 237.609488413319 237.609488413319 173.826990122143 173.826990122143 257.33782372511 257.33782372511 224.280802448811 224.280802448811 155.346573792854 155.346573792854 177.448748813741 177.448748813741 156.494712892143 156.494712892143 86.6308957242109 86.6308957242109 83.0201996694822 83.0201996694822 44.1462044695819 44.1462044695819 65.2018703268485 65.2018703268485 124.016045372182 124.016045372182 109.100629918722 109.100629918722 571.756377931891 571.756377931891 59.3420224793676 59.3420224793676 26.8654089109267 26.8654089109267 -9999 -9999 -9999 -9999 -9999
95.4097888046894 95.4097888046894 94.2616681283446 94.2616681283446 142.813821162313 142.813821162313 108.961484597072 108.961484597072 115.850164900773 115.850164900773 130.029895941088 130.029895941088 185.752623772187 185.752623772187 166.12113978664 166.12113978664 145.722630183469 145.722630183469 138.304108963825 138.304108963825 297.078062308845 297.078062308845 191.502317120205 191.502317120205 165.398434169588 165.398434169588 161.047384670707 161.047384670707 129.030283094823 129.030283094823 82.7494439923723 82.7494439923723 67.0604704105212 67.0604704105212 56.295022076929 56.295022076929 54.6485291087146 54.6485291087146 158.63069647165 158.63069647165 150.404328925497 150.404328925497 246.976335625744 246.976335625744 68.6625519581772 68.6625519581772 45.6161212867591 45.6161212867591 -9999 -9999 -9999 -9999 -9999
86.5263066662935 86.5263066662935 95.9737647396019 95.9737647396019 135.847015809401 135.847015809401 122.755634875702 122.755634875702 123.481649176096 123.481649176096 127.255052777907 127.255052777907 198.60792256539 198.60792256539 210.340069659666 210.340069659666 149.223907196617 149.223907196617 150.173720721362 150.173720721362 339.022247389325 339.022247389325 202.66437510874 202.66437510874 187.357744799134 187.357744799134 151.835731237543 151.835731237543 119.535450766171 119.535450766171 63.4640389928663 63.4640389928663 56.6967485553339 56.6967485553339 55.4850935297767 55.4850935297767 45.3424895663501 45.3424895663501 35.7560176195973 35.7560176195973 182.355391410584 182.355391410584 147.658271333281 147.658271333281 60.322623207783 60.322623207783 -9999 -9999 -9999 -9999 -9999 -9999 -9999
87.4729396785928 87.4729396785928 75.438808650724 75.438808650724 145.848701585944 145.848701585944 139.534657772922 139.534657772922 157.991745343683 157.991745343683 135.251359230345 135.251359230345 198.552336107356 198.552336107356 196.823130412447 196.823130412447 158.055632654121 158.055632654121 168.626596911163 168.626596911163 287.189347539089 287.189347539089 25.4311678263046 25.4311678263046 153.139865375413 153.139865375413 133.076885570349 133.076885570349 123.492773137771 123.492773137771 41.952312987406 41.952312987406 45.403683989356 45.403683989356 62.7841165726152 62.7841165726152 16.4203166050777 16.4203166050777 56.2611084993051 56.2611084993051 100.2685041416 100.2685041416 173.016335489653 173.016335489653 54.7548846749951 54.7548846749951 -9999 -9999 -9999 -9999 -9999 -9999 -9999
58.5179608601604 58.5179608601604 65.8335979678265 65.8335979678265 109.586697599426 109.586697599426 212.311263081851 212.311263081851 184.481533370438 184.481533370438 134.036321847593 134.036321847593 166.876008150712 166.876008150712 183.11052654243 183.11052654243 136.881428120505 136.881428120505 171.526268064719 171.526268064719 250.624911285744 250.624911285744 103.691119473626 103.691119473626 173.496609178999 173.496609178999 130.288087499852 130.288087499852 131.511858429246 131.511858429246 95.1453869858953 95.1453869858953 66.9260478515707 66.9260478515707 115.093257640732 115.093257640732 125.925667294891 125.925667294891 70.3347268843333 70.3347268843333 144.913920347816 144.913920347816 151.712715671381 151.712715671381 51.5522666841365 51.5522666841365 -9999 -9999 -9999 -9999 -9999 -9999 -9999
75.4233520948026 75.4233520948026 36.484706945146 36.484706945146 198.544923742517 198.544923742517 200.968995241704 200.968995241704 200.198345659149 200.198345659149 174.611958259066 174.611958259066 185.266177044783 185.266177044783 183.495803839292 183.495803839292 136.378958891272 136.378958891272 205.838964046085 205.838964046085 153.248554941699 153.248554941699 181.639572562991 181.639572562991 178.652797512187 178.652797512187 167.071263855172 167.071263855172 142.93910436868 142.93910436868 110.342470337276 110.342470337276 78.7101836143249 78.7101836143249 84.9826457042213 84.9826457042213 113.989034255121 113.989034255121 79.851915416047 79.851915416047 168.378406230388 168.378406230388 155.080840224921 155.080840224921 426.11300542837 426.11300542837 -9999 -9999 -9999 -9999 -9999 -9999 -9999
94.9217030224016 94.9217030224016 72.0235708350633 72.0235708350633 206.953481869281 206.953481869281 189.632782978887 189.632782978887 173.815487191711 173.815487191711 173.708888174587 173.708888174587 206.308963843303 206.308963843303 205.31627906711 205.31627906711 182.862234107984 182.862234107984 161.64408862887 161.64408862887 281.048397714243 281.048397714243 200.242677154704 200.242677154704 188.570742753998 188.570742753998 194.979026396431 194.979026396431 218.096861182975 218.096861182975 123.696428836052 123.696428836052 90.6141433289748 90.6141433289748 93.5025147844887 93.5025147844887 118.934290785012 118.934290785012 85.3843808370977 85.3843808370977 171.144639811505 171.144639811505 93.0455496906072 93.0455496906072 64.0321952203422 64.0321952203422 -9999 -9999 -9999 -9999 -9999 -9999 -9999
81.4027590621862 81.4027590621862 109.772317071833 109.772317071833 191.330543287805 191.330543287805 263.05172690206 263.05172690206 159.134742001638 159.134742001638 146.574697776041 146.574697776041 199.015418271261 199.015418271261 197.454910099101 197.454910099101 148.708652934654 148.708652934654 162.571468430236 162.571468430236 229.376447298795 229.376447298795 213.054505229965 213.054505229965 205.560398369578 205.560398369578 223.240943441625 223.240943441625 139.349306573143 139.349306573143 83.2058305944752 83.2058305944752 106.260461089272 106.260461089272 175.565221578067 175.565221578067 147.961357441524 147.961357441524 81.0518257272496 81.0518257272496 195.948124694902 195.948124694902 45.8970930526449 45.8970930526449 68.5631432524821 68.5631432524821 -9999 -9999 -9999 -9999 -9999 -9999 -9999
91.8142640534717 91.8142640534717 113.138340502983 113.138340502983 258.972129978468 258.972129978468 411.342134441558 411.342134441558 178.211472500844 178.211472500844 150.649411673871 150.649411673871 203.262406725642 203.262406725642 143.054904811169 143.054904811169 165.184610826462 165.184610826462 196.293761519905 196.293761519905 143.950101823094 143.950101823094 221.426349415479 221.426349415479 251.502894094187 251.502894094187 256.86705203948 256.86705203948 125.589380576852 125.589380576852 98.6221247435854 98.6221247435854 127.8509380654 127.8509380654 231.897308327711 231.897308327711 73.7005546786995 73.7005546786995 128.496029742794 128.496029742794 294.947864766964 294.947864766964 38.6987287466231 38.6987287466231 -9999 -9999 -9999 -9999 -9999 -9999 -9999 -9999 -9999
