data/dist_ran.forest_solea.solea_winter.asc
NCOLS 260 
NROWS 120 
XLLCORNER -3 
YLLCORNER 51 
CELLSIZE 0.05 
NODATA_value -9999 
[rows 92 to 114 of 120, columns 104 to 155 of 260]
12.6493233740321 12.6493233740321 13.3653504215294 13.3653504215294 7.20039014444673 7.20039014444673 1.65706835822141 1.65706835822141 2.02444924595988 2.02444924595988 1.04269662709581 1.04269662709581 0.748824569799432 0.748824569799432 0.827386285377531 0.827386285377531 0.440168936362517 0.440168936362517 0.952873462321126 0.952873462321126 0.668209163398509 0.668209163398509 0.267334369708766 0.267334369708766 0.240386486484759 0.240386486484759 0.422498474341817 0.422498474341817 0.490336272761376 0.490336272761376 0.345557261560459 0.345557261560459 0.396858395567429 0.396858395567429 0.666184145969921 0.666184145969921 1.55102479154525 1.55102479154525 1.12617513966525 1.12617513966525 1.63010757697981 1.63010757697981 1.33706877625514 1.33706877625514 -9999 -9999 -9999 -9999 -9999 -9999 -9999 -9999
12.9904286378066 12.9904286378066 13.8311595346856 13.8311595346856 2.71481127419188 2.71481127419188 1.2685224483103 1.2685224483103 0.65740093639944 0.65740093639944 1.03194086577877 1.03194086577877 0.955919024179594 0.955919024179594 0.837764703137151 0.837764703137151 0.267831817555051 0.267831817555051 0.650966168555777 0.650966168555777 0.603890295696748 0.603890295696748 0.303416836119796 0.303416836119796 0.504518904705518 0.504518904705518 0.513742594293198 0.513742594293198 0.523158450114086 0.523158450114086 0.300569106881732 0.300569106881732 0.350120438754298 0.350120438754298 0.569579750251506 0.569579750251506 0.996957215820346 0.996957215820346 1.35402082728827 1.35402082728827 0.58615659533681 0.58615659533681 0.565776106929514 0.565776106929514 -9999 -9999 -9999 -9999 -9999 -9999 -9999 -9999
15.2961014683221 15.2961014683221 4.79107219203052 4.79107219203052 1.54624759439154 1.54624759439154 0.965554195609509 0.965554195609509 0.917677063813535 0.917677063813535 1.16307597151832 1.16307597151832 0.867455290305185 0.867455290305185 0.859202584141381 0.859202584141381 0.374505106836475 0.374505106836475 0.3126293414281 0.3126293414281 0.363398422006932 0.363398422006932 0.456851946366158 0.456851946366158 0.590562673730125 0.590562673730125 0.627339257118003 0.627339257118003 0.344291039834169 0.344291039834169 0.434809101335042 0.434809101335042 0.165451922626895 0.165451922626895 0.156267756743799 0.156267756743799 0.974533019923735 0.974533019923735 0.372119506436188 0.372119506436188 0.622947666085282 0.622947666085282 0.738487408955552 0.738487408955552 -9999 -9999 -9999 -9999 -9999 -9999 -9999 -9999
12.1984378597935 12.1984378597935 5.56606746575245 5.56606746575245 1.52712513822997 1.52712513822997 1.22106728378608 1.22106728378608 1.15206514297792 1.15206514297792 1.10353625711624 1.10353625711624 0.882132199601066 0.882132199601066 0.970799001010677 0.970799001010677 0.437222419151359 0.437222419151359 0.399059961197942 0.399059961197942 0.457869431574141 0.457869431574141 0.497871688333599 0.497871688333599 0.599653644752431 0.599653644752431 0.585947088276521 0.585947088276521 0.0906962147187569 0.0906962147187569 0.705522995168972 0.705522995168972 0.33585619769951 0.33585619769951 0.230529441695394 0.230529441695394 1.91385800600669 1.91385800600669 1.05155333857154 1.05155333857154 0.975398553326176 0.975398553326176 -9999 -9999 -9999 -9999 -9999 -9999 -9999 -9999 -9999 -9999
7.05422629537789 7.05422629537789 6.01355869497321 6.01355869497321 1.86999509361404 1.86999509361404 1.33784041961777 1.33784041961777 1.26575143758789 1.26575143758789 1.0164052053833 1.0164052053833 0.917206173373847 0.917206173373847 0.822591185132276 0.822591185132276 0.443380313446428 0.443380313446428 0.462107522778484 0.462107522778484 0.504898160711249 0.504898160711249 0.482230091157942 0.482230091157942 0.801356990532947 0.801356990532947 0.783805187134217 0.783805187134217 0.462092559176704 0.462092559176704 0.451012009925246 0.451012009925246 0.540386908133088 0.540386908133088 0.708126839418375 0.708126839418375 2.50102471715065 2.50102471715065 1.46451250675194 1.46451250675194 -9999 -9999 -9999 -9999 -9999 -9999 -9999 -9999 -9999 -9999 -9999 -9999
5.31233833778071 5.31233833778071 5.12267873993923 5.12267873993923 1.74677029484269 1.74677029484269 1.55892277047886 1.55892277047886 1.26185295552228 1.26185295552228 1.01782114814688 1.01782114814688 0.933336396454086 0.933336396454086 0.526612336106478 0.526612336106478 0.464760340781121 0.464760340781121 0.462683796354233 0.462683796354233 0.43693379911063 0.43693379911063 0.463785639699887 0.463785639699887 1.09013021641809 1.09013021641809 0.919318898534162 0.919318898534162 0.834757677281554 0.834757677281554 0.713243356092448 0.713243356092448 1.11704230637247 1.11704230637247 0.875176488804428 0.875176488804428 1.24120987754514 1.24120987754514 1.41205946618533 1.41205946618533 -9999 -9999 -9999 -9999 -9999 -9999 -9999 -9999 -9999 -9999 -9999 -9999
5.99427494753488 5.99427494753488 5.23601754466796 5.23601754466796 2.74156957928709 2.74156957928709 1.79682725490697 1.79682725490697 1.47620075807261 1.47620075807261 1.04256674047439 1.04256674047439 0.89637092968643 0.89637092968643 0.47967085111376 0.47967085111376 0.379696094554863 0.379696094554863 0.482147567589022 0.482147567589022 0.478130981505451 0.478130981505451 0.715018836705888 0.715018836705888 0.814888533703612 0.814888533703612 0.897899049295248 0.897899049295248 0.710263307551142 0.710263307551142 0.823731156742159 0.823731156742159 0.904437617774564 0.904437617774564 1.012866554824 1.012866554824 1.52471670181002 1.52471670181002 1.85622279647173 1.85622279647173 -9999 -9999 -9999 -9999 -9999 -9999 -9999 -9999 -9999 -9999 -9999 -9999
6.79229446291576 6.79229446291576 5.0130130412506 5.0130130412506 3.10805204430471 3.10805204430471 1.86173447041228 1.86173447041228 1.41635111192711 1.41635111192711 1.19009017132564 1.19009017132564 0.860042604051755 0.860042604051755 0.464284628918375 0.464284628918375 0.448118037065733 0.448118037065733 0.505787078874149 0.505787078874149 0.753771125493824 0.753771125493824 0.875493815592904 0.875493815592904 0.691711769382281 0.691711769382281 0.646803020214382 0.646803020214382 0.751318224027306 0.751318224027306 0.830365215420146 0.830365215420146 1.17767023543449 1.17767023543449 1.403633312181 1.403633312181 2.2202625478113 2.2202625478113 -9999 -9999 -9999 -9999 -9999 -9999 -9999 -9999 -9999 -9999 -9999 -9999 -9999 -9999
6.62518792482131 6.62518792482131 4.9184100920521 4.9184100920521 2.15934427329856 2.15934427329856 2.04255828793417 2.04255828793417 1.83560198726672 1.83560198726672 1.57690715564875 1.57690715564875 1.1438799234646 1.1438799234646 0.574280385065202 0.574280385065202 0.526924600313509 0.526924600313509 0.536782972285852 0.536782972285852 0.711134098160066 0.711134098160066 0.859354051259859 0.859354051259859 0.614352083966883 0.614352083966883 0.590486900407743 0.590486900407743 0.87928685493418 0.87928685493418 1.72927908842813 1.72927908842813 1.50685289089851 1.50685289089851 2.42906446374838 2.42906446374838 -9999 -9999 -9999 -9999 -9999 -9999 -9999 -9999 -9999 -9999 -9999 -9999 -9999 -9999 -9999 -9999
6.02704619091376 6.02704619091376 4.32845685759285 4.32845685759285 1.97875916419887 1.97875916419887 2.1131630086209 2.1131630086209 1.55452634438068 1.55452634438068 1.25651790766146 1.25651790766146 0.76249676124135 0.76249676124135 0.527504187174748 0.527504187174748 0.47276363889758 0.47276363889758 0.851091088038085 0.851091088038085 0.687565898847574 0.687565898847574 0.816546315684167 0.816546315684167 0.564004634575915 0.564004634575915 0.72516787273158 0.72516787273158 1.65465886212743 1.65465886212743 1.2681269579445 1.2681269579445 1.40748418098087 1.40748418098087 5.91792543339003 5.91792543339003 -9999 -9999 -9999 -9999 -9999 -9999 -9999 -9999 -9999 -9999 -9999 -9999 -9999 -9999 -9999 -9999
5.8764062744784 5.8764062744784 3.30738835320943 3.30738835320943 2.32390035702971 2.32390035702971 1.61539922992797 1.61539922992797 1.19612905589506 1.19612905589506 1.07384578344484 1.07384578344484 0.532042094248364 0.532042094248364 0.435126560716639 0.435126560716639 0.59576382355792 0.59576382355792 0.753220897804615 0.753220897804615 0.703646546337399 0.703646546337399 0.673230409239774 0.673230409239774 0.648646101770992 0.648646101770992 1.2234180395182 1.2234180395182 1.18450340110435 1.18450340110435 1.00441564732637 1.00441564732637 3.07680478238294 3.07680478238294 -9999 -9999 -9999 -9999 -9999 -9999 -9999 -9999 -9999 -9999 -9999 -9999 -9999 -9999 -9999 -9999 -9999 -9999
5.44280626512672 5.44280626512672 3.08944119441637 3.08944119441637 2.2584038861644 2.2584038861644 1.34956400151809 1.34956400151809 1.17879247685123 1.17879247685123 1.21589295869482 1.21589295869482 0.566070793290646 0.566070793290646 0.466728235509539 0.466728235509539 0.591615006133708 0.591615006133708 0.741302468197965 0.741302468197965 0.614224314880481 0.614224314880481 0.676032688832266 0.676032688832266 0.465997663367305 0.465997663367305 0.554514188455005 0.554514188455005 0.777515993834138 0.777515993834138 1.29117085563032 1.29117085563032 4.11504964464649 4.11504964464649 -9999 -9999 -9999 -9999 -9999 -9999 -9999 -9999 -9999 -9999 -9999 -9999 -9999 -9999 -9999 -9999 -9999 -9999
4.55471233283544 4.55471233283544 2.95875846750667 2.95875846750667 2.18747715807072 2.18747715807072 1.51996602519805 1.51996602519805 1.32558032712156 1.32558032712156 1.21710324729824 1.21710324729824 0.612796737393109 0.612796737393109 0.514918783605371 0.514918783605371 0.585753888434499 0.585753888434499 0.620565831190001 0.620565831190001 0.752147503022242 0.752147503022242 1.51443352987815 1.51443352987815 1.32504863026235 1.32504863026235 0.800449946977006 0.800449946977006 1.11970452876667 1.11970452876667 -9999 -9999 -9999 -9999 -9999 -9999 -9999 -9999 -9999 -9999 -9999 -9999 -9999 -9999 -9999 -9999 -9999 -9999 -9999 -9999 -9999 -9999
3.350849525855 3.350849525855 2.28482108726438 2.28482108726438 2.08369931063744 2.08369931063744 1.59484500163223 1.59484500163223 0.857901103538719 0.857901103538719 0.998529017853448 0.998529017853448 0.782629224389834 0.782629224389834 0.923388320892696 0.923388320892696 0.793850803132077 0.793850803132077 0.814507314007497 0.814507314007497 0.9253017388433 0.9253017388433 0.975957845532514 0.975957845532514 0.933802299531237 0.933802299531237 1.10412669989148 1.10412669989148 2.03153320520578 2.03153320520578 -9999 -9999 -9999 -9999 -9999 -9999 -9999 -9999 -9999 -9999 -9999 -9999 -9999 -9999 -9999 -9999 -9999 -9999 -9999 -9999 -9999 -9999
2.83488181582758 2.83488181582758 2.08926196980022 2.08926196980022 2.17670083715136 2.17670083715136 1.70341324024247 1.70341324024247 0.413864808073997 0.413864808073997 1.65700858926199 1.65700858926199 0.706007001642859 0.706007001642859 1.15580791600651 1.15580791600651 0.882747814931868 0.882747814931868 0.901947258276367 0.901947258276367 1.4332959759611 1.4332959759611 1.70556301096255 1.70556301096255 0.747140087673932 0.747140087673932 1.77282705751447 1.77282705751447 -9999 -9999 -9999 -9999 -9999 -9999 -9999 -9999 -9999 -9999 -9999 -9999 -9999 -9999 -9999 -9999 -9999 -9999 -9999 -9999 -9999 -9999 -9999 -9999
2.85273468330855 2.85273468330855 2.44305077652814 2.44305077652814 1.04699546277375 1.04699546277375 0.0863326848944204 0.0863326848944204 0.342279691407198 0.342279691407198 2.18389023939269 2.18389023939269 0.961278169792817 0.961278169792817 0.974570780807623 0.974570780807623 1.32274225553946 1.32274225553946 0.744905969543043 0.744905969543043 2.01695191324845 2.01695191324845 1.20085482339575 1.20085482339575 1.34247467808192 1.34247467808192 1.80860751533306 1.80860751533306 -9999 -9999 -9999 -9999 -9999 -9999 -9999 -9999 -9999 -9999 -9999 -9999 -9999 -9999 -9999 -9999 -9999 -9999 -9999 -9999 -9999 -9999 -9999 -9999
3.34321898518174 3.34321898518174 1.78202550748822 1.78202550748822 0.917426854423258 0.917426854423258 0.8485385716345 0.8485385716345 0.521491728619988 0.521491728619988 0.381630444383317 0.381630444383317 1.29804999183516 1.29804999183516 1.64516855939871 1.64516855939871 1.42619000606216 1.42619000606216 1.23087018979552 1.23087018979552 1.29722827098075 1.29722827098075 1.46475231100476 1.46475231100476 1.99970522431217 1.99970522431217 -9999 -9999 -9999 -9999 -9999 -9999 -9999 -9999 -9999 -9999 -9999 -9999 -9999 -9999 -9999 -9999 -9999 -9999 -9999 -9999 -9999 -9999 -9999 -9999 -9999 -9999
2.31932828093036 2.31932828093036 0.862484310769246 0.862484310769246 0.993146652417475 0.993146652417475 1.47565307945728 1.47565307945728 1.13642771657099 1.13642771657099 1.39902433402325 1.39902433402325 1.64043423414776 1.64043423414776 2.18256588852434 2.18256588852434 1.54605447785638 1.54605447785638 1.21934671180628 1.21934671180628 1.06357259964546 1.06357259964546 1.82288876064598 1.82288876064598 -9999 -9999 -9999 -9999 -9999 -9999 -9999 -9999 -9999 -9999 -9999 -9999 -9999 -9999 -9999 -9999 -9999 -9999 -9999 -9999 -9999 -9999 -9999 -9999 -9999 -9999 -9999 -9999
0.990551798162724 0.990551798162724 1.32222099272933 1.32222099272933 1.19582657610606 1.19582657610606 1.82558202486514 1.82558202486514 1.38204936897924 1.38204936897924 2.3237644579163 2.3237644579163 2.34557595481506 2.34557595481506 1.66153098318663 1.66153098318663 2.05874743311768 2.05874743311768 0.637255944277825 0.637255944277825 0.9851540806193 0.9851540806193 2.16993554142342 2.16993554142342 -9999 -9999 -9999 -9999 -9999 -9999 -9999 -9999 -9999 -9999 -9999 -9999 -9999 -9999 -9999 -9999 -9999 -9999 -9999 -9999 -9999 -9999 -9999 -9999 -9999 -9999 -9999 -9999
0.46021923992796 0.46021923992796 1.10584559965504 1.10584559965504 1.19491298364074 1.19491298364074 2.17772607179436 2.17772607179436 1.8400744377418 1.8400744377418 1.65060586652282 1.65060586652282 2.24699844548565 2.24699844548565 1.93525282748842 1.93525282748842 1.68601142435273 1.68601142435273 1.20775671457315 1.20775671457315 1.18514683783798 1.18514683783798 2.57222747047474 2.57222747047474 -9999 -9999 -9999 -9999 -9999 -9999 -9999 -9999 -9999 -9999 -9999 -9999 -9999 -9999 -9999 -9999 -9999 -9999 -9999 -9999 -9999 -9999 -9999 -9999 -9999 -9999 -9999 -9999
0.381126874121907 0.381126874121907 0.975701660198306 0.975701660198306 1.19947992247799 1.19947992247799 2.31747873047287 2.31747873047287 1.80031497526838 1.80031497526838 1.88332564484078 1.88332564484078 2.2976149196235 2.2976149196235 3.29008516124997 3.29008516124997 3.13769206014303 3.13769206014303 2.23444601826773 2.23444601826773 3.3457616000921 3.3457616000921 -9999 -9999 -9999 -9999 -9999 -9999 -9999 -9999 -9999 -9999 -9999 -9999 -9999 -9999 -9999 -9999 -9999 -9999 -9999 -9999 -9999 -9999 -9999 -9999 -9999 -9999 -9999 -9999 -9999 -9999
0.70932875935509 0.70932875935509 0.877778433465378 0.877778433465378 0.901004268457959 0.901004268457959 2.03347202439612 2.03347202439612 2.31748437826899 2.31748437826899 2.82538849327753 2.82538849327753 2.62758780570959 2.62758780570959 4.58443322797083 4.58443322797083 3.4064848880219 3.4064848880219 3.83611246106081 3.83611246106081 -9999 -9999 -9999 -9999 -9999 -9999 -9999 -9999 -9999 -9999 -9999 -9999 -9999 -9999 -9999 -9999 -9999 -9999 -9999 -9999 -9999 -9999 -9999 -9999 -9999 -9999 -9999 -9999 -9999 -9999 -9999 -9999
1.08008959604238 1.08008959604238 1.61915916315717 1.61915916315717 1.71731290000549 1.71731290000549 2.72405003437502 2.72405003437502 3.59308368031718 3.59308368031718 2.06801725117018 2.06801725117018 2.47118437484911 2.47118437484911 -9999 -9999 -9999 -9999 -9999 -9999 -9999 -9999 -9999 -9999 -9999 -9999 -9999 -9999 -9999 -9999 -9999 -9999 -9999 -9999 -9999 -9999 -9999 -9999 -9999 -9999 -9999 -9999 -9999 -9999 -9999 -9999 -9999 -9999 -9999 -9999 -9999 -9999
