data/emodnet/EMODnet_HA_cargo-all_europe-yearly-2021.asc
ncols        140
nrows        60
xllcorner    3.000000000000
yllcorner    53.000000000000
cellsize     0.050000000000
NODATA_value -9999
[rows 0 to 43 of 60, columns 0 to 95 of 140]
26 25 25 27 27 27 32 31 24 37 41 45 50 51 33 39 41 34 41 39 35 55 58 56 51 37 34 66 90 56 34 28 40 41 31 37 36 29 35 21 22 34 38 35 59 66 40 61 91 85 103 87 68 69 118 157 151 89 43 39 32 37 46 73 93 113 134 126 105 78 89 151 259 257 226 273 363 451 560 652 595 548 503 305 119 72 85 100 117 136 193 173 95 49 81 26
33 33 31 31 32 37 33 29 31 38 33 31 37 38 31 43 45 46 59 48 46 58 49 28 16 15 25 59 98 63 33 35 43 54 27 18 30 23 34 20 18 36 43 43 49 62 52 81 90 81 90 87 138 187 166 88 45 48 38 36 38 41 61 92 125 129 136 121 84 84 157 250 248 236 270 330 431 536 649 582 510 480 324 168 68 65 100 103 136 175 203 127 55 35 80 43
35 38 41 51 49 42 33 25 24 31 28 34 46 51 55 59 56 50 48 23 19 24 25 15 5 11 28 65 107 62 31 26 24 35 26 15 29 24 43 29 25 37 34 41 56 97 73 77 78 91 176 194 158 82 45 39 45 48 53 50 50 57 82 123 136 139 122 103 92 178 262 231 215 265 337 415 533 660 569 491 431 287 198 98 60 68 108 114 173 204 183 69 21 23 72 72
42 46 51 47 37 33 32 34 39 42 44 46 54 45 42 42 38 43 26 6 10 15 22 21 14 28 41 69 104 48 13 5 12 28 17 17 31 29 48 34 21 36 40 60 77 96 76 124 185 195 160 90 48 36 37 42 44 43 48 45 63 94 115 130 136 127 104 114 214 260 224 218 248 329 420 525 658 577 473 401 241 189 130 72 70 81 113 152 211 214 118 34 16 13 40 94
34 36 34 35 39 43 44 43 46 41 35 33 40 35 33 36 32 42 17 7 12 18 25 30 33 34 35 63 95 26 11 5 7 28 23 21 39 27 37 35 29 60 58 54 55 141 212 223 132 65 62 76 51 40 38 48 41 50 48 57 84 105 108 120 114 112 135 235 275 221 214 262 326 416 533 666 584 475 369 199 163 132 83 65 86 99 128 200 234 178 66 19 8 4 11 104
33 28 29 27 27 28 30 31 37 33 33 35 45 35 32 35 34 36 18 14 22 27 32 39 37 26 26 56 85 17 11 9 14 37 27 10 31 39 56 59 37 65 66 128 169 183 115 90 52 49 57 74 53 43 45 58 57 65 68 84 99 102 107 90 85 125 243 269 235 226 248 331 410 545 667 596 497 377 182 136 122 85 61 71 94 108 161 240 241 121 21 2 1 1 2 63
24 22 17 11 10 11 10 18 33 34 34 33 44 35 36 41 41 35 27 24 30 31 32 39 33 19 20 52 81 20 19 18 13 24 27 18 45 56 62 57 63 150 171 140 54 51 70 84 53 50 63 70 50 42 59 67 78 73 82 99 98 105 93 86 129 228 243 215 218 247 313 395 518 636 549 494 365 185 137 119 91 76 57 80 83 103 226 278 204 60 3 5 3 3 3 44
12 12 10 9 11 12 12 18 22 20 25 33 45 36 40 50 40 37 37 32 37 30 23 30 27 24 27 56 90 26 17 16 13 35 50 43 45 47 105 200 153 130 43 30 15 48 89 90 45 43 59 70 62 64 85 75 76 80 97 99 104 92 85 148 220 221 194 197 245 327 399 517 610 508 460 354 191 123 130 86 87 85 67 97 89 100 283 317 150 17 5 76 80 9 4 59
5 6 7 10 13 14 15 19 19 17 18 25 37 37 47 61 37 36 38 36 38 25 24 25 27 30 34 56 80 25 16 25 26 50 54 95 148 213 231 177 66 66 24 41 30 55 108 100 51 51 65 92 96 100 77 78 96 104 105 102 96 95 154 224 208 179 176 212 301 411 533 606 472 423 307 164 116 121 92 60 85 77 68 105 95 108 284 358 151 22 11 66 57 32 27 87
7 7 9 10 10 8 10 18 18 17 21 27 38 35 50 56 33 39 38 24 27 24 30 30 39 38 29 44 77 54 33 35 21 38 109 189 179 128 100 135 148 128 48 58 43 58 135 118 64 77 83 122 115 107 93 116 134 131 122 109 121 179 225 210 185 175 206 299 398 571 639 488 427 293 138 108 110 100 56 45 71 70 68 80 83 98 202 312 202 124 86 42 12 3 3 17
8 9 7 4 5 7 10 15 12 14 22 32 45 43 57 39 23 26 29 22 27 30 32 30 42 48 39 53 81 71 39 48 117 196 175 78 20 28 29 59 56 106 61 41 32 50 147 115 76 108 77 120 126 113 137 148 153 144 129 144 209 232 215 195 185 225 311 414 578 653 532 455 308 165 138 139 131 107 88 74 98 94 95 79 99 103 175 303 174 102 111 132 135 97 53 23
7 6 4 4 6 7 11 14 14 18 25 33 36 39 60 30 19 17 19 19 29 34 29 30 45 62 59 63 71 92 154 203 154 69 29 17 13 27 23 47 41 29 10 27 13 33 150 104 61 67 49 128 120 114 152 139 138 128 153 223 214 191 171 153 203 296 386 558 629 477 431 288 144 128 129 112 86 65 67 60 96 102 93 84 97 94 163 313 186 118 92 100 128 173 195 204
6 5 6 7 7 8 14 16 19 24 25 32 37 46 46 11 10 17 23 25 26 26 27 45 59 55 50 80 161 222 177 73 25 20 27 23 15 28 26 47 42 20 5 20 23 68 179 73 52 62 86 141 122 143 153 139 126 173 236 212 197 171 144 195 290 384 551 598 464 392 219 117 124 139 128 75 41 32 49 57 117 138 95 104 87 113 181 354 218 181 185 105 59 107 121 120
6 4 5 6 9 13 19 23 22 22 24 39 35 45 36 11 10 17 20 28 32 34 34 40 55 89 145 179 143 65 49 51 28 26 27 24 15 28 33 49 47 17 13 44 45 90 160 43 58 57 122 147 140 168 144 128 171 253 217 205 168 143 197 292 389 562 603 451 389 179 73 84 160 229 205 152 121 104 122 143 196 214 135 90 66 94 150 280 178 98 84 38 23 21 19 21
6 6 8 10 11 15 19 20 19 26 27 35 32 45 31 13 12 23 34 43 36 27 40 75 136 176 133 67 52 35 28 49 33 23 27 33 23 24 34 51 69 44 39 49 30 103 131 33 73 81 156 155 170 158 130 177 241 218 209 163 135 196 296 401 577 595 446 388 193 97 111 162 227 266 197 89 135 70 31 56 124 113 47 17 13 37 105 213 160 56 60 29 15 21 29 61
7 10 13 14 13 13 16 22 24 23 21 33 36 48 27 22 27 37 43 49 44 68 121 158 130 49 30 36 44 36 26 41 57 28 19 29 26 32 50 70 90 46 27 40 35 118 110 56 89 128 182 177 176 135 186 225 207 199 165 130 200 293 423 593 598 485 446 255 142 98 71 74 107 159 157 64 147 109 37 63 164 132 28 42 26 24 95 183 168 56 64 62 39 70 120 124
10 11 13 11 11 16 24 23 19 18 21 37 41 53 35 36 37 50 64 79 124 163 123 53 21 15 23 29 35 28 18 27 58 52 32 37 32 44 63 64 76 38 25 39 52 144 101 74 104 184 194 176 144 176 213 203 189 145 121 202 316 455 668 689 571 442 196 72 32 26 29 40 84 129 163 101 99 195 76 74 180 138 30 44 41 30 100 187 201 68 69 125 132 106 68 46
12 11 9 10 15 20 20 17 20 19 27 45 54 53 43 49 45 64 136 168 108 44 26 23 17 13 22 35 42 33 15 17 35 67 50 57 53 40 41 46 65 31 27 43 76 151 91 102 158 220 181 164 202 202 204 182 148 139 273 417 549 684 653 499 358 111 41 28 23 23 24 34 65 103 148 152 59 118 68 79 136 143 53 58 69 65 107 183 255 147 125 121 78 38 45 36
8 10 12 17 16 14 19 22 28 34 43 56 72 65 46 60 98 153 110 41 16 20 22 18 16 13 20 33 46 39 18 13 21 52 65 49 36 33 44 50 64 25 31 56 102 149 111 160 225 211 187 235 211 223 237 211 223 268 381 485 609 591 491 341 110 37 25 22 17 21 23 29 52 65 112 168 124 25 37 56 74 131 52 21 35 49 123 245 318 145 54 45 75 58 26 7
11 15 19 19 18 23 29 38 43 51 69 75 70 54 106 165 94 36 20 13 11 19 21 15 11 12 18 29 43 43 24 28 38 38 48 42 30 19 29 52 72 48 44 59 110 159 158 217 237 232 317 299 321 277 189 145 199 319 466 615 589 502 335 101 37 25 18 13 15 22 20 27 48 43 67 139 170 96 62 25 45 127 93 49 76 104 127 185 220 112 41 49 66 50 10 1
18 15 12 15 23 33 40 50 58 56 52 79 163 156 90 32 16 20 18 14 13 22 24 20 16 15 13 22 43 57 45 21 14 12 37 56 38 19 23 49 68 43 41 79 154 224 237 308 360 369 297 256 200 128 125 199 326 489 622 601 519 344 109 34 24 20 11 10 16 18 19 29 44 29 36 89 172 202 88 30 52 141 176 116 72 39 60 141 194 144 53 24 37 54 21 1
10 13 22 28 36 48 54 46 35 64 135 169 119 33 19 16 17 19 18 18 22 26 21 14 11 12 15 36 57 53 28 8 10 13 20 49 40 22 32 60 73 56 87 189 301 360 282 319 312 234 208 176 133 136 205 354 538 634 617 544 339 106 42 27 17 11 11 14 17 13 17 32 46 28 35 70 164 232 166 98 100 136 148 79 24 14 48 148 196 149 39 12 26 45 42 6
22 28 37 47 50 42 30 60 137 152 93 46 36 13 16 20 24 27 25 21 18 19 16 14 17 25 32 31 30 37 42 20 16 10 9 38 59 39 70 115 180 178 174 251 263 220 274 298 236 228 169 138 143 214 367 589 667 636 577 362 105 51 36 19 12 10 11 17 18 19 28 50 46 31 37 75 149 203 258 167 57 57 102 90 31 19 58 148 166 143 50 11 16 29 48 21
38 48 47 34 29 65 123 146 86 36 34 35 29 15 19 25 22 22 21 16 19 20 19 27 34 24 14 16 25 31 49 32 17 23 43 99 146 130 143 117 100 85 132 224 226 289 295 241 224 159 130 155 219 400 621 669 659 612 329 105 66 49 30 19 16 16 21 25 25 26 33 53 45 41 76 131 119 115 173 199 96 47 76 113 65 39 42 120 161 146 65 13 12 16 39 40
40 29 26 70 144 155 82 32 21 24 36 44 32 14 14 21 17 18 19 17 21 31 31 24 12 11 13 17 22 31 57 86 109 155 140 115 106 61 39 65 92 123 181 221 317 314 238 232 166 134 159 220 388 642 664 677 648 339 100 63 62 51 46 37 30 26 25 22 22 29 45 78 75 84 106 70 36 46 95 175 178 93 69 129 98 31 27 107 152 142 81 15 8 9 28 47
26 65 141 143 83 32 22 24 27 28 32 42 20 11 15 18 14 22 24 28 35 28 13 11 11 12 25 64 99 125 124 132 93 51 31 27 51 58 52 90 135 179 218 300 326 269 224 174 145 168 223 407 673 670 684 654 311 86 58 54 66 60 53 41 41 44 37 30 35 56 91 110 68 62 53 16 18 32 54 108 197 179 111 106 104 40 31 101 141 131 96 18 9 5 16 37
129 139 67 29 23 26 26 25 22 23 30 42 15 12 19 23 20 31 31 28 23 19 24 46 75 123 114 111 80 55 40 38 47 33 23 21 47 75 76 134 185 223 320 274 312 232 164 159 183 219 418 715 658 719 714 309 83 50 37 31 45 50 53 52 57 58 62 76 88 92 82 60 33 59 22 7 12 26 45 68 153 237 157 96 121 67 36 100 129 132 118 21 8 6 8 25
60 28 21 24 22 20 19 20 20 22 34 38 12 17 26 29 35 38 28 49 79 109 124 113 96 60 29 22 25 26 33 28 34 39 29 28 51 82 118 197 233 312 274 254 299 153 171 206 248 428 715 638 730 752 287 71 39 31 28 28 37 45 35 38 59 86 106 96 66 62 70 67 68 39 18 17 18 24 41 72 86 164 213 129 138 110 45 98 138 133 136 31 8 4 2 11
24 22 15 17 17 17 19 19 17 19 36 40 21 30 45 62 82 110 127 122 90 50 26 19 18 17 23 30 26 19 29 28 23 46 51 42 46 119 187 269 287 249 248 249 186 154 233 266 466 771 611 726 795 307 61 41 34 29 23 20 25 52 60 82 79 53 31 27 40 68 90 105 78 43 33 28 33 49 42 36 52 92 186 192 149 155 71 96 144 129 141 42 7 2 1 4
18 17 16 19 18 19 22 25 31 38 55 61 78 118 130 124 101 67 37 24 14 13 15 17 19 20 19 23 22 17 25 31 29 51 61 40 91 207 274 310 214 268 212 197 173 219 296 480 781 581 703 756 292 64 44 40 29 24 25 37 62 95 87 50 13 5 18 44 32 50 86 96 62 57 57 62 64 48 29 25 34 60 112 207 209 183 126 104 139 126 140 60 5 2 1 1
17 17 21 23 24 25 34 45 58 85 168 155 123 89 52 30 24 23 23 23 17 17 19 21 18 16 13 16 19 14 27 43 41 33 49 90 191 308 301 234 239 231 161 185 200 320 543 822 593 750 768 238 57 41 32 23 30 47 72 81 60 43 48 31 5 3 11 30 31 60 94 49 25 36 66 74 68 61 51 41 36 44 70 149 239 223 176 138 151 116 133 79 7 4 3 3
14 14 18 25 61 90 146 164 129 97 89 40 28 27 23 25 26 28 31 25 24 26 24 18 16 16 16 18 21 21 38 54 38 30 89 227 320 283 230 257 176 171 171 200 326 606 848 562 754 824 231 50 32 31 42 55 71 68 44 14 4 9 34 45 27 14 12 7 39 92 85 27 24 30 21 22 40 60 71 71 61 55 62 89 196 270 245 184 182 119 125 91 8 0 1 4
40 69 115 118 147 106 75 52 30 42 51 29 31 27 28 29 30 34 33 27 25 21 17 17 17 17 20 24 36 43 42 54 50 92 228 325 254 208 256 160 134 188 186 344 669 911 539 802 855 219 48 34 46 74 83 58 28 7 2 0 0 3 17 25 39 25 18 20 83 118 57 35 27 11 6 11 14 19 37 61 83 89 97 93 128 244 311 250 234 155 140 113 23 1 1 2
141 107 77 39 37 40 34 25 19 42 46 25 23 19 24 28 35 43 40 28 20 18 16 17 16 16 28 45 57 40 28 43 96 247 327 219 236 238 149 121 164 212 303 715 972 540 827 895 235 54 55 71 68 53 64 144 51 2 1 0 0 3 13 14 29 33 17 47 135 87 48 26 16 16 17 20 21 22 29 31 40 66 100 127 137 185 329 369 301 197 166 135 68 5 2 3
24 21 31 37 31 29 29 24 21 49 40 23 19 18 23 31 37 41 28 17 16 21 22 24 26 36 46 50 37 19 19 92 286 335 176 215 227 109 102 139 203 298 758 1018 539 905 914 240 86 83 71 42 24 20 63 199 62 5 3 2 3 5 13 11 15 39 43 115 136 39 11 6 7 7 11 15 18 20 26 31 37 42 44 63 101 147 290 470 434 242 201 142 116 35 5 3
21 31 24 20 19 24 24 16 19 49 35 25 21 20 32 41 40 33 24 22 21 21 17 18 29 39 36 27 28 24 78 291 333 148 189 243 74 67 102 170 295 763 1036 600 964 1021 258 79 49 24 13 17 21 22 25 40 54 29 22 25 27 30 42 49 60 95 218 253 160 115 111 109 103 130 128 138 138 135 132 124 129 134 166 176 178 187 233 468 690 524 351 265 191 117 41 5
23 20 20 22 22 24 21 11 23 50 34 27 26 26 30 39 46 31 19 14 12 12 18 32 37 27 18 21 31 89 329 324 117 101 277 116 49 42 82 278 786 980 523 1010 1082 227 41 14 9 12 22 33 44 55 82 111 172 199 189 205 231 215 275 281 283 294 469 412 279 264 262 269 270 277 269 264 262 262 268 300 259 251 256 260 257 256 248 281 775 868 644 460 503 393 254 86
15 18 16 16 18 22 18 10 32 56 48 42 33 23 21 35 34 16 8 5 6 18 30 29 18 8 10 23 102 364 293 75 53 225 252 51 26 25 111 914 1116 351 1048 1525 283 166 180 188 213 281 269 301 317 287 246 247 265 235 235 197 210 288 299 291 290 318 380 316 217 212 215 221 253 249 186 183 184 186 185 197 188 164 156 153 147 149 133 85 278 735 624 509 423 560 622 598
16 21 20 22 25 28 23 35 67 77 53 27 17 15 18 40 31 14 8 10 24 34 26 17 21 27 46 193 463 356 129 101 138 414 173 160 181 185 681 1712 515 656 2072 791 297 269 321 306 283 275 254 269 332 245 221 209 185 117 128 106 96 69 39 29 27 40 156 119 61 36 2 0 1 2 6 7 14 35 130 293 263 109 20 9 22 38 41 34 133 341 772 645 308 187 450 578
19 24 26 33 43 43 52 77 60 70 50 43 48 69 87 116 100 119 126 130 162 167 156 173 237 317 537 605 353 184 154 144 372 339 154 175 238 435 1832 1008 277 1412 1262 240 187 168 168 109 56 42 30 17 24 22 12 11 32 67 77 97 106 73 27 28 25 26 147 119 65 54 21 13 16 27 48 56 57 56 138 299 252 87 21 9 19 38 122 258 467 656 1062 1673 1847 1614 1330 1342
48 61 85 110 121 165 200 162 176 193 167 164 150 137 155 179 130 143 174 157 131 127 155 341 537 550 269 97 78 100 76 148 432 196 145 81 90 1132 1371 125 830 1714 244 34 34 39 40 37 34 38 40 32 20 14 9 7 10 18 23 35 57 42 32 27 13 8 122 144 108 112 210 225 100 58 39 19 16 24 85 149 187 266 467 811 1167 1316 1542 1688 1570 1365 1151 1352 1576 1422 606 666
200 205 203 187 216 194 113 91 124 138 107 123 130 127 111 117 110 99 81 62 89 313 530 378 146 23 8 3 3 5 96 442 323 64 11 10 575 1533 300 211 1716 666 37 22 23 24 29 36 49 52 45 39 43 37 32 27 26 26 32 37 47 57 31 34 7 2 102 155 56 71 98 107 112 180 336 605 883 1129 1363 1478 1503 1367 1059 925 865 662 455 481 717 956 1049 1343 1849 2334 2684 1841
93 58 71 140 116 51 50 91 144 84 49 36 17 13 30 35 28 21 90 282 407 289 112 7 0 1 2 2 24 221 470 275 39 13 8 213 1629 733 52 1139 1259 88 19 20 22 27 34 38 36 33 33 29 31 32 32 42 52 55 50 45 43 58 72 61 34 52 213 483 540 704 974 1207 1544 1531 1464 1398 1186 989 837 689 600 803 1005 1094 1246 1527 1654 1453 1223 1198 885 558 481 587 1201 1826
14 29 108 61 10 18 91 97 21 2 3 3 6 21 43 54 165 373 456 276 47 3 2 1 1 1 9 132 437 380 83 6 6 16 36 1178 1217 88 520 1870 348 23 25 29 32 31 26 25 26 33 30 30 27 32 33 32 29 30 35 49 86 185 471 808 1151 1439 1592 1785 1480 991 956 906 783 722 738 983 1340 1351 1551 1579 1466 1278 1066 693 385 341 235 111 60 43 41 41 39 30 31 103
